5 0.042708333333333334 0.0669921875 0.08541666666666667 0.048046875
5 0.825 0.0669921875 0.019444444444444445 0.019140625
14 0.45034722222222223 0.0669921875 0.7298611111111111 0.055078125
5 0.042708333333333334 0.1349609375 0.08541666666666667 0.048046875
5 0.825 0.1349609375 0.019444444444444445 0.019140625
14 0.45034722222222223 0.1349609375 0.7298611111111111 0.055078125
5 0.042708333333333334 0.2029296875 0.08541666666666667 0.048046875
5 0.825 0.2029296875 0.019444444444444445 0.019140625
14 0.45034722222222223 0.2029296875 0.7298611111111111 0.055078125
5 0.042708333333333334 0.2708984375 0.08541666666666667 0.048046875
5 0.825 0.2708984375 0.019444444444444445 0.019140625
14 0.45034722222222223 0.2708984375 0.7298611111111111 0.055078125
5 0.042708333333333334 0.3501953125 0.08541666666666667 0.048046875
5 0.825 0.3501953125 0.019444444444444445 0.019140625
14 0.45034722222222223 0.3501953125 0.7298611111111111 0.055078125
4 0.9222222222222223 0.0734375 0.09722222222222222 0.0546875
14 0.8541666666666666 0.1140625 0.0 0.0
4 0.8541666666666666 0.1140625 0.0 0.0
5 0.9413194444444445 0.10234375 0.052083333333333336 -0.0234375
5 0.8541666666666666 0.1140625 0.0 0.0
14 0.8541666666666666 0.1140625 0.0 0.0
14 0.8541666666666666 0.1140625 0.0 0.0
5 0.9270833333333334 0.2861328125 0.14583333333333334 0.316796875
14 0.9270833333333334 0.3380859375 0.14583333333333334 0.042578125
14 0.9270833333333334 0.3806640625 0.14583333333333334 0.042578125
14 0.9270833333333334 0.4232421875 0.14583333333333334 0.042578125
5 0.9270833333333334 0.6166015625 0.14583333333333334 0.316796875
14 0.9270833333333334 0.6685546875 0.14583333333333334 0.042578125
14 0.9270833333333334 0.7111328125 0.14583333333333334 0.042578125
14 0.9270833333333334 0.7537109375 0.14583333333333334 0.042578125
5 0.9270833333333334 0.8615234375 0.14583333333333334 0.145703125
14 0.9270833333333334 0.9560546875 0.14583333333333334 -0.043359375
