14 0.5194444444444445 0.55859375 0.9611111111111111 0.0625
5 0.0 0.52734375 0.0 0.0
14 0.0 0.52734375 0.0 0.0
5 0.15416666666666667 0.64453125 0.11666666666666667 0.065625
14 0.15381944444444445 0.71640625 0.12708333333333333 0.04765625
5 0.38472222222222224 0.64453125 0.11666666666666667 0.065625
14 0.384375 0.71640625 0.07291666666666667 0.04765625
5 0.6152777777777778 0.64453125 0.11666666666666667 0.065625
14 0.6149305555555555 0.71640625 0.14375 0.04765625
5 0.8458333333333333 0.64453125 0.11666666666666667 0.065625
14 0.8454861111111112 0.71640625 0.18541666666666667 0.04765625
5 0.15416666666666667 0.816796875 0.11666666666666667 0.065625
14 0.15381944444444445 0.888671875 0.12569444444444444 0.04765625
5 0.0 0.762109375 0.0 0.0
14 0.0 0.762109375 0.0 0.0
5 0.0 0.762109375 0.0 0.0
14 0.0 0.762109375 0.0 0.0
5 0.0 0.762109375 0.0 0.0
14 0.0 0.762109375 0.0 0.0
