5 0.0 0.175 0.0 0.0
14 0.0 0.175 0.0 0.0
14 0.26006944444444446 0.2134765625 0.44513888888888886 0.040234375
14 0.26006944444444446 0.246484375 0.44513888888888886 0.02578125
0 0.25625 0.2265625 0.4875 0.0890625
14 0.7475694444444444 0.2134765625 0.44513888888888886 0.040234375
14 0.7475694444444444 0.246484375 0.44513888888888886 0.02578125
0 0.74375 0.2265625 0.4875 0.0890625
14 0.26006944444444446 0.305859375 0.44513888888888886 0.02578125
14 0.26006944444444446 0.3326171875 0.44513888888888886 0.027734375
0 0.25625 0.319921875 0.4875 0.0890625
14 0.7475694444444444 0.305859375 0.44513888888888886 0.02578125
14 0.7475694444444444 0.3326171875 0.44513888888888886 0.027734375
0 0.74375 0.319921875 0.4875 0.0890625
14 0.5038194444444445 0.39921875 0.9326388888888889 0.02578125
14 0.5038194444444445 0.4259765625 0.9326388888888889 0.027734375
0 0.5 0.41328125 0.975 0.0890625
14 0.0125 0.36875 0.0 0.0
11 0.0125 0.36875 0.0 0.0
11 0.0125 0.36875 0.0 0.0
5 0.0125 0.36875 0.0 0.0
14 0.0125 0.36875 0.0 0.0
5 0.0125 0.36875 0.0 0.0
14 0.0125 0.36875 0.0 0.0
1 0.26006944444444446 0.509765625 0.44513888888888886 0.034375
14 0.74375 0.49140625 0.42916666666666664 0.02578125
14 0.6854166666666667 0.530859375 0.2638888888888889 0.02578125
10 0.74375 0.530859375 0.42916666666666664 0.053125
10 0.74375 0.509765625 0.4875 0.0953125
0 0.5 0.6109375 0.8527777777777777 0.07109375
14 0.44756944444444446 0.6865234375 0.8701388888888889 0.052734375
4 0.9350694444444444 0.6865234375 0.05625 0.031640625
14 0.1638888888888889 0.746484375 0.22916666666666666 0.02578125
5 0.3128472222222222 0.7462890625 0.034027777777777775 0.009765625
14 0.45868055555555554 0.746484375 0.22291666666666668 0.02578125
14 0.16006944444444443 0.772265625 0.22152777777777777 0.02421875
5 0.30625 0.772265625 0.07083333333333333 0.01796875
14 0.35138888888888886 0.772265625 0.019444444444444445 0.02578125
14 0.0125 0.712890625 0.0 0.0
5 0.0125 0.712890625 0.0 0.0
14 0.21944444444444444 0.0708984375 0.14722222222222223 0.036328125
4 0.06805555555555555 0.07109375 0.1361111111111111 0.0765625
14 0.1684027777777778 0.1421875 0.12986111111111112 0.02578125
14 0.5020833333333333 0.1421875 0.14583333333333334 0.02578125
14 0.8364583333333333 0.1421875 0.19791666666666666 0.02578125
