14 0.33958333333333335 0.0708984375 0.32916666666666666 0.036328125
4 0.06805555555555555 0.07109375 0.1361111111111111 0.0765625
14 0.28888888888888886 0.3046875 0.48055555555555557 0.04375
14 0.28888888888888886 0.3484375 0.48055555555555557 0.04375
14 0.28888888888888886 0.3923828125 0.48055555555555557 0.044140625
14 0.5795138888888889 0.3046875 0.08263888888888889 0.04375
14 0.5795138888888889 0.3484375 0.08263888888888889 0.04375
14 0.575 0.3923828125 0.09166666666666666 0.044140625
5 0.8256944444444444 0.09140625 0.0875 -0.0359375
14 0.8256944444444444 0.1017578125 0.059722222222222225 -0.015234375
14 0.8256944444444444 0.1146484375 0.058333333333333334 0.010546875
14 0.8260416666666667 0.1328125 0.13402777777777777 0.02578125
5 0.8256944444444444 0.21015625 0.0875 0.04921875
14 0.8260416666666667 0.242578125 0.1326388888888889 0.02578125
14 0.8256944444444444 0.268359375 0.175 0.02578125
5 0.8815972222222223 0.1923828125 0.024305555555555556 0.013671875
5 0.8256944444444444 0.345703125 0.0875 0.04921875
14 0.8260416666666667 0.378125 0.06041666666666667 0.02578125
14 0.8256944444444444 0.40390625 0.175 0.02578125
5 0.8815972222222223 0.3279296875 0.024305555555555556 0.013671875
0 0.1753472222222222 0.4765625 0.1951388888888889 0.03828125
0 0.3802083333333333 0.4765625 0.1951388888888889 0.03828125
0 0.5850694444444444 0.4765625 0.1951388888888889 0.03828125
0 0.7902777777777777 0.4765625 0.19583333333333333 0.03828125
5 0.9416666666666667 0.468359375 0.07777777777777778 0.04375
5 0.0 0.112109375 0.0 0.15859375
5 0.0 0.112109375 0.0 0.15859375
14 0.0 0.23515625 0.0 0.065625
14 0.0 0.51015625 0.0 0.065625
14 0.0 0.85078125 0.0 0.065625
