14 0.45625 0.0583984375 0.6208333333333333 0.028515625
14 0.45625 0.0865234375 0.6208333333333333 0.022265625
4 0.06805555555555555 0.07109375 0.1361111111111111 0.0765625
5 0.12465277777777778 0.1419921875 0.06319444444444444 0.035546875
5 0.3746527777777778 0.1419921875 0.06319444444444444 0.035546875
5 0.6246527777777777 0.1419921875 0.06319444444444444 0.035546875
5 0.8746527777777777 0.1419921875 0.06319444444444444 0.035546875
14 0.31875 0.2146484375 0.6375 0.038671875
14 0.3284722222222222 0.255859375 0.5694444444444444 0.0296875
14 0.7086805555555555 0.219140625 0.12986111111111112 0.02578125
14 0.8965277777777778 0.21796875 0.20694444444444443 0.0296875
5 0.6545138888888888 0.255859375 0.034027777777777775 0.021875
5 0.6885416666666667 0.255859375 0.034027777777777775 0.021875
5 0.7225694444444445 0.255859375 0.034027777777777775 0.021875
5 0.7565972222222223 0.255859375 0.034027777777777775 0.021875
14 0.8965277777777778 0.255859375 0.20694444444444443 0.0296875
11 0.5 0.48359375 1.0 0.9015625
14 0.5 0.3876953125 0.8541666666666666 0.109765625
5 0.4996527777777778 0.8265625 0.2048611111111111 0.1609375
