5 0.34930555555555554 0.312109375 0.40694444444444444 0.28515625
5 0.42777777777777776 0.6935546875 0.8555555555555555 0.123046875
5 0.39791666666666664 0.6443359375 0.7958333333333333 0.221484375
5 0.5 0.63984375 1.0 0.23046875
5 0.39861111111111114 0.596875 0.7972222222222223 0.31640625
5 0.42777777777777776 0.5646484375 0.8555555555555555 0.138671875
5 0.39791666666666664 0.6443359375 0.7958333333333333 0.221484375
5 0.5 0.63984375 1.0 0.23046875
5 0.21458333333333332 0.281640625 0.35138888888888886 0.3609375
5 0.8027777777777778 0.25703125 0.3888888888888889 0.14765625
5 0.05625 0.7853515625 0.009722222222222222 0.008984375
14 0.521875 0.7966796875 0.8631944444444445 0.048046875
0 0.5 0.8712890625 0.9263888888888889 0.057421875
