5 0.5 0.13671875 1.0 0.2734375
5 0.44479166666666664 0.2529296875 0.27847222222222223 0.101171875
5 0.44479166666666664 0.2529296875 0.27847222222222223 0.101171875
5 0.5 0.2529296875 0.3888888888888889 0.117578125
14 0.4704861111111111 0.3283203125 0.09236111111111112 0.028515625
14 0.45208333333333334 0.3283203125 0.06111111111111111 0.028515625
14 0.4996527777777778 0.3283203125 0.20069444444444445 0.033203125
14 0.14618055555555556 0.45546875 0.2923611111111111 0.0875
14 0.15416666666666667 0.45546875 0.30833333333333335 0.0875
14 0.4996527777777778 0.45546875 0.45208333333333334 0.0875
14 0.13194444444444445 0.5171875 0.2638888888888889 0.04375
14 0.09756944444444444 0.5171875 0.1951388888888889 0.04375
14 0.4996527777777778 0.5171875 0.44513888888888886 0.04375
14 0.09791666666666667 0.603125 0.19583333333333333 0.0703125
14 0.11631944444444445 0.603125 0.2326388888888889 0.0703125
14 0.4996527777777778 0.6142578125 0.5131944444444444 0.092578125
7 0.4222222222222222 0.7453125 0.03888888888888889 0.02578125
7 0.5 0.7453125 0.11666666666666667 0.02578125
7 0.5777777777777777 0.7453125 0.03888888888888889 0.02578125
0 0.5 0.893359375 1.0 0.08203125
5 0.5 0.0962890625 0.3277777777777778 0.069921875
14 0.28402777777777777 0.5984375 0.5680555555555555 0.059375
0 0.5 0.893359375 1.0 0.08203125
