5 0.16979166666666667 0.0646484375 0.2659722222222222 0.041015625
4 0.9434027777777778 0.0646484375 0.11319444444444444 0.063671875
4 0.8302083333333333 0.0646484375 0.11319444444444444 0.063671875
4 0.7170138888888888 0.0646484375 0.11319444444444444 0.063671875
3 0.30069444444444443 0.064453125 0.5472222222222223 0.0390625
4 0.6100694444444444 0.064453125 0.07152777777777777 0.0390625
4 0.9458333333333333 0.064453125 0.09861111111111111 0.0390625
5 0.012847222222222222 0.1205078125 0.025694444444444443 0.013671875
14 0.43993055555555555 0.120703125 0.7548611111111111 0.02578125
14 0.5 0.173828125 1.0 0.02578125
14 0.5 0.2328125 1.0 0.02578125
