5 0.5 0.4650390625 0.3111111111111111 0.107421875
14 0.4996527777777778 0.542578125 0.28541666666666665 0.02578125
14 0.5 0.448046875 0.9125 0.08125
14 0.15347222222222223 0.51171875 0.2152777777777778 0.02578125
14 0.5 0.88203125 0.9125 0.08125
14 0.16319444444444445 0.93359375 0.23472222222222222 0.0015625
14 0.34930555555555554 0.0708984375 0.40694444444444444 0.036328125
4 0.06805555555555555 0.07109375 0.1361111111111111 0.0765625
0 0.9513888888888888 0.07109375 0.09722222222222222 0.065625
5 0.3888888888888889 0.065625 0.7777777777777778 0.13125
14 0.43020833333333336 0.069140625 0.4326388888888889 0.02578125
14 0.43020833333333336 0.094921875 0.4326388888888889 0.02578125
5 0.06805555555555555 0.1640625 0.058333333333333334 0.065625
14 0.45694444444444443 0.1640625 0.5638888888888889 0.02578125
5 0.06805555555555555 0.2296875 0.058333333333333334 0.065625
14 0.44722222222222224 0.2296875 0.5444444444444444 0.02578125
14 0.7388888888888889 0.2296875 0.0 0.065625
5 0.06805555555555555 0.2953125 0.058333333333333334 0.065625
14 0.44722222222222224 0.2953125 0.5444444444444444 0.02578125
14 0.7388888888888889 0.2953125 0.0 0.065625
5 0.06805555555555555 0.3609375 0.058333333333333334 0.065625
14 0.44722222222222224 0.3609375 0.5444444444444444 0.02578125
14 0.7388888888888889 0.3609375 0.0 0.065625
5 0.06805555555555555 0.45 0.058333333333333334 0.065625
14 0.44722222222222224 0.45 0.5444444444444444 0.02578125
14 0.7388888888888889 0.45 0.0 0.065625
5 0.06805555555555555 0.515625 0.058333333333333334 0.065625
14 0.44722222222222224 0.515625 0.5444444444444444 0.02578125
14 0.7388888888888889 0.515625 0.0 0.065625
5 0.06805555555555555 0.58125 0.058333333333333334 0.065625
14 0.44722222222222224 0.58125 0.5444444444444444 0.02578125
14 0.7388888888888889 0.58125 0.0 0.065625
5 0.06805555555555555 0.646875 0.058333333333333334 0.065625
14 0.44722222222222224 0.646875 0.5444444444444444 0.02578125
14 0.7388888888888889 0.646875 0.0 0.065625
