5 0.06979166666666667 0.144921875 0.04236111111111111 0.0390625
14 0.18020833333333333 0.1447265625 0.15347222222222223 0.052734375
5 0.9465277777777777 0.201953125 0.0 0.0
5 0.0875 0.201953125 0.06805555555555555 0.03828125
14 0.5486111111111112 0.201953125 0.7958333333333333 0.0390625
5 0.9465277777777777 0.26171875 0.0 0.0
5 0.0875 0.26171875 0.06805555555555555 0.03828125
14 0.5486111111111112 0.26171875 0.7958333333333333 0.0390625
5 0.9465277777777777 0.321484375 0.0 0.0
5 0.0875 0.321484375 0.06805555555555555 0.03828125
14 0.5486111111111112 0.321484375 0.7958333333333333 0.0390625
5 0.9465277777777777 0.38125 0.0 0.0
5 0.0875 0.38125 0.06805555555555555 0.03828125
14 0.5486111111111112 0.38125 0.7958333333333333 0.0390625
5 0.06979166666666667 0.50703125 0.04236111111111111 0.0390625
14 0.20590277777777777 0.5068359375 0.2048611111111111 0.052734375
5 0.8916666666666667 0.545703125 0.0 0.0
14 0.9190972222222222 0.563671875 0.05486111111111111 0.0359375
5 0.0875 0.5640625 0.06805555555555555 0.03828125
14 0.5211805555555555 0.5640625 0.7409722222222223 0.0390625
5 0.8916666666666667 0.60546875 0.0 0.0
14 0.9190972222222222 0.6234375 0.05486111111111111 0.0359375
5 0.0875 0.623828125 0.06805555555555555 0.03828125
14 0.5211805555555555 0.623828125 0.7409722222222223 0.0390625
5 0.8916666666666667 0.665234375 0.0 0.0
14 0.9190972222222222 0.683203125 0.05486111111111111 0.0359375
5 0.0875 0.68359375 0.06805555555555555 0.03828125
14 0.5211805555555555 0.68359375 0.7409722222222223 0.0390625
5 0.8916666666666667 0.725 0.0 0.0
14 0.9190972222222222 0.74296875 0.05486111111111111 0.0359375
5 0.0875 0.743359375 0.06805555555555555 0.03828125
14 0.5211805555555555 0.743359375 0.7409722222222223 0.0390625
5 0.8916666666666667 0.784765625 0.0 0.0
14 0.9190972222222222 0.802734375 0.05486111111111111 0.0359375
5 0.0875 0.803125 0.06805555555555555 0.03828125
14 0.5211805555555555 0.803125 0.7409722222222223 0.0390625
5 0.02013888888888889 0.065625 0.04027777777777778 0.02265625
5 0.07083333333333333 0.065625 0.07916666666666666 0.04375
14 0.17291666666666666 0.0654296875 0.10555555555555556 0.033203125
