5 0.5 0.48359375 1.0 0.9015625
5 0.08159722222222222 0.09140625 0.08541666666666667 0.034375
0 0.08784722222222222 0.09140625 0.09791666666666667 0.06484375
5 0.9076388888888889 0.09140625 0.058333333333333334 0.0328125
5 0.4996527777777778 0.0787109375 0.6479166666666667 0.048046875
14 0.5 0.115625 0.7666666666666667 0.02578125
14 0.0 0.0328125 0.0 0.0
5 0.0 0.0328125 0.0 0.0
5 0.5 0.865625 1.0 0.00078125
7 0.0 0.865234375 0.0 0.0
7 0.0 0.865234375 0.0 0.0
7 0.0 0.865234375 0.0 0.0
7 0.0 0.865234375 0.0 0.0
5 0.0 0.1326171875 0.0 0.199609375
14 0.5 0.0626953125 0.4930555555555556 0.032421875
14 0.4996527777777778 0.0935546875 0.35625 0.029296875
11 0.5 0.173046875 1.0 0.05859375
11 0.5 0.231640625 1.0 0.05859375
11 0.5 0.290234375 1.0 0.05859375
14 0.5 0.34609375 1.0 0.05
14 0.5 0.42265625 1.0 0.0890625
14 0.5 0.51171875 1.0 0.0890625
14 0.5 0.60078125 1.0 0.0890625
0 0.5 0.896484375 1.0 0.07578125
