4 0.10520833333333333 0.07109375 0.21041666666666667 0.0765625
5 0.9222222222222223 0.07109375 0.058333333333333334 0.0328125
5 0.029166666666666667 0.14609375 0.058333333333333334 0.0734375
5 0.16770833333333332 0.14609375 0.21875 0.0734375
5 0.38645833333333335 0.14609375 0.21875 0.0734375
5 0.6052083333333333 0.14609375 0.21875 0.0734375
5 0.8239583333333333 0.14609375 0.21875 0.0734375
5 0.9666666666666667 0.14609375 0.06666666666666667 0.0734375
14 0.0 0.0328125 0.0 0.0
5 0.0 0.0328125 0.0 0.0
5 0.5 0.55859375 0.6611111111111111 0.44375
14 0.25625 0.5068359375 0.4625 0.043359375
5 0.25625 0.672265625 0.4625 0.26015625
14 0.74375 0.5068359375 0.4625 0.043359375
5 0.74375 0.672265625 0.4625 0.26015625
14 0.25625 0.8376953125 0.4625 0.043359375
5 0.25625 0.9037109375 0.4625 0.061328125
14 0.74375 0.8376953125 0.4625 0.043359375
5 0.74375 0.9037109375 0.4625 0.061328125
14 1.0 0.5296875 0.0 0.0296875
14 1.0 0.5671875 0.0 0.03125
6 1.0 0.61015625 0.0 0.0
14 1.0 0.61015625 0.0 0.0
5 1.0 0.61015625 0.0 0.0
14 1.0 0.61015625 0.0 0.0
14 1.0 0.61015625 0.0 0.0
14 0.0 0.0328125 0.0 0.0
14 0.0 0.0328125 0.0 0.0
