14 0.0 0.1326171875 0.0 0.068359375
14 0.16666666666666666 0.1326171875 0.3333333333333333 0.068359375
14 0.5 0.1326171875 0.3333333333333333 0.068359375
14 0.8333333333333334 0.1326171875 0.3333333333333333 0.068359375
14 1.0 0.1326171875 0.0 0.068359375
5 0.12083333333333333 0.1326171875 0.24166666666666667 0.068359375
5 0.8795138888888889 0.1326171875 0.24097222222222223 0.068359375
5 0.9392361111111112 0.89609375 0.12152777777777778 0.0765625
14 0.0 0.183984375 0.0 0.034375
14 0.5 0.183984375 1.0 0.034375
5 0.084375 0.19296875 0.052083333333333336 -0.01640625
14 0.5 0.1919921875 0.27361111111111114 -0.018359375
5 0.0 0.201171875 0.0 0.0
14 0.0 0.201171875 0.0 0.0
14 0.09236111111111112 0.230078125 0.0875 0.02578125
14 0.09236111111111112 0.255859375 0.12638888888888888 0.02578125
5 0.2777777777777778 0.229296875 0.04861111111111111 0.02734375
14 0.5194444444444445 0.229296875 0.43472222222222223 0.02734375
5 0.2777777777777778 0.256640625 0.04861111111111111 0.02734375
14 0.5194444444444445 0.256640625 0.43472222222222223 0.02734375
14 0.09236111111111112 0.312890625 0.0875 0.02578125
14 0.09236111111111112 0.338671875 0.12638888888888888 0.02578125
5 0.2777777777777778 0.312109375 0.04861111111111111 0.02734375
14 0.5194444444444445 0.312109375 0.43472222222222223 0.02734375
5 0.2777777777777778 0.339453125 0.04861111111111111 0.02734375
14 0.5194444444444445 0.339453125 0.43472222222222223 0.02734375
14 0.09236111111111112 0.395703125 0.0875 0.02578125
14 0.09236111111111112 0.421484375 0.12638888888888888 0.02578125
5 0.2777777777777778 0.394921875 0.04861111111111111 0.02734375
14 0.5194444444444445 0.394921875 0.43472222222222223 0.02734375
5 0.2777777777777778 0.422265625 0.04861111111111111 0.02734375
14 0.5194444444444445 0.422265625 0.43472222222222223 0.02734375
14 0.09236111111111112 0.478515625 0.0875 0.02578125
14 0.09270833333333334 0.504296875 0.12708333333333333 0.02578125
5 0.2777777777777778 0.477734375 0.04861111111111111 0.02734375
14 0.5194444444444445 0.477734375 0.43472222222222223 0.02734375
5 0.2777777777777778 0.505078125 0.04861111111111111 0.02734375
14 0.5194444444444445 0.505078125 0.43472222222222223 0.02734375
14 0.09236111111111112 0.561328125 0.0875 0.02578125
14 0.09270833333333334 0.587109375 0.12708333333333333 0.02578125
5 0.2777777777777778 0.560546875 0.04861111111111111 0.02734375
14 0.5194444444444445 0.560546875 0.43472222222222223 0.02734375
5 0.2777777777777778 0.587890625 0.04861111111111111 0.02734375
14 0.5194444444444445 0.587890625 0.43472222222222223 0.02734375
14 0.09236111111111112 0.644140625 0.0875 0.02578125
14 0.09270833333333334 0.669921875 0.12708333333333333 0.02578125
5 0.2777777777777778 0.643359375 0.04861111111111111 0.02734375
14 0.5194444444444445 0.643359375 0.43472222222222223 0.02734375
5 0.2777777777777778 0.670703125 0.04861111111111111 0.02734375
14 0.5194444444444445 0.670703125 0.43472222222222223 0.02734375
14 0.09236111111111112 0.726953125 0.0875 0.02578125
14 0.09270833333333334 0.752734375 0.12708333333333333 0.02578125
5 0.2777777777777778 0.593359375 0.04861111111111111 0.02734375
14 0.5194444444444445 0.726171875 0.43472222222222223 0.02734375
5 0.2777777777777778 0.753515625 0.04861111111111111 0.02734375
14 0.5194444444444445 0.753515625 0.43472222222222223 0.02734375
14 0.09236111111111112 0.7931640625 0.0875 -0.007421875
14 0.09270833333333334 0.8060546875 0.12708333333333333 -0.033203125
5 0.2777777777777778 0.7923828125 0.04861111111111111 -0.005859375
14 0.5194444444444445 0.7923828125 0.43472222222222223 -0.005859375
5 0.2777777777777778 0.8060546875 0.04861111111111111 -0.033203125
14 0.5194444444444445 0.8060546875 0.43472222222222223 -0.033203125
14 1.0 0.183984375 0.0 0.034375
5 1.0 0.201171875 0.0 0.0
14 1.0 0.201171875 0.0 0.0
5 1.0 0.450390625 0.0 0.0
14 1.0 0.450390625 0.0 0.0
5 0.09340277777777778 0.065625 0.12708333333333333 0.04375
14 0.2552083333333333 0.0650390625 0.15763888888888888 0.044921875
10 0.3857638888888889 0.065625 0.43819444444444444 0.065625
