14 0.0 0.0 0.0 0.0
5 0.0 0.0 0.0 0.0
5 0.0 0.0 0.0 0.0
14 0.0 0.0 0.0 0.0
5 0.0 0.0 0.0 0.0
5 0.0 0.0 0.0 0.0
14 0.0 0.0 0.0 0.0
5 0.0 0.0 0.0 0.0
5 0.0 0.0 0.0 0.0
14 0.0 0.0 0.0 0.0
5 0.0 0.0 0.0 0.0
5 0.0 0.0 0.0 0.0
14 0.0 0.0 0.0 0.0
5 0.0 0.0 0.0 0.0
5 0.0 0.0 0.0 0.0
14 0.0 0.0 0.0 0.0
5 0.0 0.0 0.0 0.0
5 0.0 0.0 0.0 0.0
14 0.0 0.0 0.0 0.0
5 0.0 0.0 0.0 0.0
5 0.0 0.0 0.0 0.0
14 0.0 0.0 0.0 0.0
5 0.0 0.0 0.0 0.0
5 0.0 0.0 0.0 0.0
14 0.0 0.0 0.0 0.0
5 0.0 0.0 0.0 0.0
5 0.0 0.0 0.0 0.0
14 0.0 0.0 0.0 0.0
5 0.0 0.0 0.0 0.0
5 0.0 0.0 0.0 0.0
14 0.0 0.0 0.0 0.0
5 0.0 0.0 0.0 0.0
5 0.0 0.0 0.0 0.0
14 0.0 0.0 0.0 0.0
5 0.0 0.0 0.0 0.0
5 0.0 0.0 0.0 0.0
4 0.0 0.0 0.0 0.0
4 0.0 0.0 0.0 0.0
4 0.0 0.0 0.0 0.0
5 0.0763888888888889 0.035546875 0.07777777777777778 0.04375
5 0.0763888888888889 0.035546875 0.10694444444444444 0.04375
4 0.825 0.035546875 0.11666666666666667 0.07109375
4 0.9416666666666667 0.035546875 0.11666666666666667 0.07109375
