14 0.21006944444444445 0.0708984375 0.1284722222222222 0.036328125
4 0.06805555555555555 0.07109375 0.1361111111111111 0.0765625
14 0.0 0.0328125 0.0 0.0
5 0.08541666666666667 0.8439453125 0.14583333333333334 0.030078125
5 0.0 0.109375 0.0 0.0
5 0.0 0.109375 0.0 0.0
5 0.0 0.109375 0.0 0.0
5 0.0 0.109375 0.0 0.0
5 0.5 0.4876953125 1.0 0.756640625
5 0.6461805555555555 0.1650390625 0.7076388888888889 0.064453125
0 0.11180555555555556 0.78671875 0.1361111111111111 0.0765625
0 0.8881944444444444 0.78671875 0.1361111111111111 0.0765625
0 0.8881944444444444 0.6828125 0.1361111111111111 0.0765625
5 0.0 0.0328125 0.0 0.0
14 0.0 0.0328125 0.0 0.0
14 0.0 0.0328125 0.0 0.0
14 0.0 0.0328125 0.0 0.0
9 0.0 0.0328125 0.0 0.0
14 0.0 0.0328125 0.0 0.0
5 0.0 0.0328125 0.0 0.0
5 0.0 0.0328125 0.0 0.0
5 0.0 0.0328125 0.0 0.0
