14 0.4986111111111111 0.061328125 0.8805555555555555 -0.09609375
14 0.4986111111111111 0.077734375 0.8805555555555555 -0.06328125
14 0.4986111111111111 0.0927734375 0.8805555555555555 -0.033203125
5 0.5 0.2712890625 0.8777777777777778 0.277734375
5 0.5 0.255859375 0.09722222222222222 0.0546875
14 0.5 0.2982421875 0.08611111111111111 0.030078125
14 0.5 0.458203125 0.7555555555555555 0.05234375
5 0.5 0.8982421875 0.8777777777777778 0.072265625
5 0.5 0.8873046875 1.0 0.094140625
14 0.5 0.9 0.3416666666666667 0.02578125
5 0.7211805555555556 0.9 0.027083333333333334 0.0125
4 0.06805555555555555 0.07109375 0.1361111111111111 0.0765625
0 0.9513888888888888 0.07109375 0.09722222222222222 0.065625
