14 0.24965277777777778 0.0708984375 0.14930555555555555 0.036328125
4 0.06805555555555555 0.07109375 0.1361111111111111 0.0765625
5 0.5 0.1708984375 0.6472222222222223 0.058203125
14 0.5 0.24296875 0.9027777777777778 0.07578125
3 0.5 0.3265625 0.9027777777777778 0.06171875
3 0.5 0.403125 0.9027777777777778 0.06171875
0 0.5 0.4875 0.9027777777777778 0.065625
0 0.4996527777777778 0.566796875 0.3840277777777778 0.065625
14 0.38993055555555556 0.6458984375 0.23819444444444443 0.048046875
5 0.5760416666666667 0.6458984375 0.08541666666666667 0.048046875
5 0.6857638888888888 0.6458984375 0.08541666666666667 0.048046875
0 0.5 0.73046875 0.9027777777777778 0.065625
