5 0.4861111111111111 0.20078125 0.058333333333333334 0.0328125
5 0.7291666666666666 0.20078125 0.058333333333333334 0.0328125
5 0.9715277777777778 0.20078125 0.05694444444444444 0.0328125
5 0.0 0.109375 0.0 0.0
5 0.5 0.7685546875 0.9513888888888888 0.170703125
0 0.8708333333333333 0.77734375 0.1361111111111111 0.0765625
5 0.5013888888888889 0.465234375 0.058333333333333334 0.0203125
14 0.10798611111111112 0.13671875 0.21597222222222223 0.0546875
14 0.2829861111111111 0.13671875 0.13402777777777777 0.0546875
14 0.4204861111111111 0.13671875 0.14097222222222222 0.0546875
14 0.6729166666666667 0.13671875 0.3638888888888889 0.0546875
14 0.9274305555555555 0.13671875 0.1451388888888889 0.0546875
5 0.0 0.17265625 0.0 0.0
5 0.0875 0.2 0.0875 0.04921875
5 0.0875 0.2 0.09722222222222222 0.0546875
5 0.1361111111111111 0.2328125 0.0 0.0
5 0.1482638888888889 0.441796875 0.21875 -0.18984375
5 0.0 0.434375 0.0 0.0
5 0.0875 0.46171875 0.0875 0.04921875
5 0.0875 0.46171875 0.09722222222222222 0.0546875
5 0.2722222222222222 0.617578125 0.19444444444444445 0.109375
5 0.1361111111111111 0.49453125 0.0 0.0
5 0.0 0.346484375 0.0 0.0
5 0.5 0.8490234375 1.0 0.009765625
5 0.0875 0.850390625 0.0875 0.00703125
5 0.0875 0.8490234375 0.09722222222222222 0.009765625
5 0.1361111111111111 0.8791015625 0.0 -0.050390625
5 0.0 0.1640625 0.0 0.0
5 0.0 0.2734375 0.0 0.21875
5 0.0 0.2734375 0.0 0.21875
5 0.009027777777777777 0.5453125 -0.018055555555555554 0.0546875
5 0.006597222222222222 0.5453125 -0.013194444444444444 0.06015625
5 0.0 0.8791015625 0.0 -0.050390625
5 1.0 0.2783203125 0.0 0.184765625
5 1.0 0.6390625 0.0 0.0
5 1.0 0.551171875 0.0 0.0
5 1.0 0.86171875 0.0 -0.015625
5 1.0 0.781640625 0.0 0.0
5 1.0 0.1640625 0.0 0.0
0 0.871875 0.7705078125 0.14097222222222222 0.079296875
0 0.871875 0.7705078125 0.14097222222222222 0.079296875
0 0.871875 0.7705078125 0.14097222222222222 0.079296875
14 0.7336805555555556 0.766015625 0.05763888888888889 0.02578125
14 0.7173611111111111 0.766015625 0.09027777777777778 0.02578125
14 0.7277777777777777 0.766015625 0.06944444444444445 0.02578125
6 0.5 0.481640625 0.11666666666666667 0.065625
5 0.0 0.109375 0.0 0.0
5 0.06805555555555555 0.08984375 0.07777777777777778 -0.0390625
5 0.06805555555555555 0.12265625 0.058333333333333334 0.0265625
5 0.06805555555555555 0.190625 0.058333333333333334 0.0328125
5 0.06805555555555555 0.2625 0.07777777777777778 0.04375
5 0.06805555555555555 0.33359375 0.07777777777777778 0.04375
5 0.06805555555555555 0.40546875 0.07777777777777778 0.04375
5 0.06805555555555555 0.4765625 0.07777777777777778 0.04375
5 0.06805555555555555 0.54765625 0.07777777777777778 0.04375
5 0.06805555555555555 0.61875 0.07777777777777778 0.04375
5 0.06805555555555555 0.690625 0.07777777777777778 0.04375
5 0.49930555555555556 0.690234375 0.03888888888888889 0.021875
5 0.06805555555555555 0.76171875 0.07777777777777778 0.04375
5 0.5 0.851171875 1.0 0.00546875
5 0.08159722222222222 0.8908203125 0.04375 0.030078125
5 0.2611111111111111 0.8921875 0.058333333333333334 0.0328125
5 0.44027777777777777 0.8921875 0.058333333333333334 0.0328125
5 0.6194444444444445 0.8921875 0.058333333333333334 0.0328125
5 0.8583333333333333 0.878515625 0.058333333333333334 0.0328125
