5 0.4861111111111111 0.20078125 0.058333333333333334 0.0328125
5 0.7291666666666666 0.20078125 0.058333333333333334 0.0328125
5 0.9715277777777778 0.20078125 0.05694444444444444 0.0328125
5 0.0 0.109375 0.0 0.0
5 0.0 0.109375 0.0 0.0
0 0.8708333333333333 0.77734375 0.1361111111111111 0.0765625
5 0.5013888888888889 0.465234375 0.058333333333333334 0.0203125
5 0.5 0.851171875 1.0 0.00546875
5 0.14131944444444444 0.8771484375 0.04375 0.030078125
5 0.38055555555555554 0.8921875 0.058333333333333334 0.0328125
5 0.5597222222222222 0.8921875 0.058333333333333334 0.0328125
5 0.7388888888888889 0.8921875 0.058333333333333334 0.0328125
5 0.9180555555555555 0.8921875 0.058333333333333334 0.0328125
