5 0.5 0.48359375 1.0 0.9015625
14 0.284375 0.90546875 0.11319444444444444 0.03125
14 0.43819444444444444 0.90546875 0.09305555555555556 0.03125
14 0.5982638888888889 0.90546875 0.12569444444444444 0.03125
14 0.7760416666666666 0.90546875 0.1326388888888889 0.03125
5 0.12152777777777778 0.1251953125 0.24305555555555555 0.048046875
14 0.5725694444444445 0.1251953125 0.27291666666666664 0.048046875
5 0.9447916666666667 0.125 0.08541666666666667 0.034375
0 0.9510416666666667 0.1251953125 0.09791666666666667 0.048046875
5 0.05347222222222222 0.066796875 0.058333333333333334 0.0328125
14 0.5413194444444445 0.0669921875 0.9173611111111111 0.068359375
14 0.5 0.162890625 1.0 0.065625
14 0.5 0.2845703125 0.8541666666666666 0.068359375
14 0.5 0.3802734375 0.8541666666666666 0.068359375
