14 0.24930555555555556 0.0326171875 0.19444444444444445 0.019140625
14 0.7503472222222223 0.0326171875 0.14930555555555555 0.019140625
5 0.25 0.10625 0.48055555555555557 0.0703125
5 0.24965277777777778 0.1060546875 0.12152777777777778 0.068359375
14 0.25 0.1619140625 0.48055555555555557 0.041015625
5 0.75 0.10625 0.48055555555555557 0.0703125
5 0.7496527777777777 0.1060546875 0.12152777777777778 0.068359375
14 0.75 0.1619140625 0.48055555555555557 0.041015625
5 0.25 0.228515625 0.48055555555555557 0.0703125
5 0.24965277777777778 0.2283203125 0.12152777777777778 0.068359375
14 0.25 0.2841796875 0.48055555555555557 0.041015625
5 0.75 0.228515625 0.48055555555555557 0.0703125
5 0.7496527777777777 0.2283203125 0.12152777777777778 0.068359375
14 0.75 0.2841796875 0.48055555555555557 0.041015625
5 0.25 0.35078125 0.48055555555555557 0.0703125
5 0.24965277777777778 0.3505859375 0.12152777777777778 0.068359375
14 0.25 0.4064453125 0.48055555555555557 0.041015625
5 0.75 0.35078125 0.48055555555555557 0.0703125
5 0.7496527777777777 0.3505859375 0.12152777777777778 0.068359375
14 0.75 0.4064453125 0.48055555555555557 0.041015625
5 0.25 0.473046875 0.48055555555555557 0.0703125
5 0.24965277777777778 0.4728515625 0.12152777777777778 0.068359375
14 0.25 0.5287109375 0.48055555555555557 0.041015625
5 0.75 0.473046875 0.48055555555555557 0.0703125
5 0.7496527777777777 0.4728515625 0.12152777777777778 0.068359375
14 0.75 0.5287109375 0.48055555555555557 0.041015625
5 0.25 0.5953125 0.48055555555555557 0.0703125
5 0.24965277777777778 0.5951171875 0.12152777777777778 0.068359375
14 0.25 0.65078125 0.48055555555555557 0.040625
5 0.75 0.5953125 0.48055555555555557 0.0703125
5 0.7496527777777777 0.5951171875 0.12152777777777778 0.068359375
14 0.75 0.65078125 0.48055555555555557 0.040625
5 0.15694444444444444 0.7240234375 0.3138888888888889 0.078515625
5 0.24965277777777778 0.83515625 0.20208333333333334 0.14375
5 0.6246527777777777 0.83515625 0.20208333333333334 0.14375
5 0.8746527777777777 0.83515625 0.20208333333333334 0.14375
