5 0.0763888888888889 0.068359375 0.07777777777777778 0.04375
5 0.0763888888888889 0.068359375 0.10694444444444444 0.04375
4 0.825 0.068359375 0.11666666666666667 0.07109375
4 0.9416666666666667 0.068359375 0.11666666666666667 0.07109375
5 0.5020833333333333 0.0232421875 0.5833333333333334 -0.019140625
14 0.44375 0.073828125 0.42777777777777776 0.04375
5 0.7256944444444444 0.073828125 0.1361111111111111 0.04375
5 0.5020833333333333 0.205078125 0.5833333333333334 0.21875
14 0.44375 0.374609375 0.42777777777777776 0.04375
5 0.7256944444444444 0.374609375 0.1361111111111111 0.04375
5 0.5020833333333333 0.505859375 0.5833333333333334 0.21875
4 0.7083333333333334 0.068359375 0.11666666666666667 0.07109375
4 0.825 0.068359375 0.11666666666666667 0.07109375
4 0.9416666666666667 0.068359375 0.11666666666666667 0.07109375
