5 0.21666666666666667 0.07265625 0.36944444444444446 0.04375
0 0.625 0.07265625 0.25 0.04765625
14 0.10590277777777778 0.16015625 0.09513888888888888 0.0296875
14 0.375 0.226953125 0.75 0.08125
14 0.375 0.308203125 0.75 0.08125
14 0.375 0.389453125 0.75 0.08125
14 0.11006944444444444 0.477734375 0.10347222222222222 0.0296875
14 0.375 0.54453125 0.75 0.08125
14 0.375 0.62578125 0.75 0.08125
14 0.11840277777777777 0.7140625 0.12013888888888889 0.0296875
14 0.375 0.780859375 0.75 0.08125
14 0.375 0.862109375 0.75 0.08125
14 0.1486111111111111 0.9349609375 0.18055555555555555 -0.001171875
0 0.8465277777777778 0.1603515625 0.05 0.041796875
0 0.8090277777777778 0.144140625 0.0 0.0
14 0.8090277777777778 0.144140625 0.0 0.0
14 0.8090277777777778 0.144140625 0.0 0.0
0 0.8090277777777778 0.144140625 0.0 0.0
14 0.8090277777777778 0.144140625 0.0 0.0
5 0.9045138888888888 0.1427734375 0.1909722222222222 0.192578125
5 0.8090277777777778 0.189453125 0.0 0.0
3 0.8090277777777778 0.189453125 0.0 0.0
3 0.9184027777777778 0.152734375 0.16319444444444445 0.159375
14 0.9045138888888888 0.5271484375 0.1909722222222222 0.814453125
5 0.9045138888888888 0.5271484375 0.1909722222222222 0.814453125
14 0.8090277777777778 0.2390625 0.0 0.0
14 0.8090277777777778 0.2390625 0.0 0.0
5 0.8090277777777778 0.2390625 0.0 0.0
0 0.8090277777777778 0.144140625 0.0 0.0
14 0.8090277777777778 0.144140625 0.0 0.0
