4 0.475 0.065625 0.11666666666666667 0.065625
4 0.5916666666666667 0.065625 0.11666666666666667 0.065625
4 0.7083333333333334 0.065625 0.11666666666666667 0.065625
4 0.825 0.065625 0.11666666666666667 0.065625
4 0.9416666666666667 0.065625 0.11666666666666667 0.065625
3 0.38333333333333336 0.0328125 0.7666666666666667 0.0
4 0.825 0.0328125 0.11666666666666667 0.0
4 0.9416666666666667 0.0328125 0.11666666666666667 0.0
14 0.5 0.11484375 1.0 0.0328125
14 0.17222222222222222 0.154296875 0.10555555555555556 0.0453125
14 0.32743055555555556 0.154296875 0.10486111111111111 0.0453125
14 0.25 0.215234375 0.5 0.0296875
14 0.6006944444444444 0.1685546875 0.2 0.024609375
14 0.6006944444444444 0.1931640625 0.2 0.024609375
14 0.6006944444444444 0.2177734375 0.2 0.024609375
14 0.7763888888888889 0.1439453125 0.15 0.024609375
14 0.9260416666666667 0.1439453125 0.14791666666666667 0.024609375
14 0.7763888888888889 0.1685546875 0.15 0.024609375
14 0.9260416666666667 0.1685546875 0.14791666666666667 0.024609375
14 0.7763888888888889 0.1931640625 0.15 0.024609375
14 0.9260416666666667 0.1931640625 0.14791666666666667 0.024609375
14 0.7763888888888889 0.2177734375 0.15 0.024609375
14 0.9260416666666667 0.2177734375 0.14791666666666667 0.024609375
14 0.5 0.2587890625 1.0 0.057421875
14 0.5 0.2533203125 1.0 -0.071484375
14 0.5 0.2849609375 1.0 -0.008203125
4 0.058333333333333334 0.3095703125 0.11666666666666667 0.041015625
14 0.0625 0.3466796875 0.08611111111111111 0.018359375
4 0.1736111111111111 0.346875 0.058333333333333334 0.0328125
14 0.28888888888888886 0.346875 0.17222222222222222 0.02578125
4 0.4041666666666667 0.346875 0.058333333333333334 0.0328125
14 0.10729166666666666 0.3876953125 0.17569444444444443 0.022265625
14 0.7829861111111112 0.387890625 0.3951388888888889 0.0328125
0 0.4996527777777778 0.4453125 0.5020833333333333 0.065625
4 0.058333333333333334 0.602734375 0.11666666666666667 0.04921875
14 0.0625 0.6435546875 0.08611111111111111 0.018359375
4 0.1736111111111111 0.64375 0.058333333333333334 0.0328125
14 0.28888888888888886 0.64375 0.17222222222222222 0.02578125
4 0.4041666666666667 0.64375 0.058333333333333334 0.0328125
0 0.4996527777777778 0.69296875 0.5020833333333333 0.065625
14 0.5 0.546484375 1.0 0.06328125
14 0.5 0.496484375 1.0 0.03671875
14 0.5 0.744140625 1.0 0.03671875
14 0.5 0.8037109375 1.0 0.082421875
14 0.0625 0.8603515625 0.08611111111111111 0.016796875
4 0.1736111111111111 0.8568359375 0.058333333333333334 0.023828125
14 0.28888888888888886 0.85859375 0.17222222222222222 0.0203125
4 0.4041666666666667 0.8568359375 0.058333333333333334 0.023828125
0 0.4996527777777778 0.8732421875 0.5020833333333333 -0.008984375
4 0.16631944444444444 0.9015625 0.3326388888888889 0.065625
4 0.5003472222222223 0.9015625 0.33541666666666664 0.065625
4 0.8340277777777778 0.9015625 0.33194444444444443 0.065625
