14 0.0 0.2009765625 0.0 0.038671875
14 0.4756944444444444 0.2087890625 0.22777777777777777 0.137109375
14 0.6135416666666667 0.1767578125 0.04791666666666667 0.033203125
5 0.6135416666666667 0.2068359375 0.04791666666666667 0.026953125
14 0.5 0.4587890625 0.6666666666666666 0.030078125
14 0.43645833333333334 0.491015625 0.06736111111111111 0.02265625
14 0.5034722222222222 0.4888671875 0.04583333333333333 0.030078125
14 0.5666666666666667 0.491015625 0.059722222222222225 0.02265625
14 0.46458333333333335 0.53359375 0.016666666666666666 0.04453125
14 0.5947916666666667 0.527734375 0.04513888888888889 0.01953125
14 0.38958333333333334 0.53359375 0.044444444444444446 0.04453125
14 0.4340277777777778 0.53359375 0.044444444444444446 0.04453125
14 0.4951388888888889 0.53359375 0.044444444444444446 0.04453125
14 0.5395833333333333 0.53359375 0.044444444444444446 0.04453125
14 0.6020833333333333 0.5466796875 0.059722222222222225 0.018359375
5 0.5 0.381640625 0.6 0.21171875
5 0.0 0.058984375 0.0 0.0
14 0.0 0.058984375 0.0 0.0
5 0.0 0.058984375 0.0 0.0
14 0.0 0.058984375 0.0 0.0
0 0.10902777777777778 0.69296875 0.1736111111111111 0.08046875
0 0.10902777777777778 0.7734375 0.1736111111111111 0.08046875
5 0.29583333333333334 0.698828125 0.06944444444444445 0.0390625
14 0.29583333333333334 0.7353515625 0.1111111111111111 0.026171875
14 0.24583333333333332 0.7623046875 0.0625 0.027734375
14 0.3458333333333333 0.7623046875 0.0625 0.027734375
5 0.29583333333333334 0.7619140625 0.002777777777777778 0.016796875
5 0.4965277777777778 0.698828125 0.06944444444444445 0.0390625
14 0.4965277777777778 0.7353515625 0.04861111111111111 0.026171875
14 0.4465277777777778 0.7623046875 0.0625 0.027734375
14 0.5465277777777777 0.7623046875 0.0625 0.027734375
5 0.4965277777777778 0.7619140625 0.002777777777777778 0.016796875
5 0.6972222222222222 0.698828125 0.06944444444444445 0.0390625
14 0.6975694444444445 0.7353515625 0.059027777777777776 0.026171875
14 0.6472222222222223 0.7623046875 0.0625 0.027734375
14 0.7472222222222222 0.7623046875 0.0625 0.027734375
5 0.6972222222222222 0.7619140625 0.002777777777777778 0.016796875
5 0.8979166666666667 0.698828125 0.06944444444444445 0.0390625
14 0.8982638888888889 0.7353515625 0.06736111111111111 0.026171875
14 0.8479166666666667 0.7623046875 0.0625 0.027734375
14 0.9479166666666666 0.7623046875 0.0625 0.027734375
5 0.8979166666666667 0.7619140625 0.002777777777777778 0.016796875
14 0.5111111111111111 0.7263671875 0.0 0.022265625
14 0.5111111111111111 0.744140625 0.9777777777777777 0.01328125
5 0.24375 0.9 0.09583333333333334 0.05390625
14 0.4361111111111111 0.9 0.23055555555555557 0.03125
0 0.6972222222222222 0.9 0.21388888888888888 0.0421875
4 0.05243055555555556 0.0294921875 0.10486111111111111 0.058984375
4 0.8427083333333333 0.0294921875 0.10486111111111111 0.058984375
4 0.9475694444444445 0.0294921875 0.10486111111111111 0.058984375
6 0.5 0.002734375 1.0 0.00546875
14 0.5 0.029296875 0.9611111111111111 0.02421875
