5 0.5 0.48359375 1.0 0.9015625
5 0.12152777777777778 0.1251953125 0.24305555555555555 0.048046875
14 0.5725694444444445 0.1251953125 0.3284722222222222 0.048046875
5 0.9447916666666667 0.125 0.08541666666666667 0.034375
0 0.9510416666666667 0.1251953125 0.09791666666666667 0.048046875
14 0.5 0.07109375 1.0 0.0765625
5 0.0875 0.1453125 0.04861111111111111 0.02734375
14 0.5072916666666667 0.1439453125 0.7659722222222223 0.041015625
14 0.47673611111111114 0.2107421875 0.8270833333333333 0.041015625
0 0.5 0.3091796875 1.0 0.073828125
