5 0.5 0.08203125 1.0 0.1640625
5 0.5 0.665625 1.0 0.5375
5 0.16354166666666667 0.0380859375 0.05486111111111111 0.019140625
14 0.253125 0.03828125 0.12430555555555556 0.03515625
14 0.1361111111111111 0.020703125 0.0 0.0
11 0.43194444444444446 0.03828125 0.5916666666666667 0.03515625
5 0.9319444444444445 0.03828125 0.1361111111111111 0.0765625
14 0.19756944444444444 0.63203125 0.3951388888888889 0.04453125
14 0.18819444444444444 0.72109375 0.32222222222222224 0.13359375
14 0.1125 0.7875 0.14722222222222223 0.02578125
14 0.25590277777777776 0.7875 0.07152777777777777 0.02578125
14 0.035416666666666666 0.81328125 0.07083333333333333 0.02578125
14 0.10659722222222222 0.81328125 0.07152777777777777 0.02578125
14 0.25590277777777776 0.81328125 0.07152777777777777 0.02578125
14 0.2065972222222222 0.81328125 0.027083333333333334 0.02578125
14 0.0 0.82890625 0.0 0.0
14 0.0 0.82890625 0.0 0.0
14 0.0 0.82890625 0.0 0.0
14 0.0 0.82890625 0.0 0.0
14 0.090625 0.8560546875 0.18125 0.000390625
14 0.7836805555555556 0.098046875 0.36875 0.034375
14 0.9652777777777778 0.098046875 0.015277777777777777 0.034375
14 0.0 0.0 0.0 0.0
14 0.0 0.0 0.0 0.0
5 0.9416666666666667 0.831640625 0.058333333333333334 0.0328125
5 0.08402777777777778 0.8953125 0.10972222222222222 0.06171875
14 0.22291666666666668 0.8845703125 0.10972222222222222 0.027734375
5 0.3277777777777778 0.884375 0.06111111111111111 0.01640625
14 0.38090277777777776 0.911328125 0.42569444444444443 0.0171875
0 0.8722222222222222 0.8953125 0.19722222222222222 0.0328125
14 0.5 0.1224609375 0.9263888888888889 0.091796875
0 0.8993055555555556 0.122265625 0.12777777777777777 0.03984375
5 0.09097222222222222 0.199609375 0.07916666666666666 0.04609375
14 0.17847222222222223 0.26875 0.10694444444444444 0.0921875
14 0.25277777777777777 0.26875 0.041666666666666664 0.0921875
14 0.17847222222222223 0.337890625 0.13333333333333333 0.04609375
5 0.5006944444444444 0.26875 0.2833333333333333 0.20078125
14 0.0954861111111111 0.4259765625 0.11736111111111111 0.091796875
14 0.5 0.5046875 0.9263888888888889 0.065625
14 0.5 0.5703125 0.9263888888888889 0.065625
14 0.5 0.6359375 0.9263888888888889 0.065625
14 0.5 0.7015625 0.9263888888888889 0.065625
14 0.5 0.7671875 0.9263888888888889 0.065625
14 0.2298611111111111 0.0380859375 0.15694444444444444 0.033203125
14 0.5 0.1267578125 0.9222222222222223 0.051171875
14 0.5 0.19375 0.9222222222222223 0.08203125
14 0.5 0.27578125 0.9222222222222223 0.08203125
14 0.5 0.3658203125 0.9222222222222223 0.051171875
14 0.5 0.4328125 0.9222222222222223 0.08203125
14 0.4732638888888889 0.51484375 0.86875 0.08203125
5 0.934375 0.51484375 0.05347222222222222 0.08203125
14 0.0 0.101171875 0.0 0.0
14 0.0 0.101171875 0.0 0.0
14 0.2298611111111111 0.0380859375 0.15694444444444444 0.033203125
14 0.5 0.1267578125 0.9222222222222223 0.051171875
14 0.18888888888888888 0.19375 0.3 0.08203125
14 0.65 0.19375 0.6222222222222222 0.08203125
14 0.12152777777777778 0.27578125 0.16527777777777777 0.08203125
14 0.5826388888888889 0.27578125 0.7569444444444444 0.08203125
14 0.15138888888888888 0.3578125 0.225 0.08203125
14 0.6125 0.3578125 0.6972222222222222 0.08203125
14 0.1545138888888889 0.43984375 0.23125 0.08203125
14 0.615625 0.43984375 0.6909722222222222 0.08203125
14 0.14305555555555555 0.521875 0.20833333333333334 0.08203125
14 0.6041666666666666 0.521875 0.7138888888888889 0.08203125
14 0.14097222222222222 0.593359375 0.20416666666666666 0.0296875
14 0.23402777777777778 0.6185546875 0.3902777777777778 0.020703125
5 0.934375 0.6037109375 0.05347222222222222 0.030078125
