0 0.853125 0.07109375 0.2548611111111111 0.065625
14 0.22118055555555555 0.0708984375 0.15069444444444444 0.036328125
4 0.06805555555555555 0.07109375 0.1361111111111111 0.0765625
14 0.26979166666666665 0.1423828125 0.4618055555555556 0.022265625
14 0.05243055555555556 0.1869140625 0.027083333333333334 0.031640625
14 0.10069444444444445 0.1845703125 0.059722222222222225 0.040234375
14 0.3371527777777778 0.18359375 0.12986111111111112 0.02734375
14 0.4638888888888889 0.18359375 0.08472222222222223 0.02734375
14 0.15555555555555556 0.262890625 0.23333333333333334 0.02578125
14 0.31319444444444444 0.262890625 0.08194444444444444 0.02578125
14 0.15555555555555556 0.299609375 0.23333333333333334 0.02578125
14 0.39166666666666666 0.299609375 0.2388888888888889 0.02578125
14 0.03888888888888889 0.28671875 0.0 0.0
14 0.15555555555555556 0.336328125 0.23333333333333334 0.02578125
14 0.6166666666666667 0.336328125 0.6888888888888889 0.02578125
14 0.0 0.109375 0.0 0.0
5 0.0 0.109375 0.0 0.0
14 0.0 0.109375 0.0 0.0
14 0.0 0.109375 0.0 0.0
5 0.0 0.109375 0.0 0.0
14 0.0 0.109375 0.0 0.0
14 0.0 0.109375 0.0 0.0
5 0.0 0.109375 0.0 0.0
14 0.0 0.109375 0.0 0.0
14 0.3597222222222222 0.3712890625 0.6416666666666667 0.022265625
0 0.4996527777777778 0.45625 0.5715277777777777 0.065625
