14 0.2864583333333333 0.077734375 0.5729166666666666 0.0296875
14 0.2864583333333333 0.1037109375 0.5729166666666666 0.022265625
14 0.2767361111111111 0.1359375 0.5534722222222223 0.02578125
5 0.2767361111111111 0.1509765625 0.5534722222222223 0.004296875
14 0.2864583333333333 0.183203125 0.5729166666666666 0.06015625
5 0.2767361111111111 0.2140625 0.5534722222222223 0.0015625
14 0.2864583333333333 0.244921875 0.5729166666666666 0.06015625
5 0.2767361111111111 0.27578125 0.5534722222222223 0.0015625
14 0.2864583333333333 0.306640625 0.5729166666666666 0.06015625
14 0.2767361111111111 0.349609375 0.5534722222222223 0.02578125
5 0.2767361111111111 0.3646484375 0.5534722222222223 0.004296875
14 0.2864583333333333 0.396875 0.5729166666666666 0.06015625
5 0.2767361111111111 0.427734375 0.5534722222222223 0.0015625
14 0.2864583333333333 0.45859375 0.5729166666666666 0.06015625
5 0.2767361111111111 0.489453125 0.5534722222222223 0.0015625
14 0.2864583333333333 0.5203125 0.5729166666666666 0.06015625
5 0.2767361111111111 0.551171875 0.5534722222222223 0.0015625
14 0.2864583333333333 0.58203125 0.5729166666666666 0.06015625
5 0.2767361111111111 0.612890625 0.5534722222222223 0.0015625
14 0.2864583333333333 0.64375 0.5729166666666666 0.06015625
14 0.2767361111111111 0.68671875 0.5534722222222223 0.02578125
5 0.2767361111111111 0.7017578125 0.5534722222222223 0.004296875
14 0.2864583333333333 0.733984375 0.5729166666666666 0.06015625
14 0.2767361111111111 0.776953125 0.5534722222222223 0.02578125
5 0.2767361111111111 0.7919921875 0.5534722222222223 0.004296875
14 0.2864583333333333 0.82421875 0.5729166666666666 0.06015625
5 0.2767361111111111 0.855078125 0.5534722222222223 0.0015625
14 0.2864583333333333 0.8859375 0.5729166666666666 0.06015625
5 0.2767361111111111 0.916796875 0.5534722222222223 0.0015625
14 0.2864583333333333 0.9259765625 0.5729166666666666 0.016796875
5 0.5 0.51640625 1.0 0.8359375
5 0.10590277777777778 0.1619140625 0.18263888888888888 0.102734375
14 0.6059027777777778 0.11953125 0.7881944444444444 0.02578125
14 0.35138888888888886 0.163671875 0.07777777777777778 0.02578125
14 0.35104166666666664 0.1876953125 0.14375 0.022265625
5 0.49236111111111114 0.1748046875 0.002777777777777778 0.068359375
14 0.5979166666666667 0.163671875 0.03888888888888889 0.02578125
14 0.5979166666666667 0.1876953125 0.08333333333333333 0.022265625
5 0.7041666666666667 0.1748046875 0.002777777777777778 0.068359375
14 0.8451388888888889 0.163671875 0.019444444444444445 0.02578125
14 0.8451388888888889 0.1876953125 0.18333333333333332 0.022265625
14 0.0875 0.262109375 0.09722222222222222 0.0296875
14 0.5486111111111112 0.2619140625 0.825 0.022265625
14 0.5 0.4123046875 0.9222222222222223 0.270703125
14 0.07743055555555556 0.56953125 0.04652777777777778 0.0296875
14 0.07743055555555556 0.5955078125 0.07708333333333334 0.022265625
14 0.18333333333333332 0.56953125 0.08888888888888889 0.0296875
14 0.18333333333333332 0.5955078125 0.10555555555555556 0.022265625
14 0.2881944444444444 0.56953125 0.022222222222222223 0.0296875
14 0.2881944444444444 0.5955078125 0.075 0.022265625
14 0.7118055555555556 0.58046875 0.044444444444444446 0.0296875
5 0.7777777777777778 0.58046875 0.0875 0.04921875
14 0.8513888888888889 0.58046875 0.044444444444444446 0.0296875
5 0.9173611111111111 0.58046875 0.0875 0.04921875
14 0.12430555555555556 0.6751953125 0.20972222222222223 0.066015625
14 0.37430555555555556 0.6751953125 0.20972222222222223 0.066015625
14 0.6246527777777777 0.6751953125 0.21041666666666667 0.066015625
14 0.8753472222222223 0.6751953125 0.21041666666666667 0.066015625
5 0.5 0.80625 0.9611111111111111 0.13046875
14 0.5 0.86328125 0.9222222222222223 0.01640625
5 0.04652777777777778 0.91484375 0.015277777777777777 -0.08671875
14 0.47118055555555555 0.8984375 0.8340277777777778 -0.05390625
14 0.9246527777777778 0.897265625 0.07291666666666667 -0.0515625
14 0.5076388888888889 0.921875 0.9069444444444444 -0.10078125
14 0.5 0.775 0.9222222222222223 0.04609375
14 0.8864583333333333 0.8359375 0.04513888888888889 0.02578125
14 0.9423611111111111 0.834765625 0.0375 0.0296875
5 0.5 0.1009765625 1.0 0.005078125
5 0.019444444444444445 0.065625 0.03888888888888889 0.021875
5 0.04722222222222222 0.065625 0.034722222222222224 0.01953125
5 0.4690972222222222 0.0654296875 0.37430555555555556 0.041015625
