5 0.5 0.123046875 1.0 0.24609375
14 0.03888888888888889 0.0708984375 0.0 0.036328125
0 0.9513888888888888 0.07109375 0.09722222222222222 0.065625
14 0.5753472222222222 0.2916015625 0.7993055555555556 0.033203125
14 0.5753472222222222 0.3359375 0.7993055555555556 0.05546875
5 0.10034722222222223 0.3146484375 0.12152777777777778 0.068359375
0 0.5 0.4166015625 0.95 0.077734375
14 0.5753472222222222 0.5150390625 0.7993055555555556 0.033203125
14 0.5753472222222222 0.546484375 0.7993055555555556 0.0296875
5 0.10034722222222223 0.5380859375 0.12152777777777778 0.068359375
0 0.5 0.6333984375 0.95 0.077734375
6 0.5 0.795703125 0.975 0.065625
14 0.5753472222222222 0.934375 0.7993055555555556 0.0
14 0.5753472222222222 0.9509765625 0.7993055555555556 -0.033203125
5 0.10034722222222223 0.937109375 0.12152777777777778 -0.00546875
0 0.9194444444444444 0.24609375 0.1361111111111111 0.0765625
5 0.06736111111111111 0.9 0.10972222222222222 0.06171875
14 0.33611111111111114 0.8830078125 0.42777777777777776 0.033984375
14 0.6493055555555556 0.9 0.1986111111111111 0.040625
5 0.15069444444444444 0.9138671875 0.041666666666666664 0.027734375
5 0.19236111111111112 0.9138671875 0.041666666666666664 0.027734375
5 0.23402777777777778 0.9138671875 0.041666666666666664 0.027734375
5 0.27569444444444446 0.9138671875 0.041666666666666664 0.027734375
5 0.3173611111111111 0.9138671875 0.041666666666666664 0.027734375
5 0.06736111111111111 0.9 0.10972222222222222 0.06171875
14 0.33611111111111114 0.8830078125 0.42777777777777776 0.033984375
14 0.6493055555555556 0.9 0.1986111111111111 0.040625
5 0.15069444444444444 0.9138671875 0.041666666666666664 0.027734375
5 0.19236111111111112 0.9138671875 0.041666666666666664 0.027734375
5 0.23402777777777778 0.9138671875 0.041666666666666664 0.027734375
5 0.27569444444444446 0.9138671875 0.041666666666666664 0.027734375
5 0.3173611111111111 0.9138671875 0.041666666666666664 0.027734375
5 0.06736111111111111 0.9 0.10972222222222222 0.06171875
14 0.33611111111111114 0.8830078125 0.42777777777777776 0.033984375
14 0.6493055555555556 0.9 0.1986111111111111 0.040625
5 0.15069444444444444 0.9138671875 0.041666666666666664 0.027734375
5 0.19236111111111112 0.9138671875 0.041666666666666664 0.027734375
5 0.23402777777777778 0.9138671875 0.041666666666666664 0.027734375
5 0.27569444444444446 0.9138671875 0.041666666666666664 0.027734375
5 0.3173611111111111 0.9138671875 0.041666666666666664 0.027734375
5 0.06736111111111111 0.9 0.10972222222222222 0.06171875
14 0.33611111111111114 0.8830078125 0.42777777777777776 0.033984375
14 0.6493055555555556 0.9 0.1986111111111111 0.040625
5 0.15069444444444444 0.9138671875 0.041666666666666664 0.027734375
5 0.19236111111111112 0.9138671875 0.041666666666666664 0.027734375
5 0.23402777777777778 0.9138671875 0.041666666666666664 0.027734375
5 0.27569444444444446 0.9138671875 0.041666666666666664 0.027734375
5 0.3173611111111111 0.9138671875 0.041666666666666664 0.027734375
5 0.13194444444444445 0.9248046875 0.041666666666666664 0.019140625
