14 0.08854166666666667 0.1421875 0.17708333333333334 0.065625
14 0.2673611111111111 0.1421875 0.18055555555555555 0.065625
14 0.7503472222222223 0.2021484375 0.08125 0.033203125
7 0.7506944444444444 0.2638671875 0.4986111111111111 0.068359375
7 0.7506944444444444 0.3337890625 0.4986111111111111 0.068359375
7 0.7506944444444444 0.4037109375 0.4986111111111111 0.068359375
7 0.7506944444444444 0.4736328125 0.4986111111111111 0.068359375
7 0.7506944444444444 0.5435546875 0.4986111111111111 0.068359375
7 0.7506944444444444 0.6134765625 0.4986111111111111 0.068359375
0 0.5013888888888889 0.2296875 0.0 0.0
0 0.5013888888888889 0.2296875 0.0 0.0
5 0.9666666666666667 0.2021484375 0.0375 0.035546875
14 0.8697916666666666 0.2021484375 0.1076388888888889 0.033203125
14 0.1684027777777778 0.2021484375 0.2881944444444444 0.033203125
14 0.39652777777777776 0.25703125 0.7638888888888888 0.0296875
14 0.39652777777777776 0.284765625 0.7638888888888888 0.02578125
14 0.39652777777777776 0.310546875 0.7638888888888888 0.02578125
5 0.8395833333333333 0.2640625 0.09722222222222222 0.04921875
14 0.9368055555555556 0.2486328125 0.09722222222222222 0.018359375
5 0.8881944444444444 0.3046875 0.19444444444444445 0.01796875
5 0.8711805555555555 0.3046875 0.16041666666666668 0.01796875
14 0.39652777777777776 0.356640625 0.7638888888888888 0.0296875
14 0.39652777777777776 0.384375 0.7638888888888888 0.02578125
14 0.39652777777777776 0.41015625 0.7638888888888888 0.02578125
5 0.8395833333333333 0.363671875 0.09722222222222222 0.04921875
14 0.9368055555555556 0.3482421875 0.09722222222222222 0.018359375
5 0.8881944444444444 0.404296875 0.19444444444444445 0.01796875
5 0.8711805555555555 0.404296875 0.16041666666666668 0.01796875
14 0.39652777777777776 0.45625 0.7638888888888888 0.0296875
14 0.39652777777777776 0.483984375 0.7638888888888888 0.02578125
14 0.39652777777777776 0.509765625 0.7638888888888888 0.02578125
5 0.8395833333333333 0.46328125 0.09722222222222222 0.04921875
14 0.9368055555555556 0.4478515625 0.09722222222222222 0.018359375
5 0.8881944444444444 0.50390625 0.19444444444444445 0.01796875
5 0.8711805555555555 0.50390625 0.16041666666666668 0.01796875
14 0.39652777777777776 0.555859375 0.7638888888888888 0.0296875
14 0.39652777777777776 0.58359375 0.7638888888888888 0.02578125
14 0.39652777777777776 0.609375 0.7638888888888888 0.02578125
5 0.8395833333333333 0.562890625 0.09722222222222222 0.04921875
14 0.9368055555555556 0.5474609375 0.09722222222222222 0.018359375
14 0.39652777777777776 0.65546875 0.7638888888888888 0.0296875
14 0.39652777777777776 0.683203125 0.7638888888888888 0.02578125
14 0.39652777777777776 0.708984375 0.7638888888888888 0.02578125
5 0.8395833333333333 0.6625 0.09722222222222222 0.04921875
14 0.9368055555555556 0.6470703125 0.09722222222222222 0.018359375
14 0.39652777777777776 0.755078125 0.7638888888888888 0.0296875
14 0.39652777777777776 0.7828125 0.7638888888888888 0.02578125
14 0.39652777777777776 0.80859375 0.7638888888888888 0.02578125
5 0.8395833333333333 0.762109375 0.09722222222222222 0.04921875
14 0.9368055555555556 0.7466796875 0.09722222222222222 0.018359375
5 0.8881944444444444 0.802734375 0.19444444444444445 0.01796875
5 0.8381944444444445 0.802734375 0.09444444444444444 0.01796875
14 0.39652777777777776 0.8546875 0.7638888888888888 0.0296875
14 0.39652777777777776 0.882421875 0.7638888888888888 0.02578125
14 0.39652777777777776 0.908203125 0.7638888888888888 0.02578125
5 0.8395833333333333 0.86171875 0.09722222222222222 0.04921875
14 0.9368055555555556 0.8462890625 0.09722222222222222 0.018359375
5 0.8881944444444444 0.90234375 0.19444444444444445 0.01796875
5 0.8881944444444444 0.90234375 0.19444444444444445 0.01796875
14 0.39652777777777776 0.9369140625 0.7638888888888888 -0.005078125
14 0.39652777777777776 0.9517578125 0.7638888888888888 -0.034765625
14 0.39652777777777776 0.9646484375 0.7638888888888888 -0.060546875
5 0.8395833333333333 0.935546875 0.09722222222222222 -0.00234375
14 0.9368055555555556 0.935546875 0.09722222222222222 -0.00234375
5 1.0 0.175 0.0 0.0
5 1.0 0.175 0.0 0.0
5 1.0 0.175 0.0 0.0
5 1.0 0.175 0.0 0.0
4 0.06805555555555555 0.07109375 0.1361111111111111 0.0765625
5 0.28125 0.07109375 0.2902777777777778 0.025
