5 0.5 0.0642578125 0.19444444444444445 0.037109375
5 0.0 0.0328125 0.0 0.0
14 0.4756944444444444 0.1529296875 0.8541666666666666 0.058984375
5 0.9392361111111112 0.1529296875 0.024305555555555556 0.020703125
14 0.4756944444444444 0.2650390625 0.8541666666666666 0.058984375
5 0.9392361111111112 0.2650390625 0.024305555555555556 0.020703125
14 0.4756944444444444 0.3771484375 0.8541666666666666 0.058984375
5 0.9392361111111112 0.3771484375 0.024305555555555556 0.020703125
5 0.12465277777777778 0.8912109375 0.14097222222222222 0.079296875
5 0.3746527777777778 0.8912109375 0.14097222222222222 0.079296875
5 0.6246527777777777 0.8912109375 0.14097222222222222 0.079296875
5 0.8746527777777777 0.8912109375 0.14097222222222222 0.079296875
