5 0.08541666666666667 0.9123046875 0.14583333333333334 0.030078125
5 0.0 0.0328125 0.0 0.0
5 0.0 0.0328125 0.0 0.0
5 0.0 0.0328125 0.0 0.0
5 0.0 0.0328125 0.0 0.0
5 0.934375 0.1298828125 0.11180555555555556 0.062890625
0 0.934375 0.1298828125 0.11180555555555556 0.062890625
0 0.934375 0.1982421875 0.11180555555555556 0.062890625
0 0.4996527777777778 0.9029296875 0.2798611111111111 0.041015625
14 0.0 0.0328125 0.0 0.0
4 0.06076388888888889 0.06015625 0.12152777777777778 0.0546875
5 0.0 0.0328125 0.0 0.0
5 0.0 0.0328125 0.0 0.0
4 0.9503472222222222 0.0599609375 0.06041666666666667 0.033984375
5 0.5 0.065625 0.09722222222222222 0.065625
5 0.03229166666666667 0.934375 0.025694444444444443 0.0
5 0.9659722222222222 0.934375 0.04861111111111111 0.0
14 0.4934027777777778 0.934375 0.8770833333333333 0.0
0 0.5 0.934375 1.0 0.0
4 0.0 0.04921875 0.0 0.0
4 0.0 0.04921875 0.0 0.0
14 0.0 0.138671875 0.0 0.03671875
14 0.0 0.18359375 0.0 0.053125
14 0.0 0.2470703125 0.0 0.075390625
14 0.0 0.393359375 0.0 0.06953125
14 0.0 0.462109375 0.0 0.06953125
14 0.0 0.530859375 0.0 0.06953125
14 0.0 0.599609375 0.0 0.06953125
