5 0.022222222222222223 0.019921875 0.044444444444444446 0.025
14 0.13333333333333333 0.022265625 0.17777777777777778 0.0296875
14 0.1111111111111111 0.0427734375 0.08888888888888889 0.007421875
14 0.1111111111111111 0.0552734375 0.2222222222222222 0.013671875
14 0.1111111111111111 0.0814453125 0.2222222222222222 0.038671875
14 0.1111111111111111 0.1169921875 0.2222222222222222 0.032421875
14 0.1111111111111111 0.1494140625 0.2222222222222222 0.032421875
14 0.1111111111111111 0.1755859375 0.2222222222222222 0.019921875
14 0.1111111111111111 0.196484375 0.2222222222222222 0.021875
14 0.1111111111111111 0.2158203125 0.2222222222222222 -0.016796875
14 0.1111111111111111 0.23828125 0.2222222222222222 -0.06171875
0 0.05555555555555555 0.2513671875 0.1111111111111111 -0.087890625
0 0.16666666666666666 0.2513671875 0.1111111111111111 -0.087890625
