5 0.5 0.5197265625 1.0 0.683984375
14 0.40694444444444444 0.102734375 0.7555555555555555 -0.15
14 0.8368055555555556 0.177734375 0.10416666666666667 0.0
5 0.9125 0.1068359375 0.11666666666666667 -0.141796875
14 0.5 0.1451171875 0.9416666666666667 -0.065234375
14 0.40694444444444444 0.18203125 0.7555555555555555 0.00859375
14 0.8194444444444444 0.179296875 0.06944444444444445 0.003125
5 0.9125 0.1861328125 0.11666666666666667 0.016796875
14 0.40694444444444444 0.2517578125 0.7555555555555555 0.033203125
14 0.8194444444444444 0.2517578125 0.06944444444444445 0.022265625
5 0.9125 0.251953125 0.11666666666666667 0.04921875
14 0.40694444444444444 0.3337890625 0.7555555555555555 0.033203125
14 0.8194444444444444 0.3337890625 0.06944444444444445 0.022265625
5 0.9125 0.333984375 0.11666666666666667 0.04921875
14 0.40694444444444444 0.4158203125 0.7555555555555555 0.033203125
14 0.8194444444444444 0.4158203125 0.06944444444444445 0.022265625
5 0.9125 0.416015625 0.11666666666666667 0.04921875
14 0.39861111111111114 0.4978515625 0.7388888888888889 0.033203125
14 0.8111111111111111 0.4978515625 0.08611111111111111 0.022265625
5 0.9125 0.498046875 0.11666666666666667 0.04921875
14 0.39861111111111114 0.5798828125 0.7388888888888889 0.033203125
14 0.8111111111111111 0.5798828125 0.08611111111111111 0.022265625
5 0.9125 0.580078125 0.11666666666666667 0.04921875
14 0.5 0.659375 0.9416666666666667 0.04375
14 0.39861111111111114 0.7384765625 0.7388888888888889 0.033203125
14 0.8111111111111111 0.7384765625 0.08611111111111111 0.022265625
5 0.9125 0.738671875 0.11666666666666667 0.04921875
14 0.40694444444444444 0.8205078125 0.7555555555555555 0.033203125
14 0.8194444444444444 0.8205078125 0.06944444444444445 0.022265625
5 0.9125 0.820703125 0.11666666666666667 0.04921875
14 0.39861111111111114 0.873828125 0.7388888888888889 -0.02421875
14 0.8111111111111111 0.8765625 0.08611111111111111 -0.0296875
5 0.9125 0.869921875 0.11666666666666667 -0.01640625
0 0.5 0.826171875 0.9416666666666667 0.04921875
1 0.12083333333333333 0.898046875 0.18333333333333332 0.04375
14 0.5586805555555555 0.899609375 0.08125 0.02578125
3 0.6645833333333333 0.898046875 0.10138888888888889 0.06171875
14 0.7583333333333333 0.899609375 0.05694444444444444 0.02578125
3 0.8520833333333333 0.898046875 0.10138888888888889 0.06171875
14 0.9440972222222223 0.899609375 0.05347222222222222 0.02578125
4 0.06805555555555555 0.07109375 0.1361111111111111 0.0765625
14 0.2 0.0708984375 0.10833333333333334 0.036328125
