5 0.06805555555555555 0.07109375 0.0875 0.04921875
5 0.20416666666666666 0.07109375 0.0875 0.04921875
14 0.23333333333333334 0.0546875 0.03888888888888889 0.01484375
5 0.7201388888888889 0.07109375 0.058333333333333334 0.0328125
14 0.8017361111111111 0.07109375 0.06597222222222222 0.0296875
5 0.9319444444444445 0.07109375 0.058333333333333334 0.0328125
5 0.5 0.24609375 1.0 0.2734375
14 0.5 0.4751953125 0.9222222222222223 0.141015625
14 0.40729166666666666 0.56953125 0.04791666666666667 0.02578125
8 0.5381944444444444 0.567578125 0.19444444444444445 0.021875
14 0.5 0.60625 0.9222222222222223 0.02578125
14 0.1920138888888889 0.659375 0.15347222222222223 0.02578125
5 0.12083333333333333 0.688671875 0.058333333333333334 0.0328125
14 0.22604166666666667 0.688671875 0.1326388888888889 0.0296875
14 0.4996527777777778 0.659375 0.17569444444444443 0.02578125
5 0.4284722222222222 0.688671875 0.058333333333333334 0.0328125
14 0.5336805555555556 0.688671875 0.1326388888888889 0.0296875
14 0.8076388888888889 0.659375 0.13055555555555556 0.02578125
5 0.7798611111111111 0.688671875 0.058333333333333334 0.0328125
14 0.8416666666666667 0.688671875 0.04583333333333333 0.0296875
5 0.5 0.803515625 0.11666666666666667 0.065625
14 0.5 0.8529296875 0.9222222222222223 0.033203125
14 0.5 0.907421875 0.9222222222222223 0.05390625
14 0.0 0.109375 0.0 0.0
