14 0.5 0.0626953125 1.0 0.040234375
7 0.19166666666666668 0.0771484375 0.38333333333333336 -0.031640625
7 0.1857638888888889 0.1099609375 0.3715277777777778 0.033984375
7 0.12291666666666666 0.159765625 0.24583333333333332 0.065625
7 0.15590277777777778 0.225390625 0.31180555555555556 0.065625
7 0.22430555555555556 0.291015625 0.4486111111111111 0.065625
7 0.190625 0.356640625 0.38125 0.065625
14 0.5 0.4076171875 1.0 0.036328125
7 0.2 0.45859375 0.4 0.065625
7 0.21388888888888888 0.52421875 0.42777777777777776 0.065625
7 0.22152777777777777 0.58984375 0.44305555555555554 0.065625
7 0.2861111111111111 0.65546875 0.5722222222222222 0.065625
7 0.1232638888888889 0.72109375 0.2465277777777778 0.065625
7 0.11875 0.76484375 0.2375 0.021875
7 0.17430555555555555 0.79765625 0.3486111111111111 -0.04375
7 0.12569444444444444 0.83046875 0.2513888888888889 -0.109375
7 0.39131944444444444 0.86328125 0.7826388888888889 -0.175
5 0.125 0.8208984375 0.25 0.090234375
5 0.375 0.8208984375 0.25 0.090234375
5 0.625 0.8208984375 0.25 0.090234375
5 0.875 0.8208984375 0.25 0.090234375
