14 0.5 0.2310546875 0.9263888888888889 0.092578125
14 0.5 0.3427734375 0.9263888888888889 0.048046875
14 0.5 0.4544921875 0.9263888888888889 0.092578125
14 0.5 0.5662109375 0.9263888888888889 0.048046875
14 0.2111111111111111 0.6556640625 0.3486111111111111 0.048046875
5 0.019444444444444445 0.065625 0.03888888888888889 0.021875
5 0.06875 0.065625 0.07777777777777778 0.04375
14 0.17569444444444443 0.0654296875 0.11666666666666667 0.033203125
14 0.12638888888888888 0.1310546875 0.05694444444444444 0.022265625
14 0.3815972222222222 0.1310546875 0.05763888888888889 0.022265625
14 0.6364583333333333 0.1310546875 0.09375 0.022265625
14 0.8909722222222223 0.1310546875 0.1527777777777778 0.022265625
