5 0.13506944444444444 0.8955078125 0.08402777777777778 0.034765625
5 0.24479166666666666 0.8955078125 0.13541666666666666 0.043359375
5 0.36736111111111114 0.8955078125 0.10972222222222222 0.043359375
5 0.6225694444444444 0.8955078125 0.08402777777777778 0.034765625
5 0.7322916666666667 0.8955078125 0.13541666666666666 0.043359375
5 0.8548611111111111 0.8955078125 0.10972222222222222 0.043359375
5 0.0 0.85859375 0.0 0.0
14 0.0 0.85859375 0.0 0.0
14 0.0 0.85859375 0.0 0.0
5 0.0 0.85859375 0.0 0.0
5 0.06631944444444444 0.1357421875 0.10347222222222222 0.058203125
14 0.3173611111111111 0.13359375 0.3736111111111111 0.05390625
5 0.06631944444444444 0.1939453125 0.10347222222222222 0.058203125
5 0.06631944444444444 0.239453125 0.10347222222222222 0.0328125
14 0.33958333333333335 0.19453125 0.41805555555555557 0.05390625
0 0.014583333333333334 0.106640625 0.0 0.0
5 0.06875 0.065625 0.07777777777777778 0.04375
14 0.2965277777777778 0.0654296875 0.2611111111111111 0.033203125
10 0.3111111111111111 0.065625 0.3875 0.065625
0 0.9319444444444445 0.065625 0.1361111111111111 0.065625
