14 0.2420138888888889 0.0708984375 0.19236111111111112 0.036328125
14 0.2565972222222222 0.07109375 0.16319444444444445 0.02578125
14 0.39340277777777777 0.07109375 -0.11041666666666666 0.02578125
14 0.478125 0.07109375 -0.2798611111111111 0.02578125
14 0.6440972222222222 0.07109375 -0.6118055555555556 0.02578125
14 0.1361111111111111 0.0708984375 0.0 0.036328125
4 0.06805555555555555 0.07109375 0.1361111111111111 0.0765625
14 0.428125 0.1322265625 0.7534722222222222 0.018359375
5 0.8767361111111112 0.1322265625 0.14375 0.045703125
14 0.0 0.109375 0.0 0.0
4 0.0 0.109375 0.0 0.0
5 0.5 0.302734375 1.0 0.2953125
14 0.5 0.3890625 0.9319444444444445 0.0296875
14 0.5 0.4130859375 0.9319444444444445 0.018359375
5 0.5 0.598046875 1.0 0.2953125
14 0.5 0.684375 0.9319444444444445 0.0296875
14 0.5 0.7083984375 0.9319444444444445 0.018359375
5 0.5 0.7984375 1.0 0.10546875
14 0.5 0.9080078125 0.9319444444444445 -0.113671875
14 0.5 0.9228515625 0.9319444444444445 -0.143359375
5 0.0 0.109375 0.0 0.0
14 0.0 0.109375 0.0 0.0
14 0.0 0.109375 0.0 0.0
14 0.0 0.109375 0.0 0.0
5 0.0 0.109375 0.0 0.0
14 0.0 0.109375 0.0 0.0
14 0.0 0.109375 0.0 0.0
0 0.0 0.109375 0.0 0.0
0 0.0 0.109375 0.0 0.0
5 0.16666666666666666 0.878515625 0.058333333333333334 0.0328125
14 0.16701388888888888 0.9078125 0.06597222222222222 0.021875
5 0.49930555555555556 0.878515625 0.058333333333333334 0.0328125
14 0.49930555555555556 0.9078125 0.08194444444444444 0.021875
5 0.8319444444444445 0.87578125 0.058333333333333334 0.0328125
14 0.8319444444444445 0.905078125 0.13472222222222222 0.02578125
