14 0.0 0.041015625 0.0 0.08203125
14 0.0 0.041015625 0.0 0.08203125
14 0.0 0.041015625 0.0 0.08203125
5 0.04861111111111111 0.1474609375 -0.09722222222222222 0.048046875
14 0.10347222222222222 0.06953125 -0.20694444444444443 0.07109375
14 0.10347222222222222 0.093359375 -0.20694444444444443 0.0
14 0.10347222222222222 0.1712890625 -0.20694444444444443 0.155859375
5 0.04861111111111111 0.4794921875 -0.09722222222222222 0.048046875
14 0.10347222222222222 0.323828125 -0.20694444444444443 0.07109375
14 0.10347222222222222 0.34765625 -0.20694444444444443 0.0
14 0.10347222222222222 0.503515625 -0.20694444444444443 0.31171875
5 0.04861111111111111 0.7990234375 -0.09722222222222222 0.048046875
14 0.10347222222222222 0.733984375 -0.20694444444444443 0.07109375
14 0.10347222222222222 0.7578125 -0.20694444444444443 0.0
14 0.10347222222222222 0.823046875 -0.20694444444444443 0.13046875
5 0.04861111111111111 0.913671875 -0.09722222222222222 0.0
14 0.10347222222222222 0.9205078125 -0.20694444444444443 -0.013671875
14 0.10347222222222222 0.9205078125 -0.20694444444444443 -0.013671875
14 0.004861111111111111 0.8865234375 -0.009722222222222222 0.002734375
14 0.014583333333333334 0.8865234375 -0.029166666666666667 0.002734375
14 0.024305555555555556 0.8865234375 -0.04861111111111111 0.002734375
14 0.034027777777777775 0.8865234375 -0.06805555555555555 0.002734375
14 0.04375 0.8865234375 -0.0875 0.002734375
14 0.05347222222222222 0.8865234375 -0.10694444444444444 0.002734375
14 0.05486111111111111 0.041015625 0.10972222222222222 0.08203125
14 0.5 0.041015625 0.2222222222222222 0.08203125
14 0.9815972222222222 0.041015625 0.03680555555555556 0.08203125
14 0.5 0.1298828125 1.0 0.095703125
14 0.5 0.2271484375 1.0 0.095703125
14 0.5 0.3244140625 1.0 0.095703125
14 0.5 0.4216796875 1.0 0.095703125
14 0.5 0.5189453125 1.0 0.095703125
14 0.5 0.6162109375 1.0 0.095703125
