14 0.1545138888888889 0.07109375 0.17291666666666666 0.04375
14 0.3954861111111111 0.07109375 0.19236111111111112 0.04375
14 0.5 0.4876953125 0.2722222222222222 0.208203125
6 0.5 0.4875 0.11666666666666667 0.065625
5 0.16631944444444444 0.2029296875 0.3326388888888889 0.187109375
5 0.04375 0.27265625 0.03888888888888889 0.021875
14 0.18368055555555557 0.27265625 0.21180555555555555 0.02578125
14 0.3111111111111111 0.27265625 0.02361111111111111 0.02109375
5 0.0 0.109375 0.0 0.0
14 0.0 0.109375 0.0 0.0
5 0.4996527777777778 0.2029296875 0.3326388888888889 0.187109375
5 0.3770833333333333 0.27265625 0.03888888888888889 0.021875
14 0.5170138888888889 0.27265625 0.21180555555555555 0.02578125
14 0.6444444444444445 0.27265625 0.02361111111111111 0.02109375
5 0.3333333333333333 0.109375 0.0 0.0
14 0.3333333333333333 0.109375 0.0 0.0
5 0.8329861111111111 0.2029296875 0.3326388888888889 0.187109375
5 0.7104166666666667 0.27265625 0.03888888888888889 0.021875
14 0.8503472222222223 0.27265625 0.21180555555555555 0.02578125
14 0.9777777777777777 0.27265625 0.02361111111111111 0.02109375
5 0.6666666666666666 0.109375 0.0 0.0
14 0.6666666666666666 0.109375 0.0 0.0
5 0.16631944444444444 0.3904296875 0.3326388888888889 0.187109375
5 0.04375 0.46015625 0.03888888888888889 0.021875
14 0.18368055555555557 0.46015625 0.21180555555555555 0.02578125
14 0.3111111111111111 0.46015625 0.02361111111111111 0.02109375
5 0.0 0.296875 0.0 0.0
14 0.0 0.296875 0.0 0.0
5 0.4996527777777778 0.3904296875 0.3326388888888889 0.187109375
5 0.3770833333333333 0.46015625 0.03888888888888889 0.021875
14 0.5170138888888889 0.46015625 0.21180555555555555 0.02578125
14 0.6444444444444445 0.46015625 0.02361111111111111 0.02109375
5 0.3333333333333333 0.296875 0.0 0.0
14 0.3333333333333333 0.296875 0.0 0.0
5 0.8329861111111111 0.3904296875 0.3326388888888889 0.187109375
5 0.7104166666666667 0.46015625 0.03888888888888889 0.021875
14 0.8503472222222223 0.46015625 0.21180555555555555 0.02578125
14 0.9777777777777777 0.46015625 0.02361111111111111 0.02109375
5 0.6666666666666666 0.296875 0.0 0.0
14 0.6666666666666666 0.296875 0.0 0.0
5 0.16631944444444444 0.5779296875 0.3326388888888889 0.187109375
5 0.04375 0.64765625 0.03888888888888889 0.021875
14 0.18368055555555557 0.64765625 0.21180555555555555 0.02578125
14 0.3111111111111111 0.64765625 0.02361111111111111 0.02109375
5 0.0 0.484375 0.0 0.0
14 0.0 0.484375 0.0 0.0
5 0.4996527777777778 0.5779296875 0.3326388888888889 0.187109375
5 0.3770833333333333 0.64765625 0.03888888888888889 0.021875
14 0.5170138888888889 0.64765625 0.21180555555555555 0.02578125
14 0.6444444444444445 0.64765625 0.02361111111111111 0.02109375
5 0.3333333333333333 0.484375 0.0 0.0
14 0.3333333333333333 0.484375 0.0 0.0
5 0.8329861111111111 0.5779296875 0.3326388888888889 0.187109375
5 0.7104166666666667 0.64765625 0.03888888888888889 0.021875
14 0.8503472222222223 0.64765625 0.21180555555555555 0.02578125
14 0.9777777777777777 0.64765625 0.02361111111111111 0.02109375
5 0.6666666666666666 0.484375 0.0 0.0
14 0.6666666666666666 0.484375 0.0 0.0
5 0.16631944444444444 0.7654296875 0.3326388888888889 0.187109375
5 0.04375 0.83515625 0.03888888888888889 0.021875
14 0.18368055555555557 0.83515625 0.21180555555555555 0.02578125
14 0.3111111111111111 0.83515625 0.02361111111111111 0.02109375
5 0.0 0.671875 0.0 0.0
14 0.0 0.671875 0.0 0.0
5 0.4996527777777778 0.7654296875 0.3326388888888889 0.187109375
5 0.3770833333333333 0.83515625 0.03888888888888889 0.021875
14 0.5170138888888889 0.83515625 0.21180555555555555 0.02578125
14 0.6444444444444445 0.83515625 0.02361111111111111 0.02109375
5 0.3333333333333333 0.671875 0.0 0.0
14 0.3333333333333333 0.671875 0.0 0.0
5 0.8329861111111111 0.7654296875 0.3326388888888889 0.187109375
5 0.7104166666666667 0.83515625 0.03888888888888889 0.021875
14 0.8503472222222223 0.83515625 0.21180555555555555 0.02578125
14 0.9777777777777777 0.83515625 0.02361111111111111 0.02109375
5 0.6666666666666666 0.671875 0.0 0.0
14 0.6666666666666666 0.671875 0.0 0.0
5 0.16631944444444444 0.8626953125 0.3326388888888889 0.006640625
5 0.0 0.859375 0.0 0.0
14 0.0 0.859375 0.0 0.0
5 0.4996527777777778 0.8626953125 0.3326388888888889 0.006640625
5 0.3333333333333333 0.859375 0.0 0.0
14 0.3333333333333333 0.859375 0.0 0.0
5 0.8329861111111111 0.8626953125 0.3326388888888889 0.006640625
5 0.6666666666666666 0.859375 0.0 0.0
14 0.6666666666666666 0.859375 0.0 0.0
4 0.0 0.109375 0.0 0.0
14 0.0 0.109375 0.0 0.0
0 0.8607638888888889 0.88515625 0.22013888888888888 0.065625
0 0.8607638888888889 0.88515625 0.22013888888888888 0.065625
0 0.8607638888888889 0.88515625 0.22013888888888888 0.065625
