6 0.5 0.482421875 0.11666666666666667 0.065625
14 0.00034722222222222224 0.07109375 0.0006944444444444445 0.0765625
14 0.2503472222222222 0.07109375 0.0006944444444444445 0.0765625
14 0.5003472222222223 0.07109375 0.0006944444444444445 0.0765625
14 0.7503472222222223 0.07109375 0.0006944444444444445 0.0765625
5 0.12465277777777778 0.1798828125 0.24930555555555556 0.140234375
5 0.3746527777777778 0.1798828125 0.24930555555555556 0.140234375
5 0.6246527777777777 0.1798828125 0.24930555555555556 0.140234375
5 0.8746527777777777 0.1798828125 0.24930555555555556 0.140234375
5 0.12465277777777778 0.3205078125 0.24930555555555556 0.140234375
5 0.3746527777777778 0.3205078125 0.24930555555555556 0.140234375
5 0.6246527777777777 0.3205078125 0.24930555555555556 0.140234375
5 0.8746527777777777 0.3205078125 0.24930555555555556 0.140234375
5 0.12465277777777778 0.4611328125 0.24930555555555556 0.140234375
4 0.9416666666666667 0.82890625 0.11666666666666667 0.065625
14 0.44166666666666665 0.8291015625 0.8833333333333333 0.069921875
14 0.30972222222222223 0.0708984375 0.11388888888888889 0.027734375
4 0.06805555555555555 0.07109375 0.1361111111111111 0.0765625
5 0.21388888888888888 0.07109375 0.07777777777777778 0.04375
0 0.8607638888888889 0.88515625 0.22013888888888888 0.065625
