14 0.5 0.1462890625 1.0 0.073828125
14 0.5 0.2201171875 1.0 0.073828125
14 0.5 0.2939453125 1.0 0.073828125
14 0.5 0.3677734375 1.0 0.073828125
14 0.5 0.4416015625 1.0 0.073828125
14 0.5 0.1462890625 1.0 0.073828125
14 0.5 0.2201171875 1.0 0.073828125
14 0.5 0.2939453125 1.0 0.073828125
14 0.5 0.3677734375 1.0 0.073828125
14 0.5 0.4416015625 1.0 0.073828125
14 0.5 0.5154296875 1.0 0.073828125
14 0.5 0.5892578125 1.0 0.073828125
14 0.5 0.6630859375 1.0 0.073828125
14 0.5 0.7369140625 1.0 0.073828125
14 0.5 0.8107421875 1.0 0.073828125
14 0.5 0.8845703125 1.0 0.073828125
14 0.5 0.9279296875 1.0 0.012890625
14 0.25277777777777777 0.0708984375 0.15555555555555556 0.036328125
4 0.06805555555555555 0.07109375 0.1361111111111111 0.0765625
