0 0.05486111111111111 0.063671875 0.10972222222222222 0.06171875
0 0.15347222222222223 0.063671875 0.0875 0.04921875
14 0.4888888888888889 0.063671875 0.17777777777777778 0.06171875
0 0.8354166666666667 0.063671875 0.10972222222222222 0.06171875
14 0.9395833333333333 0.045703125 0.09861111111111111 0.02578125
10 0.9451388888888889 0.063671875 0.10972222222222222 0.06171875
14 0.5 0.0859375 1.0 -0.06875
14 0.5 0.126953125 1.0 0.01328125
14 0.50625 0.1791015625 0.9875 0.036328125
14 0.5 0.2314453125 1.0 0.068359375
14 0.5 0.3345703125 1.0 0.102734375
14 0.5 0.4337890625 1.0 0.068359375
14 0.50625 0.5134765625 0.9875 0.036328125
14 0.5 0.5658203125 1.0 0.068359375
14 0.5 0.6689453125 1.0 0.102734375
14 0.5 0.7681640625 1.0 0.068359375
14 0.50625 0.8478515625 0.9875 0.036328125
14 0.5 0.9001953125 1.0 0.068359375
14 0.0 0.1263671875 0.0 0.063671875
14 0.0 0.6619140625 0.0 0.063671875
14 0.0 0.7263671875 0.0 0.063671875
14 0.0 0.7908203125 0.0 0.063671875
