14 0.0 0.0 0.0 0.0
14 0.1284722222222222 0.0765625 0.2569444444444444 0.0875
14 0.375 0.0765625 0.2638888888888889 0.0875
14 0.625 0.0765625 0.2638888888888889 0.0875
14 0.8715277777777778 0.0765625 0.2569444444444444 0.0875
5 0.07951388888888888 0.1640625 0.15902777777777777 0.0875
14 0.9815972222222222 0.1529296875 0.03680555555555556 0.025390625
14 0.5611111111111111 0.1490234375 0.8041666666666667 0.037890625
14 0.5611111111111111 0.1828125 0.8041666666666667 0.0296875
5 0.9708333333333333 0.179296875 0.0 0.0
5 0.07951388888888888 0.25234375 0.15902777777777777 0.0875
14 0.9815972222222222 0.2412109375 0.03680555555555556 0.025390625
14 0.5611111111111111 0.2373046875 0.8041666666666667 0.037890625
14 0.5611111111111111 0.27109375 0.8041666666666667 0.0296875
5 0.9708333333333333 0.267578125 0.0 0.0
5 0.07951388888888888 0.340625 0.15902777777777777 0.0875
14 0.9815972222222222 0.3294921875 0.03680555555555556 0.025390625
14 0.5611111111111111 0.3255859375 0.8041666666666667 0.037890625
14 0.5611111111111111 0.359375 0.8041666666666667 0.0296875
5 0.9708333333333333 0.355859375 0.0 0.0
5 0.07951388888888888 0.42890625 0.15902777777777777 0.0875
14 0.9815972222222222 0.4146484375 0.03680555555555556 0.025390625
14 0.5611111111111111 0.4107421875 0.8041666666666667 0.037890625
14 0.5611111111111111 0.44453125 0.8041666666666667 0.0296875
5 0.9489583333333333 0.4533203125 0.04375 0.024609375
5 0.07951388888888888 0.5171875 0.15902777777777777 0.0875
14 0.9815972222222222 0.5060546875 0.03680555555555556 0.025390625
14 0.5611111111111111 0.5021484375 0.8041666666666667 0.037890625
14 0.5611111111111111 0.5359375 0.8041666666666667 0.0296875
5 0.9708333333333333 0.532421875 0.0 0.0
5 0.07951388888888888 0.60546875 0.15902777777777777 0.0875
14 0.9815972222222222 0.5943359375 0.03680555555555556 0.025390625
14 0.5611111111111111 0.5904296875 0.8041666666666667 0.037890625
14 0.5611111111111111 0.62421875 0.8041666666666667 0.0296875
5 0.9708333333333333 0.620703125 0.0 0.0
5 0.07951388888888888 0.69375 0.15902777777777777 0.0875
14 0.9815972222222222 0.6826171875 0.03680555555555556 0.025390625
14 0.5611111111111111 0.6787109375 0.8041666666666667 0.037890625
14 0.5611111111111111 0.7125 0.8041666666666667 0.0296875
5 0.9708333333333333 0.708984375 0.0 0.0
5 0.07951388888888888 0.78203125 0.15902777777777777 0.0875
14 0.9815972222222222 0.7708984375 0.03680555555555556 0.025390625
14 0.5611111111111111 0.7669921875 0.8041666666666667 0.037890625
14 0.5611111111111111 0.80078125 0.8041666666666667 0.0296875
5 0.9708333333333333 0.797265625 0.0 0.0
5 0.07951388888888888 0.83671875 0.15902777777777777 0.0203125
14 0.9815972222222222 0.8466796875 0.03680555555555556 0.000390625
14 0.5611111111111111 0.8416015625 0.8041666666666667 0.010546875
14 0.5611111111111111 0.860546875 0.8041666666666667 -0.02734375
5 0.9708333333333333 0.8662109375 0.0 -0.038671875
14 0.44722222222222224 0.8763671875 0.7972222222222223 0.037890625
14 0.44722222222222224 0.91015625 0.7972222222222223 0.0296875
5 0.9236111111111112 0.89140625 0.07777777777777778 0.04375
