14 0.28020833333333334 0.0708984375 0.21041666666666667 0.036328125
4 0.06805555555555555 0.07109375 0.1361111111111111 0.0765625
5 0.0 0.109375 0.0 0.0
14 0.0 0.109375 0.0 0.0
14 0.0 0.109375 0.0 0.0
14 0.09756944444444444 0.1421875 0.13680555555555557 0.02578125
14 0.2923611111111111 0.1421875 0.1361111111111111 0.02578125
14 0.47708333333333336 0.1421875 0.1125 0.02578125
14 0.6694444444444444 0.1421875 0.15138888888888888 0.02578125
14 0.9017361111111111 0.1421875 0.19652777777777777 0.02578125
14 0.0 0.298828125 0.0 0.00078125
14 0.0 0.41015625 0.0 0.00078125
14 0.0 0.521484375 0.0 0.00078125
5 0.09756944444444444 0.2435546875 0.1701388888888889 0.095703125
14 0.2659722222222222 0.2306640625 0.12638888888888888 0.027734375
14 0.3767361111111111 0.257421875 0.34791666666666665 0.02578125
4 0.9288194444444444 0.2435546875 0.06319444444444444 0.035546875
5 0.09756944444444444 0.29921875 0.1701388888888889 0.0015625
14 0.5975694444444445 0.298828125 0.8048611111111111 0.00078125
5 0.09756944444444444 0.3544921875 0.1701388888888889 0.095703125
14 0.2659722222222222 0.3416015625 0.12638888888888888 0.027734375
14 0.3628472222222222 0.368359375 0.32013888888888886 0.02578125
4 0.9288194444444444 0.3544921875 0.06319444444444444 0.035546875
5 0.09756944444444444 0.41015625 0.1701388888888889 0.0015625
14 0.5975694444444445 0.409765625 0.8048611111111111 0.00078125
5 0.09756944444444444 0.4654296875 0.1701388888888889 0.095703125
14 0.2659722222222222 0.4525390625 0.12638888888888888 0.027734375
14 0.3642361111111111 0.479296875 0.3229166666666667 0.02578125
4 0.9288194444444444 0.4654296875 0.06319444444444444 0.035546875
5 0.09756944444444444 0.52109375 0.1701388888888889 0.0015625
14 0.5975694444444445 0.520703125 0.8048611111111111 0.00078125
0 1.0 0.175 0.0 0.0
0 1.0 0.175 0.0 0.0
14 1.0 0.5787109375 0.0 0.063671875
5 0.06736111111111111 0.815625 0.10972222222222222 0.06171875
14 0.22465277777777778 0.803125 0.13125 0.0296875
14 0.18958333333333333 0.83046875 0.06111111111111111 0.025
4 0.9145833333333333 0.815625 0.14583333333333334 0.03828125
