0 0.5 0.066796875 0.14583333333333334 0.04375
0 0.3298611111111111 0.066796875 0.14583333333333334 0.04375
14 0.7909722222222222 0.066796875 0.06805555555555555 0.02578125
5 0.084375 0.17109375 0.052083333333333336 -0.01640625
14 0.4996527777777778 0.1701171875 0.30069444444444443 -0.018359375
5 0.0 0.179296875 0.0 0.0
14 0.0 0.179296875 0.0 0.0
5 0.11527777777777778 0.1970703125 0.23055555555555557 0.033984375
5 0.0 0.214453125 0.0 0.0
14 0.5 0.2447265625 0.9513888888888888 0.033203125
14 0.5 0.2705078125 0.9513888888888888 0.018359375
14 0.5 0.300390625 0.9513888888888888 0.04140625
5 0.00625 0.374609375 0.0125 0.07890625
5 0.0 0.33515625 0.0 0.0
14 0.47465277777777776 0.3654296875 0.8756944444444444 0.033203125
14 0.47465277777777776 0.3912109375 0.8756944444444444 0.018359375
5 0.95625 0.374609375 0.03888888888888889 0.021875
5 0.00625 0.45390625 0.0125 0.07890625
5 0.0 0.414453125 0.0 0.0
14 0.47465277777777776 0.4447265625 0.8756944444444444 0.033203125
14 0.47465277777777776 0.4705078125 0.8756944444444444 0.018359375
5 0.95625 0.45390625 0.03888888888888889 0.021875
5 0.00625 0.533203125 0.0125 0.07890625
5 0.0 0.49375 0.0 0.0
14 0.47465277777777776 0.5240234375 0.8756944444444444 0.033203125
14 0.47465277777777776 0.5498046875 0.8756944444444444 0.018359375
5 0.95625 0.533203125 0.03888888888888889 0.021875
5 0.00625 0.6125 0.0125 0.07890625
5 0.0 0.573046875 0.0 0.0
14 0.47465277777777776 0.6033203125 0.8756944444444444 0.033203125
14 0.47465277777777776 0.6291015625 0.8756944444444444 0.018359375
5 0.95625 0.6125 0.03888888888888889 0.021875
5 0.11527777777777778 0.6697265625 0.23055555555555557 0.033984375
5 0.1701388888888889 0.7296875 0.2916666666666667 0.0578125
14 0.6579861111111112 0.730078125 0.6354166666666666 0.05703125
14 0.6579861111111112 0.7609375 0.6354166666666666 -0.0046875
14 0.6579861111111112 0.7701171875 0.6354166666666666 -0.023046875
14 0.0 0.179296875 0.0 0.0
6 0.0 0.179296875 0.0 0.0
5 0.23993055555555556 0.1328125 0.3159722222222222 0.08203125
5 0.5920138888888888 0.1328125 0.3159722222222222 0.08203125
14 0.2743055555555556 0.1240234375 0.22361111111111112 0.020703125
14 0.2743055555555556 0.1517578125 0.22361111111111112 0.020703125
14 0.6263888888888889 0.1240234375 0.22361111111111112 0.020703125
14 0.6263888888888889 0.1517578125 0.22361111111111112 0.020703125
14 0.001388888888888889 0.03359375 0.002777777777777778 0.0015625
5 0.7951388888888888 0.1294921875 0.4097222222222222 0.193359375
0 0.696875 0.1630859375 0.1701388888888889 0.095703125
0 0.6100694444444444 0.0525390625 0.1701388888888889 0.039453125
0 0.9291666666666667 0.2119140625 0.14166666666666666 0.095703125
4 0.9003472222222222 0.0779296875 0.15069444444444444 0.084765625
