5 0.11875 0.142578125 0.04861111111111111 0.02734375
14 0.18819444444444444 0.142578125 0.09027777777777778 0.02578125
5 0.44583333333333336 0.142578125 0.04861111111111111 0.02734375
14 0.5239583333333333 0.142578125 0.1076388888888889 0.02578125
5 0.8256944444444444 0.142578125 0.0 0.0
14 0.8354166666666667 0.142578125 0.019444444444444445 0.02578125
5 0.06701388888888889 0.2103515625 0.08541666666666667 0.048046875
14 0.5427083333333333 0.2103515625 0.8659722222222223 0.048046875
5 0.0 0.115234375 0.0 0.0
14 0.0 0.115234375 0.0 0.0
14 1.0 0.7421875 0.0 -0.0015625
14 1.0 0.7421875 0.0 -0.0015625
9 1.0 0.7421875 0.0 -0.0015625
1 1.0 0.7421875 0.0 -0.0015625
14 1.0 0.7421875 0.0 -0.0015625
14 1.0 0.7421875 0.0 -0.0015625
9 1.0 0.7421875 0.0 -0.0015625
14 1.0 0.7421875 0.0 -0.0015625
14 1.0 0.7421875 0.0 -0.0015625
9 1.0 0.7421875 0.0 -0.0015625
1 1.0 0.7421875 0.0 -0.0015625
4 0.9510416666666667 0.1412109375 0.07291666666666667 0.041015625
4 0.8538194444444445 0.1412109375 0.07291666666666667 0.041015625
4 0.49895833333333334 0.837890625 0.2673611111111111 0.17890625
9 0.0 0.7484375 0.0 0.0
14 0.0 0.7484375 0.0 0.0
9 0.0 0.7484375 0.0 0.0
4 0.0 0.7484375 0.0 0.0
4 0.0 0.7484375 0.0 0.0
5 0.0 0.0 0.0 0.0
14 0.0 0.0 0.0 0.0
0 0.0 0.0 0.0 0.0
