5 0.5 0.2701171875 0.5638888888888889 0.064453125
14 0.5 0.3693359375 0.8291666666666667 0.051953125
3 0.5 0.437109375 0.8541666666666666 0.05625
0 0.5 0.5076171875 0.8541666666666666 0.057421875
14 0.5 0.5630859375 0.8541666666666666 0.026171875
5 0.0 0.2515625 0.0 0.4375
5 0.4232638888888889 0.9005859375 0.01875 0.010546875
5 0.46145833333333336 0.9005859375 0.01875 0.010546875
5 0.4996527777777778 0.9005859375 0.01875 0.010546875
5 0.5378472222222223 0.9005859375 0.01875 0.010546875
5 0.5760416666666667 0.9005859375 0.01875 0.010546875
