5 0.09861111111111111 0.065625 0.19722222222222222 0.065625
5 0.259375 0.065625 0.12430555555555556 0.065625
14 0.42986111111111114 0.054296875 0.0 0.0296875
14 0.42986111111111114 0.0802734375 0.3111111111111111 0.022265625
4 0.7215277777777778 0.065625 0.11666666666666667 0.065625
4 0.8381944444444445 0.065625 0.11666666666666667 0.065625
4 0.9482638888888889 0.065625 0.10347222222222222 0.065625
0 0.16527777777777777 0.1259765625 0.33055555555555555 0.051953125
0 0.5003472222222223 0.1259765625 0.3298611111111111 0.051953125
0 0.8350694444444444 0.1259765625 0.3298611111111111 0.051953125
14 0.53125 0.5087890625 0.24861111111111112 0.022265625
14 0.5 0.190234375 0.9708333333333333 0.05703125
5 0.09930555555555555 0.274609375 0.14583333333333334 0.08203125
14 0.9208333333333333 0.2529296875 0.0763888888888889 0.038671875
14 0.8243055555555555 0.251171875 0.11666666666666667 0.03515625
14 0.47638888888888886 0.2509765625 0.5791666666666667 0.034765625
14 0.9163194444444445 0.2939453125 0.06736111111111111 0.037109375
14 0.7868055555555555 0.29296875 0.19166666666666668 0.03515625
14 0.4388888888888889 0.291796875 0.5041666666666667 0.0328125
14 0.09965277777777778 0.35390625 0.08819444444444445 0.0296875
14 0.10590277777777778 0.38359375 0.10069444444444445 0.0296875
14 0.17708333333333334 0.35390625 0.041666666666666664 0.0296875
14 0.22430555555555556 0.35390625 0.05277777777777778 0.0296875
14 0.29409722222222223 0.35390625 0.08680555555555555 0.0296875
14 0.23055555555555557 0.38359375 0.04027777777777778 0.0296875
14 0.29409722222222223 0.38359375 0.08680555555555555 0.0296875
14 0.4996527777777778 0.35390625 0.15625 0.0296875
14 0.45729166666666665 0.38359375 0.07152777777777777 0.0296875
14 0.14618055555555556 0.43515625 0.18125 0.0296875
14 0.12430555555555556 0.46484375 0.1375 0.0296875
14 0.7184027777777777 0.43515625 0.12986111111111112 0.0296875
14 0.8635416666666667 0.4361328125 0.16041666666666668 0.031640625
14 0.7131944444444445 0.46484375 0.11944444444444445 0.0296875
14 0.8638888888888889 0.4658203125 0.16111111111111112 0.031640625
14 0.7350694444444444 0.35390625 0.16319444444444445 0.0296875
14 0.6930555555555555 0.38359375 0.07916666666666666 0.0296875
14 0.4996527777777778 0.43515625 0.14652777777777778 0.0296875
14 0.490625 0.46484375 0.1284722222222222 0.0296875
14 0.1329861111111111 0.51640625 0.15486111111111112 0.0296875
14 0.44479166666666664 0.51640625 0.46875 0.0296875
5 0.09930555555555555 0.609765625 0.14583333333333334 0.08203125
14 0.2621527777777778 0.5873046875 0.15069444444444444 0.037109375
14 0.9243055555555556 0.609765625 0.09861111111111111 0.08203125
14 0.8256944444444444 0.609765625 0.09861111111111111 0.08203125
14 0.48159722222222223 0.62890625 0.5895833333333333 0.03515625
5 0.09930555555555555 0.712890625 0.14583333333333334 0.08203125
14 0.2798611111111111 0.6904296875 0.18611111111111112 0.037109375
14 0.9243055555555556 0.712890625 0.09861111111111111 0.08203125
14 0.8256944444444444 0.712890625 0.09861111111111111 0.08203125
14 0.48159722222222223 0.73203125 0.5895833333333333 0.03515625
5 0.09930555555555555 0.816015625 0.14583333333333334 0.08203125
14 0.24930555555555556 0.7935546875 0.125 0.037109375
14 0.9243055555555556 0.816015625 0.09861111111111111 0.08203125
14 0.8256944444444444 0.816015625 0.09861111111111111 0.08203125
14 0.48159722222222223 0.83515625 0.5895833333333333 0.03515625
5 0.09930555555555555 0.8720703125 0.14583333333333334 -0.012109375
14 0.275 0.8720703125 0.1763888888888889 -0.012109375
14 0.9243055555555556 0.8720703125 0.09861111111111111 -0.012109375
14 0.8256944444444444 0.8720703125 0.09861111111111111 -0.012109375
14 0.48159722222222223 0.893359375 0.5895833333333333 -0.0546875
5 0.09930555555555555 0.9236328125 0.14583333333333334 -0.115234375
14 0.26145833333333335 0.9236328125 0.14930555555555555 -0.115234375
14 0.9243055555555556 0.9236328125 0.09861111111111111 -0.115234375
14 0.8256944444444444 0.9236328125 0.09861111111111111 -0.115234375
14 0.53125 0.5087890625 0.33055555555555555 0.022265625
14 0.14583333333333334 0.8275390625 0.2916666666666667 0.033203125
9 0.5777777777777777 0.827734375 0.5722222222222222 0.04375
4 0.9319444444444445 0.827734375 0.1361111111111111 0.0765625
14 0.0 0.151953125 0.0 0.0
14 0.0 0.151953125 0.0 0.0
14 0.0 0.151953125 0.0 0.0
14 0.0 0.151953125 0.0 0.0
14 0.0 0.151953125 0.0 0.0
14 0.0 0.151953125 0.0 0.0
14 0.0 0.151953125 0.0 0.0
14 0.0 0.151953125 0.0 0.0
14 0.0 0.151953125 0.0 0.0
14 0.0 0.151953125 0.0 0.0
14 0.0 0.151953125 0.0 0.0
14 0.0 0.151953125 0.0 0.0
14 0.0 0.151953125 0.0 0.0
14 0.0 0.151953125 0.0 0.0
14 0.0 0.151953125 0.0 0.0
14 0.0 0.151953125 0.0 0.0
14 0.0 0.151953125 0.0 0.0
14 0.0 0.151953125 0.0 0.0
14 0.0 0.151953125 0.0 0.0
14 0.0 0.151953125 0.0 0.0
14 0.0 0.151953125 0.0 0.0
14 0.0 0.151953125 0.0 0.0
14 0.0 0.151953125 0.0 0.0
14 0.0 0.151953125 0.0 0.0
14 0.5315972222222223 0.5087890625 0.20902777777777778 0.022265625
0 0.0 0.153515625 0.0 0.0
0 0.0 0.153515625 0.0 0.0
4 0.07777777777777778 0.769921875 0.1361111111111111 0.0765625
4 0.9222222222222223 0.769921875 0.1361111111111111 0.0765625
4 0.23333333333333334 0.769921875 0.1361111111111111 0.0765625
14 0.25 0.8361328125 0.5 0.049609375
6 0.75 0.838671875 0.5 0.0546875
