14 0.5 0.04765625 1.0 0.0296875
14 0.5 0.08984375 1.0 0.0546875
0 0.06076388888888889 0.0896484375 0.07291666666666667 0.041015625
14 0.5 0.134765625 0.9513888888888888 0.0296875
14 0.9475694444444445 0.165234375 0.05625 0.02578125
14 0.10277777777777777 0.203515625 0.15694444444444444 0.02578125
14 0.8055555555555556 0.203515625 0.3402777777777778 0.02578125
14 0.5 0.237890625 0.9513888888888888 0.0296875
14 0.8673611111111111 0.268359375 0.21666666666666667 0.02578125
14 0.10277777777777777 0.306640625 0.15694444444444444 0.02578125
14 0.8055555555555556 0.306640625 0.3402777777777778 0.02578125
14 0.5 0.341015625 0.9513888888888888 0.0296875
14 0.8770833333333333 0.371484375 0.19722222222222222 0.02578125
14 0.10277777777777777 0.409765625 0.15694444444444444 0.02578125
14 0.8055555555555556 0.409765625 0.3402777777777778 0.02578125
14 0.5 0.444140625 0.9513888888888888 0.0296875
14 0.8673611111111111 0.474609375 0.21666666666666667 0.02578125
14 0.10277777777777777 0.512890625 0.15694444444444444 0.02578125
14 0.8055555555555556 0.512890625 0.3402777777777778 0.02578125
14 0.5 0.547265625 0.9513888888888888 0.0296875
14 0.8770833333333333 0.577734375 0.19722222222222222 0.02578125
14 0.10277777777777777 0.616015625 0.15694444444444444 0.02578125
14 0.8055555555555556 0.616015625 0.3402777777777778 0.02578125
14 0.5 0.650390625 0.9513888888888888 0.0296875
14 0.8770833333333333 0.680859375 0.19722222222222222 0.02578125
14 0.1125 0.719140625 0.1763888888888889 0.02578125
14 0.8055555555555556 0.719140625 0.3402777777777778 0.02578125
14 0.5 0.753515625 0.9513888888888888 0.0296875
14 0.9142361111111111 0.783984375 0.12291666666666666 0.02578125
14 0.10277777777777777 0.822265625 0.15694444444444444 0.02578125
14 0.8055555555555556 0.822265625 0.3402777777777778 0.02578125
14 0.5 0.850390625 0.9513888888888888 0.0171875
14 0.8628472222222222 0.8666015625 0.22569444444444445 -0.015234375
14 0.1125 0.8857421875 0.1763888888888889 -0.053515625
14 0.8055555555555556 0.8857421875 0.3402777777777778 -0.053515625
14 0.5 0.04765625 1.0 0.0296875
0 0.078125 0.096484375 0.09375 0.05234375
0 0.809375 0.096484375 0.09375 0.05234375
14 0.5 0.19765625 1.0 0.128125
14 0.5 0.1568359375 0.9166666666666666 0.034765625
14 0.5 0.200390625 0.9166666666666666 0.040625
14 0.5208333333333334 0.24140625 0.875 0.040625
14 0.5 0.349609375 0.875 0.13984375
14 0.25 0.4779296875 0.3333333333333333 0.046484375
0 0.18958333333333333 0.55234375 0.2125 0.078125
0 0.5697916666666667 0.55234375 0.13958333333333334 0.078125
0 0.85 0.5517578125 0.2 0.069921875
14 0.5 0.6767578125 1.0 0.093359375
9 0.4791666666666667 0.6767578125 0.75 0.069921875
5 0.12465277777777778 0.8625 0.21875 -0.00703125
14 0.125 0.85546875 0.0375 -0.00703125
5 0.3746527777777778 0.8625 0.21875 -0.00703125
14 0.375 0.85546875 0.0375 -0.00703125
5 0.6246527777777777 0.8625 0.21875 -0.00703125
14 0.625 0.85546875 0.0375 -0.00703125
5 0.8746527777777777 0.8625 0.21875 -0.00703125
14 0.875 0.85546875 0.0375 -0.00703125
14 0.5 0.04765625 1.0 0.0296875
14 0.5 0.08984375 1.0 0.0546875
0 0.06076388888888889 0.0896484375 0.07291666666666667 0.041015625
14 0.5 0.134765625 0.9513888888888888 0.0296875
14 0.8673611111111111 0.165234375 0.21666666666666667 0.02578125
14 0.024305555555555556 0.203515625 0.0 0.02578125
14 0.8055555555555556 0.203515625 0.3402777777777778 0.02578125
14 0.5 0.04765625 1.0 0.0296875
14 0.5 0.08984375 1.0 0.0546875
0 0.06076388888888889 0.0896484375 0.07291666666666667 0.041015625
5 0.16631944444444444 0.8625 0.21875 -0.00703125
14 0.16631944444444444 0.85546875 0.03680555555555556 -0.00703125
5 0.4996527777777778 0.8625 0.21875 -0.00703125
14 0.4996527777777778 0.85546875 0.03680555555555556 -0.00703125
5 0.8329861111111111 0.8625 0.21875 -0.00703125
14 0.8329861111111111 0.85546875 0.03680555555555556 -0.00703125
14 0.5 0.04765625 1.0 0.0296875
14 0.5 0.08984375 1.0 0.0546875
0 0.06076388888888889 0.0896484375 0.07291666666666667 0.041015625
14 0.3159722222222222 0.19921875 0.5833333333333334 0.0546875
14 0.6434027777777778 0.19921875 0.022916666666666665 0.0546875
14 0.5 0.04765625 1.0 0.0296875
14 0.5 0.08984375 1.0 0.0546875
0 0.06076388888888889 0.0896484375 0.07291666666666667 0.041015625
14 0.3159722222222222 0.19921875 0.5833333333333334 0.0546875
14 0.6434027777777778 0.19921875 0.022916666666666665 0.0546875
14 0.3159722222222222 0.28125 0.5833333333333334 0.0546875
14 0.6434027777777778 0.28125 0.022916666666666665 0.0546875
14 0.3159722222222222 0.36328125 0.5833333333333334 0.0546875
14 0.6434027777777778 0.36328125 0.022916666666666665 0.0546875
14 0.5 0.04765625 1.0 0.0296875
14 0.5 0.08984375 1.0 0.0546875
0 0.06076388888888889 0.0896484375 0.07291666666666667 0.041015625
14 0.3159722222222222 0.171875 0.5833333333333334 0.0546875
14 0.6690972222222222 0.1740234375 0.07430555555555556 0.041796875
14 0.3159722222222222 0.23359375 0.5833333333333334 0.0546875
14 0.6659722222222222 0.241796875 0.06805555555555555 0.03828125
5 0.1 0.8625 0.175 -0.00703125
14 0.1 0.85546875 0.03611111111111111 -0.00703125
5 0.3 0.8625 0.175 -0.00703125
14 0.3 0.85546875 0.05416666666666667 -0.00703125
5 0.5 0.8625 0.175 -0.00703125
14 0.5 0.85546875 0.03611111111111111 -0.00703125
5 0.7 0.8625 0.175 -0.00703125
14 0.7 0.85546875 0.03611111111111111 -0.00703125
5 0.9 0.8625 0.175 -0.00703125
14 0.9 0.85546875 0.03611111111111111 -0.00703125
5 0.1 0.8966796875 0.175 0.061328125
14 0.1 0.914453125 0.0 0.02578125
5 0.3 0.8966796875 0.175 0.061328125
14 0.3 0.914453125 0.0 0.02578125
5 0.5 0.8966796875 0.175 0.061328125
14 0.5 0.914453125 0.0 0.02578125
5 0.7 0.8966796875 0.175 0.061328125
14 0.7 0.914453125 0.0 0.02578125
5 0.9 0.8966796875 0.175 0.061328125
14 0.9 0.914453125 0.0 0.02578125
