5 0.065625 0.07109375 0.08263888888888889 0.0328125
5 0.22847222222222222 0.0708984375 0.24305555555555555 0.041015625
14 0.10694444444444444 0.0328125 0.0 0.0
14 0.10694444444444444 0.0328125 0.0 0.0
14 0.0 0.0708984375 0.0 0.036328125
5 0.0 0.0328125 0.0 0.0
5 0.5 0.3203125 1.0 0.421875
5 0.0 0.109375 0.0 0.0
14 0.0 0.109375 0.0 0.0
14 0.4861111111111111 0.58984375 0.875 0.084375
14 0.5 0.68515625 0.9027777777777778 0.0703125
5 0.0 0.53125 0.0 0.0
14 0.0 0.53125 0.0 0.0
5 0.08993055555555556 0.7703125 0.08263888888888889 0.03828125
14 0.40381944444444445 0.7703125 0.5451388888888888 0.02578125
5 0.08993055555555556 0.834375 0.08263888888888889 0.03828125
14 0.30104166666666665 0.834375 0.33958333333333335 0.02578125
5 0.04861111111111111 0.73828125 0.0 0.0
14 0.04861111111111111 0.73828125 0.0 0.0
5 0.04861111111111111 0.73828125 0.0 0.0
14 0.04861111111111111 0.73828125 0.0 0.0
5 0.8298611111111112 0.9201171875 0.24305555555555555 0.028515625
14 0.3638888888888889 0.9201171875 0.6305555555555555 0.028515625
14 0.5 0.1421875 1.0 0.03046875
6 0.0 0.109375 0.0 0.0
14 0.4996527777777778 0.4794921875 0.3298611111111111 0.054296875
14 0.5 0.5359375 0.0 0.05859375
14 0.5 0.578125 0.17083333333333334 0.02578125
14 0.4996527777777778 0.466015625 0.3993055555555556 0.07578125
14 0.5 0.558984375 0.5777777777777777 0.10703125
0 0.4996527777777778 0.63984375 0.4270833333333333 0.0546875
5 0.0 0.4453125 0.0 0.825
5 0.23055555555555557 0.613671875 -0.46111111111111114 0.04375
5 0.23055555555555557 0.613671875 -0.46111111111111114 0.04375
5 0.23055555555555557 0.613671875 -0.46111111111111114 0.04375
14 0.0 0.678515625 0.0 0.06484375
14 0.0 0.678515625 0.0 0.06484375
14 0.0 0.678515625 0.0 0.06484375
14 0.0 0.7451171875 0.0 0.068359375
14 0.0 0.7451171875 0.0 0.068359375
14 0.0 0.7451171875 0.0 0.068359375
14 0.0 0.78359375 0.0 0.0
14 0.0 0.78359375 0.0 0.0
14 0.24965277777777778 0.065625 0.30486111111111114 0.02578125
14 0.75 0.065625 0.29444444444444445 0.02578125
5 0.12638888888888888 0.1640625 0.07777777777777778 0.0328125
14 0.3645833333333333 0.2576171875 0.7291666666666666 0.068359375
14 0.3645833333333333 0.3259765625 0.7291666666666666 0.068359375
1 0.9368055555555556 0.32578125 0.12638888888888888 0.04375
14 0.3645833333333333 0.3958984375 0.7291666666666666 0.068359375
14 0.3645833333333333 0.4642578125 0.7291666666666666 0.068359375
1 0.9368055555555556 0.4640625 0.12638888888888888 0.04375
14 0.3645833333333333 0.5341796875 0.7291666666666666 0.068359375
14 0.3645833333333333 0.6025390625 0.7291666666666666 0.068359375
1 0.9368055555555556 0.60234375 0.12638888888888888 0.04375
14 0.3645833333333333 0.6724609375 0.7291666666666666 0.068359375
14 0.3645833333333333 0.7408203125 0.7291666666666666 0.068359375
1 0.9368055555555556 0.740625 0.12638888888888888 0.04375
14 0.3645833333333333 0.8107421875 0.7291666666666666 0.068359375
1 0.9368055555555556 0.810546875 0.12638888888888888 0.04375
14 0.3645833333333333 0.8521484375 0.7291666666666666 0.011328125
1 0.9368055555555556 0.858203125 0.12638888888888888 -0.00078125
14 1.0 0.133203125 0.0 0.06953125
5 1.0 0.4453125 0.0 0.825
14 1.0 0.15703125 0.0 0.0296875
14 1.0 0.2140625 0.0 0.040625
1 1.0 0.280859375 0.0 0.07109375
1 1.0 0.351953125 0.0 0.07109375
1 1.0 0.423046875 0.0 0.07109375
1 1.0 0.494140625 0.0 0.07109375
1 1.0 0.565234375 0.0 0.07109375
1 1.0 0.636328125 0.0 0.07109375
14 1.0 0.73046875 0.0 0.0734375
5 0.4027777777777778 0.89609375 0.019444444444444445 0.0109375
5 0.44166666666666665 0.89609375 0.019444444444444445 0.0109375
5 0.48055555555555557 0.89609375 0.019444444444444445 0.0109375
5 0.5194444444444445 0.89609375 0.019444444444444445 0.0109375
5 0.5583333333333333 0.89609375 0.019444444444444445 0.0109375
5 0.5972222222222222 0.89609375 0.019444444444444445 0.0109375
14 0.9027777777777778 0.89609375 0.19444444444444445 0.0734375
5 0.0 0.0 0.0 0.0
14 0.0 0.0 0.0 0.0
5 0.0 0.0 0.0 0.0
14 0.0 0.0 0.0 0.0
5 0.0 0.0 0.0 0.0
5 0.0 0.0 0.0 0.0
5 0.0 0.0 0.0 0.0
5 0.0 0.0 0.0 0.0
14 0.0 0.0 0.0 0.0
14 0.0 0.0 0.0 0.0
14 0.0 0.0 0.0 0.0
14 0.0 0.0 0.0 0.0
