0 0.058333333333333334 0.071484375 0.11666666666666667 0.0765625
14 0.4222222222222222 0.071484375 0.6111111111111112 0.0765625
0 0.825 0.071484375 0.11666666666666667 0.0765625
0 0.9416666666666667 0.071484375 0.11666666666666667 0.0765625
14 0.07465277777777778 0.142578125 0.09375 0.02578125
14 0.26805555555555555 0.142578125 0.1527777777777778 0.02578125
14 0.46076388888888886 0.142578125 0.11458333333333333 0.02578125
14 0.6458333333333334 0.142578125 0.1361111111111111 0.02578125
14 0.8715277777777778 0.142578125 0.1986111111111111 0.02578125
5 0.5 0.3541015625 0.9222222222222223 0.291015625
14 0.17777777777777778 0.5326171875 0.2 0.022265625
14 0.5 0.591015625 0.8444444444444444 0.07265625
14 0.5 0.6494140625 0.8444444444444444 0.044140625
14 0.5 0.71796875 0.9222222222222223 0.04921875
14 0.12256944444444444 0.7701171875 0.08958333333333333 0.022265625
14 0.12916666666666668 0.7923828125 0.10277777777777777 0.022265625
14 0.3055555555555556 0.7701171875 0.09444444444444444 0.022265625
14 0.3038194444444444 0.7923828125 0.09097222222222222 0.022265625
14 0.4388888888888889 0.7701171875 0.016666666666666666 0.022265625
14 0.4979166666666667 0.7923828125 0.13472222222222222 0.022265625
14 0.0 0.17578125 0.0 0.0
14 0.0 0.17578125 0.0 0.0
14 0.0 0.17578125 0.0 0.0
14 0.0 0.17578125 0.0 0.0
14 0.0 0.17578125 0.0 0.0
14 0.0 0.17578125 0.0 0.0
14 0.0 0.17578125 0.0 0.0
14 0.0 0.17578125 0.0 0.0
5 0.0 0.17578125 0.0 0.0
14 0.0 0.17578125 0.0 0.0
5 0.5 0.9017578125 0.9222222222222223 0.065234375
14 0.0 0.836328125 0.0 0.0
14 0.0 0.836328125 0.0 0.0
14 0.0 0.836328125 0.0 0.0
14 0.0 0.836328125 0.0 0.0
14 0.0 0.836328125 0.0 0.0
14 0.0 0.836328125 0.0 0.0
14 0.0 0.836328125 0.0 0.0
14 0.0 0.836328125 0.0 0.0
5 0.0 0.836328125 0.0 0.0
14 0.0 0.836328125 0.0 0.0
14 0.0 0.025390625 0.0 0.05078125
0 0.0 0.0248046875 0.0 0.049609375
14 0.0 0.084765625 0.0 0.06796875
0 0.0 0.084765625 0.0 0.065625
14 0.0 0.152734375 0.0 0.06796875
0 0.0 0.152734375 0.0 0.065625
14 0.0 0.220703125 0.0 0.06796875
0 0.0 0.220703125 0.0 0.065625
14 0.0 0.288671875 0.0 0.06796875
0 0.0 0.288671875 0.0 0.065625
14 0.0 0.356640625 0.0 0.06796875
0 0.0 0.356640625 0.0 0.065625
14 0.0 0.424609375 0.0 0.06796875
0 0.0 0.424609375 0.0 0.065625
14 0.0 0.492578125 0.0 0.06796875
0 0.0 0.492578125 0.0 0.065625
14 0.0 0.560546875 0.0 0.06796875
0 0.0 0.560546875 0.0 0.065625
14 0.0 0.628515625 0.0 0.06796875
0 0.0 0.628515625 0.0 0.065625
14 0.0 0.696484375 0.0 0.06796875
0 0.0 0.696484375 0.0 0.065625
14 0.0 0.764453125 0.0 0.06796875
0 0.0 0.764453125 0.0 0.065625
14 0.0 0.832421875 0.0 0.06796875
0 0.0 0.832421875 0.0 0.065625
14 0.0 0.900390625 0.0 0.06796875
0 0.0 0.900390625 0.0 0.065625
