5 0.13993055555555556 0.2712890625 0.13402777777777777 0.075390625
14 0.3663194444444444 0.2509765625 0.2701388888888889 0.027734375
14 0.5670138888888889 0.2875 0.6715277777777777 0.0453125
14 0.9086805555555556 0.2431640625 0.03680555555555556 0.020703125
5 0.5 0.4501953125 0.8541666666666666 0.252734375
14 0.5 0.617578125 0.8541666666666666 0.0546875
5 0.5 0.6587890625 0.8541666666666666 0.000390625
14 0.2861111111111111 0.685546875 0.4263888888888889 0.02578125
5 0.4996527777777778 0.685546875 0.0006944444444444445 0.02578125
14 0.7135416666666666 0.685546875 0.4270833333333333 0.02578125
