14 0.21145833333333333 0.0708984375 0.13125 0.036328125
4 0.06805555555555555 0.07109375 0.1361111111111111 0.0765625
0 0.9513888888888888 0.07109375 0.09722222222222222 0.065625
14 0.259375 0.3431640625 0.46597222222222223 0.033203125
14 0.7402777777777778 0.3431640625 0.4666666666666667 0.040234375
14 0.259375 0.3990234375 0.46597222222222223 0.033203125
14 0.7402777777777778 0.3990234375 0.4666666666666667 0.040234375
14 0.259375 0.4548828125 0.46597222222222223 0.033203125
14 0.7402777777777778 0.4548828125 0.4666666666666667 0.040234375
14 0.259375 0.5107421875 0.46597222222222223 0.033203125
14 0.7402777777777778 0.5107421875 0.4666666666666667 0.040234375
14 0.259375 0.5666015625 0.46597222222222223 0.033203125
14 0.7402777777777778 0.5666015625 0.4666666666666667 0.040234375
14 0.013888888888888888 0.316015625 0.0 0.0
14 0.013888888888888888 0.316015625 0.0 0.0
14 0.013888888888888888 0.316015625 0.0 0.0
14 0.013888888888888888 0.316015625 0.0 0.0
14 0.013888888888888888 0.316015625 0.0 0.0
14 0.013888888888888888 0.316015625 0.0 0.0
14 0.013888888888888888 0.316015625 0.0 0.0
14 0.013888888888888888 0.316015625 0.0 0.0
14 0.013888888888888888 0.316015625 0.0 0.0
14 0.013888888888888888 0.316015625 0.0 0.0
0 0.5 0.6265625 0.2708333333333333 0.065625
14 0.0 0.065625 0.0 0.065625
14 0.0 0.130859375 0.0 0.065625
14 0.0 0.19609375 0.0 0.065625
14 0.0 0.265625 0.0 0.065625
14 0.0 0.330859375 0.0 0.065625
14 0.0 0.39609375 0.0 0.065625
14 0.0 0.461328125 0.0 0.065625
14 0.0 0.5265625 0.0 0.065625
14 0.0 0.59609375 0.0 0.065625
14 0.0 0.661328125 0.0 0.065625
