4 0.9149305555555556 0.2189453125 0.1701388888888889 0.095703125
14 0.4149305555555556 0.2189453125 0.78125 0.068359375
4 0.9149305555555556 0.3162109375 0.1701388888888889 0.095703125
14 0.4149305555555556 0.3162109375 0.78125 0.068359375
4 0.9149305555555556 0.4134765625 0.1701388888888889 0.095703125
14 0.4149305555555556 0.4134765625 0.78125 0.068359375
4 0.9149305555555556 0.5107421875 0.1701388888888889 0.095703125
14 0.4149305555555556 0.5107421875 0.78125 0.068359375
4 0.9149305555555556 0.6080078125 0.1701388888888889 0.095703125
14 0.4149305555555556 0.6080078125 0.78125 0.068359375
4 0.04861111111111111 0.140234375 0.09722222222222222 0.06171875
14 0.40868055555555555 0.140234375 0.6229166666666667 0.06171875
14 0.0 0.109375 0.0 0.0
0 0.0 0.109375 0.0 0.0
0 0.0 0.109375 0.0 0.0
5 0.09756944444444444 0.2189453125 0.1701388888888889 0.081640625
14 0.09756944444444444 0.2189453125 0.1701388888888889 0.081640625
4 0.9149305555555556 0.2189453125 0.1701388888888889 0.095703125
14 0.5125 0.2083984375 0.6347222222222222 0.050390625
14 0.5125 0.2439453125 0.6347222222222222 0.020703125
5 0.09756944444444444 0.3162109375 0.1701388888888889 0.081640625
14 0.09756944444444444 0.3162109375 0.1701388888888889 0.081640625
4 0.9149305555555556 0.3162109375 0.1701388888888889 0.095703125
14 0.5125 0.3056640625 0.6347222222222222 0.025390625
14 0.5125 0.3287109375 0.6347222222222222 0.020703125
5 0.09756944444444444 0.4134765625 0.1701388888888889 0.081640625
14 0.09756944444444444 0.4134765625 0.1701388888888889 0.081640625
4 0.9149305555555556 0.4134765625 0.1701388888888889 0.095703125
14 0.5125 0.4029296875 0.6347222222222222 0.025390625
14 0.5125 0.4259765625 0.6347222222222222 0.020703125
5 0.09756944444444444 0.5107421875 0.1701388888888889 0.081640625
14 0.09756944444444444 0.5107421875 0.1701388888888889 0.081640625
4 0.9149305555555556 0.5107421875 0.1701388888888889 0.095703125
14 0.5125 0.5001953125 0.6347222222222222 0.025390625
14 0.5125 0.5232421875 0.6347222222222222 0.020703125
5 0.09756944444444444 0.6080078125 0.1701388888888889 0.081640625
14 0.09756944444444444 0.6080078125 0.1701388888888889 0.081640625
4 0.9149305555555556 0.6080078125 0.1701388888888889 0.095703125
14 0.5125 0.5974609375 0.6347222222222222 0.025390625
14 0.5125 0.6205078125 0.6347222222222222 0.020703125
5 0.09756944444444444 0.7052734375 0.1701388888888889 0.081640625
14 0.09756944444444444 0.7052734375 0.1701388888888889 0.081640625
4 0.9149305555555556 0.7052734375 0.1701388888888889 0.095703125
14 0.5125 0.6947265625 0.6347222222222222 0.025390625
14 0.5125 0.7177734375 0.6347222222222222 0.020703125
5 0.09756944444444444 0.7796875 0.1701388888888889 0.0359375
14 0.09756944444444444 0.7796875 0.1701388888888889 0.0359375
4 0.9149305555555556 0.776171875 0.1701388888888889 0.04296875
14 0.5125 0.7822265625 0.6347222222222222 0.030859375
14 0.5125 0.807421875 0.6347222222222222 -0.01953125
4 0.04861111111111111 0.140234375 0.09722222222222222 0.06171875
14 0.40868055555555555 0.140234375 0.6229166666666667 0.06171875
14 0.0 0.109375 0.0 0.0
0 0.0 0.109375 0.0 0.0
0 0.0 0.109375 0.0 0.0
14 0.24895833333333334 0.07109375 0.14652777777777778 0.028125
4 0.06805555555555555 0.07109375 0.1361111111111111 0.0765625
5 0.1753472222222222 0.0708984375 0.0006944444444444445 0.000390625
5 0.5 0.8318359375 1.0 0.068359375
5 0.5 0.8318359375 1.0 0.068359375
4 0.4996527777777778 0.8318359375 0.12152777777777778 0.068359375
4 0.06076388888888889 0.866015625 0.12152777777777778 0.0
4 0.9392361111111112 0.866015625 0.12152777777777778 0.0
14 0.5 0.866015625 0.7569444444444444 0.0
14 0.5 0.885546875 0.7569444444444444 -0.0390625
5 0.4996527777777778 0.866015625 0.5340277777777778 0.0
5 0.4996527777777778 0.866015625 0.5340277777777778 0.0
14 0.0 0.866015625 0.0 0.0
9 0.0 0.866015625 0.0 0.0
14 0.0 0.866015625 0.0 0.0
4 0.06076388888888889 0.8318359375 0.12152777777777778 0.068359375
5 0.06076388888888889 0.8318359375 0.12152777777777778 0.068359375
4 0.9392361111111112 0.8318359375 0.12152777777777778 0.068359375
4 0.8177083333333334 0.8318359375 0.12152777777777778 0.068359375
4 0.6961805555555556 0.8318359375 0.12152777777777778 0.068359375
14 0.390625 0.8146484375 0.4895833333333333 0.033984375
14 0.390625 0.848828125 0.4895833333333333 0.034375
5 0.0 0.073828125 0.0 0.0546875
14 0.0 0.34296875 0.0 0.03125
14 0.0 0.4265625 0.0 0.03125
14 0.0 0.51015625 0.0 0.03125
14 0.0 0.59375 0.0 0.03125
14 0.0 0.67734375 0.0 0.03125
14 0.0 0.7609375 0.0 0.03125
