14 0.3385416666666667 0.07109375 0.32708333333333334 0.0265625
14 0.46076388888888886 0.067578125 0.09513888888888888 0.0234375
6 0.5 0.521875 0.11666666666666667 0.065625
14 0.0 0.109375 0.0 0.0
14 0.0 0.109375 0.0 0.0
5 0.5 0.284765625 1.0 0.35
14 0.5 0.51875 1.0 0.07421875
14 0.5 0.6126953125 1.0 0.088671875
14 0.08784722222222222 0.6982421875 0.17569444444444443 0.051953125
14 0.1920138888888889 0.144140625 0.3104166666666667 0.025
14 0.0 0.109765625 0.0 0.0
14 0.0 0.109765625 0.0 0.0
14 0.09930555555555555 0.8501953125 0.125 0.024609375
14 0.3784722222222222 0.8916015625 0.6833333333333333 0.055078125
14 0.0 0.828125 0.0 0.0
14 0.0 0.109375 0.0 0.0
14 0.0 0.109375 0.0 0.0
14 0.0 0.1173828125 0.0 0.016015625
14 0.0 0.208203125 0.0 0.0546875
14 0.0 0.26328125 0.0 0.0546875
14 0.0 0.318359375 0.0 0.0546875
14 0.0 0.3734375 0.0 0.0546875
14 0.0 0.428515625 0.0 0.0546875
14 0.0 0.48359375 0.0 0.0546875
14 0.0 0.538671875 0.0 0.0546875
14 0.0 0.59375 0.0 0.0546875
14 0.0 0.648828125 0.0 0.0546875
14 0.0 0.70390625 0.0 0.0546875
14 0.0 0.758984375 0.0 0.0546875
14 0.0 0.8140625 0.0 0.0546875
14 0.0 0.869140625 0.0 0.0546875
14 0.0 0.915625 0.0 0.0375
