14 0.3625 0.0708984375 0.375 0.036328125
0 0.9513888888888888 0.07109375 0.09722222222222222 0.065625
4 0.06805555555555555 0.07109375 0.1361111111111111 0.0765625
14 0.5 0.2294921875 1.0 0.103515625
5 0.04861111111111111 0.209375 0.058333333333333334 0.0328125
14 0.16041666666666668 0.2130859375 0.14583333333333334 0.040234375
5 0.11736111111111111 0.246875 0.059722222222222225 0.02734375
14 0.18854166666666666 0.2466796875 0.08263888888888889 0.025390625
11 0.12638888888888888 0.226953125 0.25277777777777777 0.0984375
14 0.30416666666666664 0.2103515625 0.06388888888888888 0.018359375
14 0.6263888888888889 0.2361328125 0.7083333333333334 0.033203125
5 0.04861111111111111 0.309375 0.058333333333333334 0.0328125
14 0.16041666666666668 0.3130859375 0.14583333333333334 0.040234375
14 0.18854166666666666 0.3466796875 0.08263888888888889 0.025390625
11 0.12638888888888888 0.326953125 0.25277777777777777 0.0984375
14 0.30416666666666664 0.3103515625 0.06388888888888888 0.018359375
14 0.6263888888888889 0.3361328125 0.7083333333333334 0.033203125
5 0.04861111111111111 0.409375 0.058333333333333334 0.0328125
14 0.16041666666666668 0.4130859375 0.14583333333333334 0.040234375
14 0.18854166666666666 0.4466796875 0.08263888888888889 0.025390625
11 0.12638888888888888 0.426953125 0.25277777777777777 0.0984375
14 0.30416666666666664 0.4103515625 0.06388888888888888 0.018359375
14 0.6263888888888889 0.4361328125 0.7083333333333334 0.033203125
6 0.5 0.503515625 0.18472222222222223 0.10390625
14 0.11423611111111111 0.210546875 0.1701388888888889 0.02578125
14 0.3215277777777778 0.210546875 0.12777777777777777 0.02578125
14 0.5017361111111112 0.210546875 0.07430555555555556 0.02578125
14 0.05347222222222222 0.241796875 0.10694444444444444 -0.003125
5 0.18333333333333332 0.22890625 0.058333333333333334 -0.02890625
14 0.2701388888888889 0.2291015625 0.09583333333333334 -0.028515625
14 0.27152777777777776 0.2380859375 0.09861111111111111 -0.010546875
5 0.44583333333333336 0.2322265625 0.059722222222222225 -0.022265625
14 0.5940972222222223 0.2291015625 0.08263888888888889 -0.028515625
14 0.5940972222222223 0.23828125 0.08402777777777778 -0.01015625
5 0.7173611111111111 0.22890625 0.058333333333333334 -0.02890625
14 0.7902777777777777 0.2291015625 0.0875 -0.028515625
14 0.778125 0.2380859375 0.06319444444444444 -0.010546875
14 0.928125 0.2380859375 0.14375 -0.010546875
14 0.05347222222222222 0.278515625 0.10694444444444444 0.065625
5 0.18333333333333332 0.269140625 0.058333333333333334 0.0328125
14 0.2701388888888889 0.2693359375 0.09583333333333334 0.033203125
14 0.27152777777777776 0.2947265625 0.09861111111111111 0.018359375
5 0.44583333333333336 0.278515625 0.059722222222222225 0.02734375
14 0.5940972222222223 0.2693359375 0.08263888888888889 0.033203125
14 0.5940972222222223 0.2951171875 0.08402777777777778 0.018359375
5 0.7173611111111111 0.269140625 0.058333333333333334 0.0328125
14 0.7902777777777777 0.2693359375 0.0875 0.033203125
14 0.778125 0.2947265625 0.06319444444444444 0.018359375
14 0.928125 0.2783203125 0.14375 0.051171875
14 0.05347222222222222 0.349609375 0.10694444444444444 0.065625
5 0.18333333333333332 0.340234375 0.058333333333333334 0.0328125
14 0.2701388888888889 0.3404296875 0.09583333333333334 0.033203125
14 0.27152777777777776 0.3658203125 0.09861111111111111 0.018359375
5 0.44583333333333336 0.349609375 0.059722222222222225 0.02734375
14 0.5940972222222223 0.3404296875 0.08263888888888889 0.033203125
14 0.5940972222222223 0.3662109375 0.08402777777777778 0.018359375
5 0.7173611111111111 0.340234375 0.058333333333333334 0.0328125
14 0.7902777777777777 0.3404296875 0.0875 0.033203125
14 0.778125 0.3658203125 0.06319444444444444 0.018359375
14 0.928125 0.3494140625 0.14375 0.051171875
14 0.05347222222222222 0.420703125 0.10694444444444444 0.065625
5 0.18333333333333332 0.411328125 0.058333333333333334 0.0328125
14 0.2701388888888889 0.4115234375 0.09583333333333334 0.033203125
14 0.27152777777777776 0.4369140625 0.09861111111111111 0.018359375
5 0.44583333333333336 0.420703125 0.059722222222222225 0.02734375
14 0.5940972222222223 0.4115234375 0.08263888888888889 0.033203125
14 0.5940972222222223 0.4373046875 0.08402777777777778 0.018359375
5 0.7173611111111111 0.411328125 0.058333333333333334 0.0328125
14 0.7902777777777777 0.4115234375 0.0875 0.033203125
14 0.778125 0.4369140625 0.06319444444444444 0.018359375
14 0.928125 0.4205078125 0.14375 0.051171875
14 0.05347222222222222 0.491796875 0.10694444444444444 0.065625
5 0.18333333333333332 0.482421875 0.058333333333333334 0.0328125
14 0.2701388888888889 0.4826171875 0.09583333333333334 0.033203125
14 0.27152777777777776 0.5080078125 0.09861111111111111 0.018359375
5 0.44583333333333336 0.491796875 0.059722222222222225 0.02734375
14 0.5940972222222223 0.4826171875 0.08263888888888889 0.033203125
14 0.5940972222222223 0.5083984375 0.08402777777777778 0.018359375
5 0.7173611111111111 0.482421875 0.058333333333333334 0.0328125
14 0.7902777777777777 0.4826171875 0.0875 0.033203125
14 0.778125 0.5080078125 0.06319444444444444 0.018359375
14 0.928125 0.4916015625 0.14375 0.051171875
14 0.05347222222222222 0.562890625 0.10694444444444444 0.065625
5 0.18333333333333332 0.553515625 0.058333333333333334 0.0328125
14 0.2701388888888889 0.5537109375 0.09583333333333334 0.033203125
14 0.27152777777777776 0.5791015625 0.09861111111111111 0.018359375
5 0.44583333333333336 0.562890625 0.059722222222222225 0.02734375
14 0.5940972222222223 0.5537109375 0.08263888888888889 0.033203125
14 0.5940972222222223 0.5794921875 0.08402777777777778 0.018359375
5 0.7173611111111111 0.553515625 0.058333333333333334 0.0328125
14 0.7902777777777777 0.5537109375 0.0875 0.033203125
14 0.778125 0.5791015625 0.06319444444444444 0.018359375
14 0.928125 0.5626953125 0.14375 0.051171875
14 0.05347222222222222 0.633984375 0.10694444444444444 0.065625
5 0.18333333333333332 0.624609375 0.058333333333333334 0.0328125
14 0.2701388888888889 0.6248046875 0.09583333333333334 0.033203125
14 0.27152777777777776 0.6501953125 0.09861111111111111 0.018359375
5 0.44583333333333336 0.633984375 0.059722222222222225 0.02734375
14 0.5940972222222223 0.6248046875 0.08263888888888889 0.033203125
14 0.5940972222222223 0.6505859375 0.08402777777777778 0.018359375
5 0.7173611111111111 0.624609375 0.058333333333333334 0.0328125
14 0.7902777777777777 0.6248046875 0.0875 0.033203125
14 0.778125 0.6501953125 0.06319444444444444 0.018359375
14 0.928125 0.6337890625 0.14375 0.051171875
14 0.5 0.696875 1.0 0.04921875
14 0.05347222222222222 0.754296875 0.10694444444444444 0.065625
5 0.18333333333333332 0.744921875 0.058333333333333334 0.0328125
14 0.2701388888888889 0.7451171875 0.09583333333333334 0.033203125
14 0.27152777777777776 0.7705078125 0.09861111111111111 0.018359375
5 0.44583333333333336 0.754296875 0.059722222222222225 0.02734375
14 0.5940972222222223 0.7451171875 0.08263888888888889 0.033203125
14 0.5940972222222223 0.7708984375 0.08402777777777778 0.018359375
5 0.7173611111111111 0.744921875 0.058333333333333334 0.0328125
14 0.7902777777777777 0.7451171875 0.0875 0.033203125
14 0.778125 0.7705078125 0.06319444444444444 0.018359375
14 0.928125 0.7541015625 0.14375 0.051171875
14 0.05347222222222222 0.825390625 0.10694444444444444 0.065625
5 0.18333333333333332 0.816015625 0.058333333333333334 0.0328125
14 0.2701388888888889 0.8162109375 0.09583333333333334 0.033203125
14 0.27152777777777776 0.8416015625 0.09861111111111111 0.018359375
5 0.44583333333333336 0.815234375 0.059722222222222225 0.02734375
5 0.44583333333333336 0.8388671875 0.059722222222222225 0.019921875
14 0.5940972222222223 0.8162109375 0.08263888888888889 0.033203125
14 0.5940972222222223 0.8419921875 0.08402777777777778 0.018359375
5 0.7173611111111111 0.816015625 0.058333333333333334 0.0328125
14 0.7902777777777777 0.8162109375 0.0875 0.033203125
14 0.778125 0.8416015625 0.06319444444444444 0.018359375
14 0.928125 0.8251953125 0.14375 0.051171875
14 0.05347222222222222 0.896484375 0.10694444444444444 0.065625
5 0.18333333333333332 0.887109375 0.058333333333333334 0.0328125
14 0.2701388888888889 0.8873046875 0.09583333333333334 0.033203125
14 0.27152777777777776 0.9126953125 0.09861111111111111 0.018359375
5 0.44583333333333336 0.886328125 0.059722222222222225 0.02734375
5 0.44583333333333336 0.9099609375 0.059722222222222225 0.019921875
14 0.5940972222222223 0.8873046875 0.08263888888888889 0.033203125
14 0.5940972222222223 0.9130859375 0.08402777777777778 0.018359375
5 0.7173611111111111 0.887109375 0.058333333333333334 0.0328125
14 0.7902777777777777 0.8873046875 0.0875 0.033203125
14 0.778125 0.9126953125 0.06319444444444444 0.018359375
14 0.928125 0.8962890625 0.14375 0.051171875
14 0.5 0.26796875 1.0 0.04921875
14 0.5 0.9232421875 1.0 0.022265625
6 0.0 0.243359375 0.0 0.0
6 0.0 0.177734375 0.0 0.0
0 0.8541666666666666 0.88515625 0.23333333333333334 0.065625
