14 0.3236111111111111 0.0708984375 0.2972222222222222 0.036328125
4 0.06805555555555555 0.07109375 0.1361111111111111 0.0765625
3 0.4513888888888889 0.14765625 0.825 0.0546875
4 0.9319444444444445 0.14765625 0.09722222222222222 0.0546875
14 0.10798611111111112 0.2025390625 0.13819444444444445 0.033203125
14 0.1829861111111111 0.23203125 0.2881944444444444 0.02578125
14 0.17673611111111112 0.2578125 0.27569444444444446 0.02578125
14 0.14930555555555555 0.28359375 0.22083333333333333 0.02578125
5 0.0 0.175 0.0 0.0
14 0.0 0.175 0.0 0.0
14 0.0 0.175 0.0 0.0
14 0.8979166666666667 0.2412109375 0.20416666666666666 0.033203125
14 0.171875 0.3365234375 0.2659722222222222 0.033203125
14 0.171875 0.366015625 0.2659722222222222 0.02578125
14 0.1986111111111111 0.391796875 0.3194444444444444 0.02578125
14 0.14930555555555555 0.417578125 0.22083333333333333 0.02578125
5 0.0 0.308984375 0.0 0.0
14 0.0 0.308984375 0.0 0.0
14 0.0 0.308984375 0.0 0.0
14 0.8979166666666667 0.3751953125 0.20416666666666666 0.033203125
14 0.10972222222222222 0.4705078125 0.14166666666666666 0.033203125
14 0.22916666666666666 0.5 0.38055555555555554 0.02578125
14 0.17743055555555556 0.52578125 0.27708333333333335 0.02578125
14 0.14930555555555555 0.5515625 0.22083333333333333 0.02578125
5 0.0 0.44296875 0.0 0.0
14 0.0 0.44296875 0.0 0.0
14 0.0 0.44296875 0.0 0.0
14 0.8979166666666667 0.5091796875 0.20416666666666666 0.033203125
14 0.1482638888888889 0.6044921875 0.21875 0.033203125
14 0.1638888888888889 0.633984375 0.25 0.02578125
14 0.20451388888888888 0.659765625 0.33125 0.02578125
14 0.14930555555555555 0.685546875 0.22083333333333333 0.02578125
5 0.0 0.576953125 0.0 0.0
14 0.0 0.576953125 0.0 0.0
14 0.0 0.576953125 0.0 0.0
14 0.8854166666666666 0.6431640625 0.22916666666666666 0.033203125
14 0.13923611111111112 0.7384765625 0.20069444444444445 0.033203125
14 0.1795138888888889 0.76796875 0.28125 0.02578125
14 0.1954861111111111 0.79375 0.31319444444444444 0.02578125
14 0.14930555555555555 0.81953125 0.22083333333333333 0.02578125
5 0.0 0.7109375 0.0 0.0
14 0.0 0.7109375 0.0 0.0
14 0.0 0.7109375 0.0 0.0
14 0.8854166666666666 0.7771484375 0.22916666666666666 0.033203125
