14 0.17743055555555556 0.0708984375 0.08263888888888889 0.046484375
14 0.2986111111111111 0.07109375 0.13055555555555556 0.05546875
14 0.8986111111111111 0.0708984375 0.10555555555555556 0.036328125
14 0.1361111111111111 0.043359375 0.0 0.0
5 0.1361111111111111 0.043359375 0.0 0.0
4 0.06805555555555555 0.07109375 0.1361111111111111 0.0765625
14 0.5 0.0693359375 0.13472222222222222 0.040234375
5 0.09027777777777778 0.162109375 0.058333333333333334 0.0328125
14 0.38229166666666664 0.162109375 0.47708333333333336 0.0296875
14 0.24965277777777778 0.2529296875 0.3784722222222222 0.022265625
14 0.75 0.2529296875 0.25972222222222224 0.024609375
5 0.25625 0.3494140625 0.19444444444444445 0.101953125
14 0.25625 0.469140625 0.41805555555555557 0.05546875
5 0.74375 0.3494140625 0.19444444444444445 0.101953125
14 0.74375 0.469140625 0.41805555555555557 0.05546875
5 0.25625 0.6875 0.19444444444444445 0.109375
14 0.25625 0.8109375 0.41805555555555557 0.05546875
5 0.74375 0.6875 0.19444444444444445 0.109375
14 0.74375 0.8109375 0.41805555555555557 0.05546875
5 0.25625 0.9509765625 0.19444444444444445 -0.047265625
5 0.74375 0.9509765625 0.19444444444444445 -0.047265625
14 0.46597222222222223 0.8521484375 0.7375 0.027734375
0 0.8979166666666667 0.85234375 0.058333333333333334 0.0328125
14 0.46597222222222223 0.8521484375 0.7375 0.027734375
0 0.8979166666666667 0.85234375 0.058333333333333334 0.0328125
3 0.5 0.0328125 1.0 0.0
4 0.058333333333333334 0.0328125 0.11666666666666667 0.0
5 0.10694444444444444 0.830078125 0.10694444444444444 0.06015625
14 0.1798611111111111 0.8158203125 0.0 0.031640625
14 0.4288194444444444 0.847265625 0.4979166666666667 0.02578125
14 0.8552083333333333 0.8869140625 0.18263888888888888 0.037109375
14 0.69375 0.8869140625 0.12083333333333333 0.037109375
