14 0.5 0.1255859375 0.9888888888888889 0.023046875
5 0.07534722222222222 0.144921875 0.10208333333333333 0.04375
14 0.2642361111111111 0.144921875 0.27569444444444446 0.03359375
5 0.07534722222222222 0.215625 0.10208333333333333 0.04375
14 0.25729166666666664 0.215625 0.26180555555555557 0.03359375
5 0.07534722222222222 0.286328125 0.10208333333333333 0.04375
14 0.18263888888888888 0.286328125 0.1125 0.03359375
5 0.07534722222222222 0.35703125 0.10208333333333333 0.04375
14 0.21979166666666666 0.35703125 0.18680555555555556 0.03359375
14 0.2833333333333333 0.0708984375 0.275 0.036328125
4 0.06805555555555555 0.07109375 0.1361111111111111 0.0765625
