5 0.5 0.445703125 1.0 0.82578125
0 0.9232638888888889 0.58984375 0.12986111111111112 0.0953125
0 0.9232638888888889 0.694921875 0.12986111111111112 0.0953125
14 0.9569444444444445 0.66484375 0.05694444444444444 0.03203125
0 0.9232638888888889 0.8 0.12986111111111112 0.0953125
14 0.9569444444444445 0.769921875 0.05694444444444444 0.03203125
14 0.4131944444444444 0.7107421875 0.7527777777777778 0.022265625
14 0.4131944444444444 0.7330078125 0.7527777777777778 0.022265625
14 0.4131944444444444 0.7552734375 0.7527777777777778 0.022265625
14 0.4131944444444444 0.7775390625 0.7527777777777778 0.022265625
14 0.4131944444444444 0.7998046875 0.7527777777777778 0.022265625
8 0.23993055555555556 0.8328125 0.40625 0.04375
14 0.7729166666666667 0.8326171875 0.03333333333333333 0.022265625
0 0.1 0.896484375 0.2 0.07578125
0 0.3 0.896484375 0.2 0.07578125
0 0.5 0.896484375 0.2 0.07578125
0 0.7 0.896484375 0.2 0.07578125
0 0.9 0.896484375 0.2 0.07578125
