5 0.09722222222222222 0.0765625 0.11666666666666667 0.065625
14 0.44166666666666665 0.0763671875 0.5722222222222222 0.060546875
5 0.7861111111111111 0.0765625 0.11666666666666667 0.065625
5 0.9027777777777778 0.0765625 0.11666666666666667 0.065625
14 0.16631944444444444 0.1421875 0.14097222222222222 0.02421875
14 0.5 0.1421875 0.19583333333333333 0.02421875
14 0.8329861111111111 0.1421875 0.21875 0.02421875
14 0.35868055555555556 0.196875 0.6784722222222223 0.021875
14 0.13680555555555557 0.20234375 0.2152777777777778 -0.0328125
5 0.12638888888888888 0.2556640625 0.19444444444444445 0.073828125
14 0.4326388888888889 0.2134765625 0.3402777777777778 -0.010546875
14 0.37256944444444445 0.2244140625 0.22013888888888888 0.011328125
14 0.3440972222222222 0.2572265625 0.16319444444444445 0.032421875
5 0.8826388888888889 0.23828125 0.11666666666666667 0.0390625
14 0.8975694444444444 0.270703125 0.14652777777777778 0.02578125
5 0.12638888888888888 0.430078125 0.19444444444444445 0.109375
14 0.35520833333333335 0.3865234375 0.18541666666666667 0.027734375
14 0.4027777777777778 0.411328125 0.28055555555555556 0.021875
14 0.34375 0.4494140625 0.1625 0.032421875
5 0.9125 0.430078125 0.11666666666666667 0.065625
5 0.12638888888888888 0.622265625 0.19444444444444445 0.109375
14 0.46979166666666666 0.5787109375 0.41458333333333336 0.027734375
14 0.4201388888888889 0.603515625 0.31527777777777777 0.021875
14 0.34375 0.6416015625 0.1625 0.032421875
5 0.9125 0.622265625 0.11666666666666667 0.065625
14 0.13680555555555557 0.748828125 0.2152777777777778 0.02734375
5 0.12638888888888888 0.8087890625 0.19444444444444445 0.098046875
14 0.49895833333333334 0.7708984375 0.47291666666666665 0.027734375
14 0.38819444444444445 0.795703125 0.2513888888888889 0.021875
14 0.3440972222222222 0.8337890625 0.16319444444444445 0.032421875
5 0.8826388888888889 0.8015625 0.11666666666666667 0.065625
14 0.8975694444444444 0.84609375 0.14652777777777778 0.0234375
5 0.0 0.8578125 0.0 0.0
14 0.0 0.8578125 0.0 0.0
5 0.125 0.882421875 0.05555555555555555 0.0328125
14 0.125 0.909765625 0.09305555555555556 0.021875
5 0.3746527777777778 0.88515625 0.08958333333333333 0.0328125
14 0.375 0.9111328125 0.09444444444444444 0.019140625
5 0.6246527777777777 0.88515625 0.0798611111111111 0.0328125
14 0.625 0.9111328125 0.125 0.019140625
5 0.8746527777777777 0.88515625 0.06041666666666667 0.0328125
14 0.875 0.9111328125 0.041666666666666664 0.019140625
