14 0.24722222222222223 0.0669921875 0.20277777777777778 0.036328125
4 0.06805555555555555 0.0669921875 0.1361111111111111 0.068359375
14 0.6545138888888888 0.1615234375 0.6423611111111112 0.051953125
14 0.6545138888888888 0.219921875 0.6423611111111112 0.05390625
14 0.4996527777777778 0.4013671875 0.5076388888888889 -0.239453125
14 0.5 0.41796875 0.24305555555555555 -0.27265625
14 0.16666666666666666 0.314453125 0.3333333333333333 0.065625
14 0.5 0.314453125 0.3333333333333333 0.065625
14 0.8333333333333334 0.314453125 0.3333333333333333 0.065625
5 0.08263888888888889 0.347265625 0.06805555555555555 0.0
14 0.3625 0.347265625 0.39444444444444443 0.0
5 0.08263888888888889 0.3474609375 0.06805555555555555 -0.000390625
14 0.41006944444444443 0.3474609375 0.4895833333333333 -0.000390625
5 0.08263888888888889 0.34765625 0.06805555555555555 -0.00078125
14 0.3920138888888889 0.34765625 0.4534722222222222 -0.00078125
14 0.5 0.3912109375 0.5236111111111111 0.022265625
14 0.5121527777777778 0.448828125 0.8298611111111112 0.06015625
14 0.4996527777777778 0.7640625 0.46041666666666664 0.2046875
