14 0.5 0.13125 1.0 0.04375
14 0.5 0.1765625 1.0 0.04375
14 0.071875 0.2302734375 0.14375 0.033203125
14 0.9159722222222222 0.2302734375 0.16805555555555557 0.033203125
9 0.5 0.2791015625 1.0 0.064453125
14 0.5 0.3484375 1.0 0.04375
14 0.17916666666666667 0.405859375 0.2611111111111111 0.04765625
5 0.9149305555555556 0.4060546875 0.07291666666666667 0.068359375
14 0.18090277777777777 0.47578125 0.26458333333333334 0.04765625
5 0.9149305555555556 0.4759765625 0.07291666666666667 0.068359375
14 0.19444444444444445 0.545703125 0.2916666666666667 0.04765625
5 0.9149305555555556 0.5458984375 0.07291666666666667 0.068359375
14 0.28125 0.6158203125 0.4652777777777778 0.068359375
11 0.8840277777777777 0.615625 0.13472222222222222 0.03828125
14 0.5 0.6734375 1.0 0.04375
14 0.225 0.7412109375 0.3527777777777778 0.068359375
14 0.9267361111111111 0.7412109375 0.049305555555555554 0.068359375
14 0.14756944444444445 0.8216796875 0.2951388888888889 0.068359375
14 0.08020833333333334 0.8916015625 0.16041666666666668 0.068359375
14 0.11979166666666667 0.930859375 0.23958333333333334 0.00703125
4 0.06805555555555555 0.07109375 0.1361111111111111 0.0765625
