4 0.04861111111111111 0.0671875 0.09722222222222222 0.0546875
5 0.1579861111111111 0.0669921875 0.12152777777777778 0.068359375
14 0.5729166666666666 0.07421875 0.6597222222222222 0.05390625
4 0.9513888888888888 0.0671875 0.09722222222222222 0.0546875
3 0.4326388888888889 0.883203125 0.8375 0.08671875
0 0.9326388888888889 0.8931640625 0.10972222222222222 0.068359375
5 0.06840277777777778 0.10859375 0.12152777777777778 0.01484375
14 0.4173611111111111 0.1173828125 0.5513888888888889 0.032421875
5 0.06840277777777778 0.1689453125 0.12152777777777778 0.068359375
14 0.4232638888888889 0.178515625 0.5631944444444444 0.084375
5 0.06840277777777778 0.2560546875 0.12152777777777778 0.068359375
14 0.4253472222222222 0.265625 0.5673611111111111 0.084375
5 0.06840277777777778 0.3431640625 0.12152777777777778 0.068359375
14 0.4375 0.352734375 0.5916666666666667 0.084375
5 0.06840277777777778 0.4302734375 0.12152777777777778 0.068359375
14 0.4232638888888889 0.43984375 0.5631944444444444 0.084375
5 0.06840277777777778 0.5173828125 0.12152777777777778 0.068359375
14 0.4486111111111111 0.526953125 0.6138888888888889 0.084375
5 0.06840277777777778 0.6044921875 0.12152777777777778 0.068359375
14 0.4173611111111111 0.6140625 0.5513888888888889 0.084375
5 0.06840277777777778 0.6916015625 0.12152777777777778 0.068359375
14 0.4486111111111111 0.701171875 0.6138888888888889 0.084375
5 0.06840277777777778 0.7787109375 0.12152777777777778 0.068359375
14 0.44166666666666665 0.78828125 0.6 0.084375
6 0.5 0.4515625 0.2916666666666667 0.1640625
14 0.4996527777777778 0.5484375 0.2743055555555556 0.0296875
