14 0.4996527777777778 0.0998046875 0.40069444444444446 0.033203125
14 0.9145833333333333 0.099609375 0.07777777777777778 0.0296875
5 0.3038194444444444 0.1681640625 0.6076388888888888 0.205078125
5 0.078125 0.3046875 0.12152777777777778 0.06796875
14 0.225 0.3048828125 0.09861111111111111 0.027734375
5 0.5833333333333334 0.3046875 0.04861111111111111 0.02734375
5 0.078125 0.3740234375 0.12152777777777778 0.068359375
14 0.321875 0.3740234375 0.2923611111111111 0.027734375
5 0.5833333333333334 0.373828125 0.04861111111111111 0.02734375
5 0.078125 0.4431640625 0.12152777777777778 0.068359375
14 0.25277777777777777 0.44296875 0.15416666666666667 0.0296875
5 0.5833333333333334 0.44296875 0.04861111111111111 0.02734375
5 0.0 0.270703125 0.0 0.0
14 0.0 0.270703125 0.0 0.0
5 0.0 0.270703125 0.0 0.0
5 0.078125 0.5123046875 0.12152777777777778 0.068359375
14 0.26458333333333334 0.512109375 0.17777777777777778 0.0296875
5 0.5833333333333334 0.512109375 0.04861111111111111 0.02734375
5 0.078125 0.5814453125 0.12152777777777778 0.068359375
14 0.2875 0.58125 0.22361111111111112 0.0296875
5 0.5833333333333334 0.58125 0.04861111111111111 0.02734375
5 0.078125 0.6505859375 0.12152777777777778 0.068359375
14 0.3454861111111111 0.650390625 0.33958333333333335 0.0296875
5 0.5833333333333334 0.650390625 0.04861111111111111 0.02734375
5 0.078125 0.7197265625 0.12152777777777778 0.068359375
14 0.3753472222222222 0.71953125 0.3993055555555556 0.0296875
5 0.5833333333333334 0.71953125 0.04861111111111111 0.02734375
5 0.078125 0.7888671875 0.12152777777777778 0.068359375
14 0.346875 0.788671875 0.3423611111111111 0.0296875
5 0.5833333333333334 0.788671875 0.04861111111111111 0.02734375
5 0.078125 0.8580078125 0.12152777777777778 0.068359375
14 0.2548611111111111 0.8578125 0.15833333333333333 0.0296875
5 0.5833333333333334 0.8578125 0.04861111111111111 0.02734375
5 0.078125 0.913671875 0.12152777777777778 0.04140625
14 0.2465277777777778 0.9232421875 0.14166666666666666 0.022265625
5 0.5833333333333334 0.923828125 0.04861111111111111 0.02109375
5 0.019444444444444445 0.0328125 0.03888888888888889 0.021875
5 0.07361111111111111 0.0328125 0.0875 0.04375
14 0.18194444444444444 0.0326171875 0.10972222222222222 0.033203125
