5 0.1 0.88203125 0.0875 0.04921875
14 0.09965277777777778 0.9177734375 0.11736111111111111 0.022265625
5 0.3 0.88203125 0.0875 0.04921875
0 0.36909722222222224 0.8705078125 0.03680555555555556 0.020703125
14 0.3 0.9177734375 0.13472222222222222 0.022265625
5 0.5 0.88046875 0.0875 0.04921875
14 0.4996527777777778 0.91796875 0.05625 0.02578125
5 0.7 0.88203125 0.0875 0.04921875
14 0.6996527777777778 0.9177734375 0.1076388888888889 0.022265625
5 0.9 0.88203125 0.0875 0.04921875
14 0.8996527777777777 0.9177734375 0.06736111111111111 0.022265625
5 0.0 0.85234375 0.0 0.0
5 0.0 0.85234375 0.0 0.0
5 0.0 0.85234375 0.0 0.0
5 0.0 0.85234375 0.0 0.0
5 0.0 0.0328125 0.0 0.0
7 0.0 0.0328125 0.0 0.0
7 0.0 0.0328125 0.0 0.0
5 0.9326388888888889 0.0669921875 0.10972222222222222 0.046484375
14 0.13819444444444445 0.0669921875 0.2763888888888889 0.033203125
14 0.0 0.0328125 0.0 0.0
5 0.0 0.0328125 0.0 0.0
5 0.0 0.0328125 0.0 0.0
14 0.0 0.0328125 0.0 0.0
5 0.0 0.0328125 0.0 0.0
14 0.0 0.0328125 0.0 0.0
14 0.0 0.0328125 0.0 0.0
5 0.0 0.0328125 0.0 0.0
14 0.0 0.0328125 0.0 0.0
14 0.0 0.0328125 0.0 0.0
14 0.0 0.0328125 0.0 0.0
14 0.0 0.0328125 0.0 0.0
14 0.5 0.1451171875 1.0 0.033203125
5 0.1267361111111111 0.2505859375 0.12152777777777778 0.068359375
14 0.46597222222222223 0.2505859375 0.5083333333333333 0.033203125
5 0.9329861111111111 0.2505859375 0.03680555555555556 0.020703125
5 0.1267361111111111 0.3943359375 0.12152777777777778 0.068359375
14 0.43194444444444446 0.3943359375 0.44027777777777777 0.033203125
5 0.9329861111111111 0.3943359375 0.03680555555555556 0.020703125
5 0.1267361111111111 0.5380859375 0.12152777777777778 0.068359375
14 0.4309027777777778 0.5380859375 0.43819444444444444 0.033203125
5 0.9329861111111111 0.5380859375 0.03680555555555556 0.020703125
14 0.34618055555555555 0.628515625 0.5465277777777777 0.0296875
5 0.8104166666666667 0.0669921875 0.10972222222222222 0.046484375
5 0.9326388888888889 0.0669921875 0.10972222222222222 0.046484375
14 0.3715277777777778 0.0669921875 0.7430555555555556 0.033203125
14 0.0 0.0328125 0.0 0.0
5 0.0 0.0328125 0.0 0.0
5 0.0 0.0328125 0.0 0.0
14 0.0 0.0328125 0.0 0.0
5 0.0 0.0328125 0.0 0.0
5 0.06701388888888889 0.0908203125 0.03680555555555556 -0.020703125
3 0.5305555555555556 0.09765625 0.8902777777777777 -0.00703125
5 0.07291666666666667 0.14296875 0.09722222222222222 0.0546875
14 0.8805555555555555 0.1259765625 0.19027777777777777 0.022265625
14 0.3020833333333333 0.1291015625 0.3125 0.028515625
14 0.5607638888888888 0.1572265625 0.8298611111111112 0.027734375
5 0.0 0.185546875 0.0 0.0
14 0.0 0.185546875 0.0 0.0
14 0.0 0.185546875 0.0 0.0
14 0.0 0.185546875 0.0 0.0
5 0.07291666666666667 0.239453125 0.09722222222222222 0.0546875
14 0.8909722222222223 0.2103515625 0.16944444444444445 0.022265625
14 0.2763888888888889 0.2134765625 0.2611111111111111 0.028515625
14 0.5607638888888888 0.2537109375 0.8298611111111112 0.051953125
5 0.07291666666666667 0.348046875 0.09722222222222222 0.0546875
14 0.8909722222222223 0.3189453125 0.16944444444444445 0.022265625
14 0.4152777777777778 0.3220703125 0.5388888888888889 0.028515625
14 0.5607638888888888 0.3623046875 0.8298611111111112 0.051953125
