14 0.0 0.0984375 0.0 0.0
14 0.5 0.1357421875 0.9513888888888888 0.033203125
14 0.18263888888888888 0.2033203125 0.31666666666666665 0.033203125
12 0.18229166666666666 0.2501953125 0.10208333333333333 0.041015625
14 0.4996527777777778 0.2033203125 0.3173611111111111 0.033203125
12 0.4996527777777778 0.2501953125 0.10208333333333333 0.041015625
14 0.8170138888888889 0.2033203125 0.3173611111111111 0.033203125
12 0.8170138888888889 0.2501953125 0.10208333333333333 0.041015625
5 0.9319444444444445 0.332421875 0.0875 0.0546875
5 0.9319444444444445 0.4078125 0.0875 0.0546875
14 0.22395833333333334 0.4724609375 0.3506944444444444 0.033203125
14 0.653125 0.4724609375 0.4826388888888889 0.033203125
5 0.9291666666666667 0.4705078125 0.044444444444444446 0.029296875
0 0.5 0.483203125 0.9027777777777778 0.0546875
3 0.5 0.4728515625 0.9513888888888888 0.075390625
5 0.10208333333333333 0.554296875 0.15555555555555556 0.0875
14 0.42291666666666666 0.5271484375 0.4861111111111111 0.033203125
5 0.8979166666666667 0.554296875 0.15555555555555556 0.0875
14 0.0920138888888889 0.613671875 0.13541666666666666 0.03125
14 0.22743055555555555 0.613671875 0.13541666666666666 0.03125
14 0.3628472222222222 0.613671875 0.13541666666666666 0.03125
14 0.4982638888888889 0.613671875 0.13541666666666666 0.03125
14 0.6336805555555556 0.613671875 0.13541666666666666 0.03125
14 0.7690972222222222 0.613671875 0.13541666666666666 0.03125
14 0.9045138888888888 0.613671875 0.13541666666666666 0.03125
14 0.22395833333333334 0.5478515625 0.3506944444444444 0.033203125
14 0.653125 0.5478515625 0.4826388888888889 0.033203125
5 0.9291666666666667 0.5458984375 0.044444444444444446 0.029296875
0 0.5 0.55859375 0.9027777777777778 0.0546875
3 0.5 0.5482421875 0.9513888888888888 0.075390625
14 0.16215277777777778 0.6248046875 0.16458333333333333 0.036328125
14 0.2704861111111111 0.6248046875 0.027083333333333334 0.036328125
4 0.12534722222222222 0.6845703125 0.11319444444444444 0.063671875
4 0.23854166666666668 0.6845703125 0.11319444444444444 0.063671875
14 0.478125 0.6248046875 0.15069444444444444 0.036328125
14 0.5795138888888889 0.6248046875 0.027083333333333334 0.036328125
4 0.44131944444444443 0.6845703125 0.11319444444444444 0.063671875
4 0.5545138888888889 0.6845703125 0.11319444444444444 0.063671875
14 0.7958333333333333 0.6248046875 0.19027777777777777 0.036328125
14 0.9170138888888889 0.6248046875 0.027083333333333334 0.036328125
4 0.7586805555555556 0.6845703125 0.11319444444444444 0.063671875
4 0.871875 0.6845703125 0.11319444444444444 0.063671875
14 0.024305555555555556 0.720703125 0.0 0.0
14 0.024305555555555556 0.720703125 0.0 0.0
14 0.024305555555555556 0.720703125 0.0 0.0
14 0.024305555555555556 0.720703125 0.0 0.0
14 0.024305555555555556 0.720703125 0.0 0.0
14 0.024305555555555556 0.720703125 0.0 0.0
14 0.024305555555555556 0.720703125 0.0 0.0
14 0.024305555555555556 0.720703125 0.0 0.0
14 0.024305555555555556 0.720703125 0.0 0.0
14 0.024305555555555556 0.720703125 0.0 0.0
14 0.024305555555555556 0.720703125 0.0 0.0
14 0.024305555555555556 0.720703125 0.0 0.0
14 0.18263888888888888 0.7494140625 0.31666666666666665 -0.057421875
14 0.4795138888888889 0.7310546875 0.15069444444444444 -0.020703125
14 0.5809027777777778 0.7310546875 0.027083333333333334 -0.020703125
4 0.4427083333333333 0.7541015625 0.11319444444444444 -0.066796875
4 0.5559027777777777 0.7541015625 0.11319444444444444 -0.066796875
14 0.7972222222222223 0.7310546875 0.19027777777777777 -0.020703125
14 0.9184027777777778 0.7310546875 0.027083333333333334 -0.020703125
4 0.7600694444444445 0.7541015625 0.11319444444444444 -0.066796875
4 0.8732638888888888 0.7541015625 0.11319444444444444 -0.066796875
14 0.024305555555555556 0.720703125 0.0 0.0
14 0.024305555555555556 0.720703125 0.0 0.0
14 0.024305555555555556 0.720703125 0.0 0.0
14 0.024305555555555556 0.720703125 0.0 0.0
14 0.024305555555555556 0.720703125 0.0 0.0
14 0.024305555555555556 0.720703125 0.0 0.0
14 0.024305555555555556 0.720703125 0.0 0.0
14 0.024305555555555556 0.720703125 0.0 0.0
14 0.024305555555555556 0.720703125 0.0 0.0
14 0.024305555555555556 0.720703125 0.0 0.0
14 0.024305555555555556 0.720703125 0.0 0.0
14 0.024305555555555556 0.720703125 0.0 0.0
14 0.024305555555555556 0.720703125 0.0 0.0
14 0.024305555555555556 0.720703125 0.0 0.0
14 0.024305555555555556 0.720703125 0.0 0.0
4 0.024305555555555556 0.720703125 0.0 0.0
4 0.024305555555555556 0.720703125 0.0 0.0
14 0.024305555555555556 0.720703125 0.0 0.0
14 0.024305555555555556 0.720703125 0.0 0.0
4 0.024305555555555556 0.720703125 0.0 0.0
4 0.024305555555555556 0.720703125 0.0 0.0
14 0.024305555555555556 0.720703125 0.0 0.0
14 0.024305555555555556 0.720703125 0.0 0.0
14 0.024305555555555556 0.720703125 0.0 0.0
14 0.024305555555555556 0.720703125 0.0 0.0
14 0.024305555555555556 0.720703125 0.0 0.0
14 0.024305555555555556 0.720703125 0.0 0.0
14 0.024305555555555556 0.720703125 0.0 0.0
14 0.024305555555555556 0.720703125 0.0 0.0
14 0.024305555555555556 0.720703125 0.0 0.0
14 0.024305555555555556 0.720703125 0.0 0.0
14 0.024305555555555556 0.720703125 0.0 0.0
14 0.024305555555555556 0.720703125 0.0 0.0
14 0.0 0.0984375 0.0 0.0
14 0.0 0.0984375 0.0 0.0
14 0.0 0.0984375 0.0 0.0
14 0.0 0.0984375 0.0 0.0
0 0.0 0.0984375 0.0 0.0
14 0.0 0.0984375 0.0 0.0
14 0.0 0.0984375 0.0 0.0
0 0.0 0.0984375 0.0 0.0
0 0.5 0.780859375 0.9513888888888888 0.065625
5 0.0 0.83828125 0.0 0.0
14 0.0 0.83828125 0.0 0.0
5 0.125 0.8734375 0.25 0.06171875
14 0.125 0.9171875 0.25 0.02578125
5 0.375 0.8734375 0.25 0.06171875
14 0.3746527777777778 0.9171875 0.14375 0.02578125
5 0.625 0.8734375 0.10972222222222222 0.06171875
14 0.6246527777777777 0.9171875 0.05763888888888889 0.02578125
5 0.875 0.8734375 0.10972222222222222 0.06171875
14 0.875 0.9171875 0.07916666666666666 0.02578125
4 0.5 0.065625 0.30277777777777776 0.065625
