5 0.049652777777777775 0.1373046875 0.09930555555555555 0.041015625
5 0.049652777777777775 0.1966796875 0.09930555555555555 0.041015625
5 0.049652777777777775 0.2560546875 0.09930555555555555 0.041015625
5 0.049652777777777775 0.3154296875 0.09930555555555555 0.041015625
5 0.049652777777777775 0.3748046875 0.09930555555555555 0.041015625
5 0.049652777777777775 0.4341796875 0.09930555555555555 0.041015625
5 0.049652777777777775 0.4935546875 0.09930555555555555 0.041015625
5 0.049652777777777775 0.5529296875 0.09930555555555555 0.041015625
5 0.049652777777777775 0.6123046875 0.09930555555555555 0.041015625
5 0.049652777777777775 0.6716796875 0.09930555555555555 0.041015625
5 0.049652777777777775 0.7310546875 0.09930555555555555 0.041015625
5 0.049652777777777775 0.7904296875 0.09930555555555555 0.041015625
5 0.049652777777777775 0.8498046875 0.09930555555555555 0.041015625
5 0.049652777777777775 0.9091796875 0.09930555555555555 0.041015625
5 0.12638888888888888 0.1697265625 0.24305555555555555 0.133984375
4 0.9298611111111111 0.12578125 0.10138888888888889 0.0515625
5 0.07048611111111111 0.8986328125 0.12152777777777778 0.068359375
5 0.33055555555555555 0.898828125 0.39305555555555555 0.05703125
5 0.0 0.85234375 0.0 0.0
5 0.5 0.883203125 1.0 0.06171875
5 0.06319444444444444 0.065234375 0.04861111111111111 0.02734375
4 0.10277777777777777 0.0654296875 0.058333333333333334 0.032421875
