4 0.04375 0.057421875 0.0875 0.04921875
4 0.95625 0.057421875 0.0875 0.04921875
14 0.034027777777777775 0.1953125 0.0 0.04375
14 0.02673611111111111 0.1916015625 -0.014583333333333334 0.036328125
14 0.027777777777777776 0.2419921875 -0.0125 0.023828125
14 0.027777777777777776 0.2884765625 -0.0125 0.023828125
5 0.215625 0.2240234375 0.18958333333333333 0.106640625
14 0.215625 0.2830078125 0.10625 0.023828125
5 0.40520833333333334 0.2240234375 0.18958333333333333 0.106640625
14 0.4048611111111111 0.2830078125 0.09444444444444444 0.023828125
5 0.5947916666666667 0.2240234375 0.18958333333333333 0.106640625
14 0.5944444444444444 0.2830078125 0.06111111111111111 0.023828125
5 0.784375 0.2240234375 0.18958333333333333 0.106640625
14 0.784375 0.2830078125 0.13819444444444445 0.023828125
5 0.215625 0.3541015625 0.18958333333333333 0.106640625
14 0.2152777777777778 0.4130859375 0.11527777777777778 0.023828125
5 0.40520833333333334 0.3541015625 0.18958333333333333 0.106640625
14 0.40520833333333334 0.4130859375 0.12291666666666666 0.023828125
5 0.5947916666666667 0.3541015625 0.18958333333333333 0.106640625
14 0.5947916666666667 0.4130859375 0.13819444444444445 0.023828125
5 0.784375 0.3541015625 0.18958333333333333 0.106640625
14 0.784375 0.4130859375 0.08958333333333333 0.023828125
5 0.215625 0.4841796875 0.18958333333333333 0.106640625
14 0.2152777777777778 0.5431640625 0.15555555555555556 0.023828125
5 0.40520833333333334 0.4841796875 0.18958333333333333 0.106640625
14 0.4048611111111111 0.5431640625 0.1625 0.023828125
5 0.5947916666666667 0.4841796875 0.18958333333333333 0.106640625
14 0.5947916666666667 0.5431640625 0.08958333333333333 0.023828125
5 0.784375 0.4841796875 0.18958333333333333 0.106640625
14 0.784375 0.5431640625 0.06458333333333334 0.023828125
5 0.215625 0.6142578125 0.18958333333333333 0.106640625
14 0.215625 0.6732421875 0.05625 0.023828125
5 0.40520833333333334 0.6142578125 0.18958333333333333 0.106640625
14 0.4048611111111111 0.6732421875 0.11388888888888889 0.023828125
5 0.5947916666666667 0.6142578125 0.18958333333333333 0.106640625
14 0.5947916666666667 0.6732421875 0.04791666666666667 0.023828125
5 0.784375 0.6142578125 0.18958333333333333 0.106640625
14 0.7840277777777778 0.6732421875 0.07083333333333333 0.023828125
0 0.08541666666666667 0.192578125 0.07777777777777778 0.04375
0 0.16319444444444445 0.192578125 0.07777777777777778 0.04375
14 0.315625 0.192578125 0.22708333333333333 0.03671875
4 0.9684027777777777 0.8125 -0.004861111111111111 0.065625
4 0.1909722222222222 0.086328125 0.16527777777777777 0.09296875
14 0.1909722222222222 0.1408203125 0.30833333333333335 0.029296875
4 0.49930555555555556 0.086328125 0.16527777777777777 0.09296875
14 0.49930555555555556 0.1408203125 0.30833333333333335 0.029296875
4 0.8076388888888889 0.086328125 0.16527777777777777 0.09296875
14 0.8076388888888889 0.1408203125 0.30833333333333335 0.029296875
6 0.5 0.48359375 0.11666666666666667 0.065625
