14 0.19270833333333334 0.07109375 0.11319444444444444 0.0765625
5 0.8152777777777778 0.07109375 0.1361111111111111 0.0765625
14 0.1361111111111111 0.0708984375 0.0 0.036328125
4 0.06805555555555555 0.07109375 0.1361111111111111 0.0765625
14 0.16666666666666666 0.1421875 0.275 0.0296875
14 0.5 0.1421875 0.275 0.0296875
14 0.8333333333333334 0.1421875 0.275 0.0296875
14 0.234375 0.5060546875 0.3715277777777778 0.045703125
14 0.6954861111111111 0.5060546875 0.5118055555555555 0.045703125
6 0.5 0.4671875 0.11666666666666667 0.065625
