14 0.5 0.065625 0.35138888888888886 0.065625
14 0.940625 0.065625 0.11875 0.065625
14 0.5194444444444445 0.189453125 0.9611111111111111 0.04375
14 0.11423611111111111 0.3125 0.15486111111111112 0.065625
5 0.9170138888888889 0.3123046875 0.04375 0.024609375
14 0.14270833333333333 0.37890625 0.21180555555555555 0.065625
14 0.12256944444444444 0.4453125 0.17152777777777778 0.065625
0 0.5 0.5328125 0.9263888888888889 0.0546875
5 0.0 0.0328125 0.0 0.0
14 0.0 0.0328125 0.0 0.0
14 0.0 0.0328125 0.0 0.0
14 0.0 0.0328125 0.0 0.0
14 0.0 0.0328125 0.0 0.0
14 0.0 0.0328125 0.0 0.0
1 0.0 0.0328125 0.0 0.0
14 0.0 0.0328125 0.0 0.0
14 0.0 0.0328125 0.0 0.0
14 0.0 0.0328125 0.0 0.0
14 0.0 0.0328125 0.0 0.0
14 0.0 0.0328125 0.0 0.0
14 0.0 0.0328125 0.0 0.0
0 0.0 0.0328125 0.0 0.0
