5 0.5 0.4671875 1.0 0.934375
14 0.3079861111111111 0.758203125 0.10902777777777778 0.03515625
14 0.5038194444444445 0.787890625 0.5006944444444444 0.02421875
5 0.9368055555555556 0.861328125 0.06805555555555555 0.0140625
14 0.8072916666666666 0.8611328125 0.18125 0.016796875
5 0.7041666666666667 0.862109375 0.019444444444444445 0.0125
5 0.07777777777777778 0.71171875 0.0875 0.04921875
14 0.196875 0.71171875 0.14097222222222222 0.04921875
14 0.1607638888888889 0.75859375 0.06875 0.03046875
5 0.07777777777777778 0.7583984375 0.0875 0.022265625
5 0.26805555555555555 0.7564453125 0.0875 0.022265625
14 0.35104166666666664 0.75625 0.06875 0.03515625
14 0.2482638888888889 0.8404296875 0.43819444444444444 0.173828125
5 0.9291666666666667 0.909375 0.06805555555555555 0.0140625
14 0.8229166666666666 0.9091796875 0.13472222222222222 0.016796875
5 0.7430555555555556 0.91015625 0.019444444444444445 0.0125
5 0.08645833333333333 0.041015625 0.17291666666666666 0.08203125
5 0.9135416666666667 0.0408203125 0.05625 0.031640625
14 0.5 0.033984375 0.2902777777777778 0.03515625
5 0.07916666666666666 0.2015625 0.041666666666666664 0.0234375
14 0.3315972222222222 0.2015625 0.41458333333333336 0.03515625
14 0.6114583333333333 0.2015625 0.09652777777777778 0.02421875
5 0.0 0.08203125 0.0 0.0
14 0.0 0.08203125 0.0 0.0
14 0.0 0.08203125 0.0 0.0
5 0.0 0.08203125 0.0 0.0
14 0.0 0.08203125 0.0 0.0
14 0.0 0.08203125 0.0 0.0
14 0.0 0.08203125 0.0 0.0
5 0.0 0.0 0.0 0.0
