5 0.058333333333333334 0.0328125 0.11666666666666667 0.065625
6 0.4996527777777778 0.03359375 0.4618055555555556 0.01796875
14 0.9131944444444444 0.0318359375 0.016666666666666666 0.022265625
14 0.9340277777777778 0.0318359375 0.025 0.022265625
14 0.9548611111111112 0.0318359375 0.016666666666666666 0.022265625
14 0.39618055555555554 0.0435546875 0.6229166666666667 -0.047265625
5 0.86875 0.056640625 0.05138888888888889 -0.02109375
14 0.03611111111111111 0.0734375 0.0 0.0
5 0.05798611111111111 0.099609375 0.04375 0.0328125
5 0.07708333333333334 0.123828125 0.05694444444444444 0.03203125
5 0.13125 0.1314453125 0.05138888888888889 0.116015625
14 0.4309027777777778 0.1216796875 0.45069444444444445 0.027734375
14 0.4270833333333333 0.1494140625 0.44305555555555554 0.027734375
5 0.9638888888888889 0.0734375 0.0 0.0
14 0.03611111111111111 0.216796875 0.0 0.0
5 0.03611111111111111 0.216796875 0.0 0.0
14 0.175 0.2650390625 0.18055555555555555 0.027734375
14 0.209375 0.2927734375 0.24930555555555556 0.027734375
5 0.86875 0.2748046875 0.05138888888888889 0.116015625
5 0.9420138888888889 0.24296875 0.04375 0.0328125
5 0.9229166666666667 0.2671875 0.05694444444444444 0.03203125
14 0.03611111111111111 0.36015625 0.0 0.0
5 0.05798611111111111 0.386328125 0.04375 0.0328125
5 0.07708333333333334 0.410546875 0.05694444444444444 0.03203125
5 0.13125 0.4181640625 0.05138888888888889 0.116015625
14 0.2798611111111111 0.4083984375 0.1486111111111111 0.027734375
14 0.39791666666666664 0.4083984375 0.0875 0.027734375
14 0.45034722222222223 0.4083984375 0.017361111111111112 0.027734375
14 0.6368055555555555 0.4083984375 0.35555555555555557 0.027734375
14 0.8232638888888889 0.4083984375 0.017361111111111112 0.027734375
0 0.51875 0.4083984375 0.6263888888888889 0.027734375
14 0.540625 0.4361328125 0.6701388888888888 0.027734375
5 0.9638888888888889 0.36015625 0.0 0.0
14 0.03611111111111111 0.503515625 0.0 0.0
5 0.03611111111111111 0.503515625 0.0 0.0
14 0.4395833333333333 0.5638671875 0.7097222222222223 0.051953125
14 0.4395833333333333 0.6158203125 0.7097222222222223 0.051953125
5 0.86875 0.5857421875 0.05138888888888889 0.164453125
5 0.9420138888888889 0.5296875 0.04375 0.0328125
5 0.9229166666666667 0.55390625 0.05694444444444444 0.03203125
14 0.03611111111111111 0.6953125 0.0 0.0
5 0.05798611111111111 0.721484375 0.04375 0.0328125
5 0.13125 0.7533203125 0.05138888888888889 0.116015625
14 0.22951388888888888 0.7435546875 0.04791666666666667 0.027734375
14 0.2722222222222222 0.7435546875 0.0375 0.027734375
14 0.29583333333333334 0.7435546875 0.009722222222222222 0.027734375
14 0.309375 0.7435546875 0.017361111111111112 0.027734375
0 0.26180555555555557 0.7435546875 0.1125 0.027734375
14 0.3486111111111111 0.7712890625 0.2861111111111111 0.027734375
5 0.9638888888888889 0.6953125 0.0 0.0
0 0.9815972222222222 0.4529296875 0.03680555555555556 0.771484375
14 0.3458333333333333 0.8865234375 0.1763888888888889 0.040234375
14 0.42916666666666664 0.8783203125 0.0 0.018359375
0 0.3458333333333333 0.8865234375 0.25 0.081640625
14 0.6368055555555555 0.8865234375 0.20972222222222223 0.040234375
14 0.7368055555555556 0.8783203125 0.0 0.018359375
0 0.6368055555555555 0.8865234375 0.2833333333333333 0.081640625
0 0.5 0.8865234375 1.0 0.095703125
