14 0.09375 0.1166015625 0.1625 0.022265625
5 0.08993055555555556 0.90078125 0.1798611111111111 0.065625
5 0.26006944444444446 0.9 0.16041666666666668 0.065625
5 0.4204861111111111 0.9 0.16041666666666668 0.065625
5 0.5809027777777778 0.9 0.16041666666666668 0.065625
5 0.7413194444444444 0.9 0.16041666666666668 0.065625
5 0.8798611111111111 0.9 0.07777777777777778 0.04375
0 0.0 0.0328125 0.0 0.0
5 0.019444444444444445 0.065625 0.03888888888888889 0.065625
5 0.07777777777777778 0.065625 0.07777777777777778 0.065625
14 0.1361111111111111 0.065625 0.0 0.03125
5 0.43125 0.065625 0.07777777777777778 0.04375
5 0.5576388888888889 0.065625 0.07777777777777778 0.04375
5 0.6840277777777778 0.065625 0.07777777777777778 0.04375
5 0.8104166666666667 0.065625 0.07777777777777778 0.04375
5 0.9368055555555556 0.065625 0.07777777777777778 0.04375
14 1.0 0.0654296875 0.0 0.033203125
5 0.0 0.065625 0.0 0.065625
