14 0.23576388888888888 0.0708984375 0.1798611111111111 0.036328125
4 0.06805555555555555 0.07109375 0.1361111111111111 0.0765625
1 0.9416666666666667 0.1068359375 0.07777777777777778 -0.005078125
1 0.9416666666666667 0.1123046875 0.09166666666666666 0.005859375
14 0.4479166666666667 0.1041015625 0.8708333333333333 -0.010546875
1 0.9416666666666667 0.155078125 0.07777777777777778 0.04375
1 0.9416666666666667 0.155078125 0.09166666666666666 0.065625
14 0.4479166666666667 0.1548828125 0.8708333333333333 0.033203125
14 0.5 0.222265625 1.0 0.06171875
1 0.9416666666666667 0.289453125 0.07777777777777778 0.04375
1 0.9416666666666667 0.289453125 0.09166666666666666 0.065625
14 0.4479166666666667 0.2892578125 0.8708333333333333 0.033203125
1 0.9416666666666667 0.362109375 0.07777777777777778 0.04375
1 0.9416666666666667 0.362109375 0.09166666666666666 0.065625
14 0.4479166666666667 0.3619140625 0.8708333333333333 0.033203125
1 0.9416666666666667 0.434765625 0.07777777777777778 0.04375
1 0.9416666666666667 0.434765625 0.09166666666666666 0.065625
14 0.4479166666666667 0.4345703125 0.8708333333333333 0.033203125
1 0.9416666666666667 0.507421875 0.07777777777777778 0.04375
1 0.9416666666666667 0.507421875 0.09166666666666666 0.065625
14 0.4479166666666667 0.5072265625 0.8708333333333333 0.033203125
1 0.9416666666666667 0.580078125 0.07777777777777778 0.04375
1 0.9416666666666667 0.580078125 0.09166666666666666 0.065625
14 0.4479166666666667 0.5798828125 0.8708333333333333 0.033203125
1 0.9416666666666667 0.652734375 0.07777777777777778 0.04375
1 0.9416666666666667 0.652734375 0.09166666666666666 0.065625
14 0.4479166666666667 0.6525390625 0.8708333333333333 0.033203125
1 0.9416666666666667 0.725390625 0.07777777777777778 0.04375
1 0.9416666666666667 0.725390625 0.09166666666666666 0.065625
14 0.4479166666666667 0.7251953125 0.8708333333333333 0.033203125
1 0.9416666666666667 0.798046875 0.07777777777777778 0.04375
1 0.9416666666666667 0.798046875 0.09166666666666666 0.065625
14 0.4479166666666667 0.7978515625 0.8708333333333333 0.033203125
1 0.9416666666666667 0.870703125 0.07777777777777778 0.04375
1 0.9416666666666667 0.870703125 0.09166666666666666 0.065625
14 0.4479166666666667 0.8705078125 0.8708333333333333 0.033203125
14 0.0 0.124609375 0.0 0.03046875
14 0.0 0.27421875 0.0 0.03046875
6 0.0 0.0328125 0.0 0.0
14 0.0 0.0328125 0.0 0.0
