14 0.09166666666666666 0.07109375 0.10555555555555556 0.0421875
10 0.2263888888888889 0.07109375 0.375 0.0421875
5 0.44305555555555554 0.07109375 0.058333333333333334 0.0421875
5 0.125 0.1421875 0.1361111111111111 0.0328125
5 0.375 0.1421875 0.1361111111111111 0.0328125
5 0.625 0.1421875 0.1361111111111111 0.0328125
5 0.875 0.1421875 0.1361111111111111 0.0328125
5 0.17743055555555556 0.240625 0.3159722222222222 0.109375
14 0.609375 0.2201171875 0.5090277777777777 0.062890625
14 0.4840277777777778 0.275 0.25833333333333336 0.0296875
14 0.26666666666666666 0.275 0.11805555555555555 0.0296875
5 0.9222222222222223 0.2146484375 0.11666666666666667 0.057421875
5 0.9222222222222223 0.2671875 0.11666666666666667 0.05625
5 0.0 0.175 0.0 0.0
5 0.17743055555555556 0.371875 0.3159722222222222 0.109375
14 0.609375 0.3513671875 0.5090277777777777 0.062890625
14 0.5163194444444444 0.40625 0.3229166666666667 0.0296875
14 0.26666666666666666 0.40625 0.11805555555555555 0.0296875
5 0.9222222222222223 0.3458984375 0.11666666666666667 0.057421875
5 0.9222222222222223 0.3984375 0.11666666666666667 0.05625
5 0.0 0.30625 0.0 0.0
5 0.17743055555555556 0.503125 0.3159722222222222 0.109375
14 0.5447916666666667 0.46796875 0.3798611111111111 0.03359375
14 0.5163194444444444 0.5375 0.3229166666666667 0.0296875
14 0.26666666666666666 0.5375 0.11805555555555555 0.0296875
5 0.9222222222222223 0.4771484375 0.11666666666666667 0.057421875
5 0.9222222222222223 0.5296875 0.11666666666666667 0.05625
5 0.0 0.4375 0.0 0.0
5 0.17743055555555556 0.634375 0.3159722222222222 0.109375
14 0.609375 0.6138671875 0.5090277777777777 0.062890625
14 0.4947916666666667 0.66875 0.2798611111111111 0.0296875
14 0.26666666666666666 0.66875 0.11805555555555555 0.0296875
5 0.9222222222222223 0.6083984375 0.11666666666666667 0.057421875
5 0.9222222222222223 0.6609375 0.11666666666666667 0.05625
5 0.0 0.56875 0.0 0.0
5 0.17743055555555556 0.765625 0.3159722222222222 0.109375
14 0.5288194444444444 0.73046875 0.34791666666666665 0.03359375
14 0.4947916666666667 0.8 0.2798611111111111 0.0296875
14 0.26666666666666666 0.8 0.11805555555555555 0.0296875
5 0.9222222222222223 0.7396484375 0.11666666666666667 0.057421875
5 0.9222222222222223 0.7921875 0.11666666666666667 0.05625
5 0.0 0.7 0.0 0.0
5 0.17743055555555556 0.88828125 0.3159722222222222 0.0921875
14 0.609375 0.8763671875 0.5090277777777777 0.062890625
14 0.5055555555555555 0.925390625 0.3013888888888889 0.01796875
14 0.26666666666666666 0.925390625 0.11805555555555555 0.01796875
5 0.9222222222222223 0.8708984375 0.11666666666666667 0.057421875
5 0.9222222222222223 0.91484375 0.11666666666666667 0.0390625
5 0.0 0.83125 0.0 0.0
14 0.5 0.286328125 1.0 0.16640625
5 0.4996527777777778 0.4833984375 0.4048611111111111 0.227734375
0 0.8444444444444444 0.621875 0.23333333333333334 0.04921875
