14 0.06388888888888888 0.2203125 0.0 0.0
14 0.49930555555555556 0.247265625 0.44166666666666665 0.05390625
3 0.4996527777777778 0.305078125 0.79375 0.06171875
3 0.4996527777777778 0.38046875 0.79375 0.06171875
3 0.4996527777777778 0.455859375 0.79375 0.06171875
3 0.4996527777777778 0.53125 0.79375 0.06171875
1 0.48680555555555555 0.59765625 0.31666666666666665 0.04375
14 0.48680555555555555 0.632421875 0.24444444444444444 0.02578125
0 0.06388888888888888 0.2203125 0.0 0.0
0 0.6371527777777778 0.702734375 0.18819444444444444 0.065625
0 0.81875 0.702734375 0.175 0.065625
