14 0.5 0.1203125 0.9222222222222223 0.04375
5 0.11666666666666667 0.18671875 0.11666666666666667 0.065625
14 0.3697916666666667 0.1865234375 0.3506944444444444 0.033203125
5 0.11666666666666667 0.275 0.11666666666666667 0.065625
14 0.3559027777777778 0.2748046875 0.3229166666666667 0.033203125
14 0.5 0.34140625 0.9222222222222223 0.04375
5 0.11666666666666667 0.4078125 0.11666666666666667 0.065625
14 0.3642361111111111 0.3947265625 0.33958333333333335 0.033203125
14 0.3576388888888889 0.42421875 0.3263888888888889 0.02578125
5 0.11666666666666667 0.49609375 0.11666666666666667 0.065625
14 0.3458333333333333 0.4830078125 0.30277777777777776 0.033203125
14 0.46979166666666666 0.5125 0.5506944444444445 0.02578125
5 0.11666666666666667 0.584375 0.11666666666666667 0.065625
14 0.3729166666666667 0.5712890625 0.35694444444444445 0.033203125
14 0.34270833333333334 0.60078125 0.2965277777777778 0.02578125
5 0.11666666666666667 0.67265625 0.11666666666666667 0.065625
14 0.3451388888888889 0.6595703125 0.3013888888888889 0.033203125
14 0.41180555555555554 0.6890625 0.43472222222222223 0.02578125
5 0.11666666666666667 0.7609375 0.11666666666666667 0.065625
14 0.3767361111111111 0.7478515625 0.3645833333333333 0.033203125
14 0.3972222222222222 0.77734375 0.40555555555555556 0.02578125
14 0.5 0.82734375 0.9222222222222223 0.04375
5 0.11666666666666667 0.89375 0.11666666666666667 0.065625
14 0.40069444444444446 0.8935546875 0.4125 0.033203125
0 0.0 0.0984375 0.0 0.0
0 0.0 0.0984375 0.0 0.0
5 0.06875 0.065625 0.07777777777777778 0.04375
14 0.22465277777777778 0.0654296875 0.21458333333333332 0.033203125
