5 0.1 0.0916015625 0.07777777777777778 -0.013671875
14 0.4065972222222222 0.0888671875 0.43819444444444444 -0.019140625
5 0.01840277777777778 0.09609375 0.03680555555555556 -0.0046875
14 0.5368055555555555 0.1025390625 0.9263888888888889 0.008203125
14 0.28020833333333334 0.152734375 0.21736111111111112 0.02578125
14 0.49930555555555556 0.141015625 0.08611111111111111 0.02578125
0 0.9534722222222223 0.135546875 0.06805555555555555 0.03828125
14 0.7166666666666667 0.152734375 0.2125 0.02578125
5 0.0 0.169140625 0.0 0.0
14 0.0 0.169140625 0.0 0.0
14 0.2857638888888889 0.208203125 0.20625 0.02578125
14 0.49930555555555556 0.196484375 0.08611111111111111 0.02578125
0 0.9534722222222223 0.191015625 0.06805555555555555 0.03828125
14 0.6756944444444445 0.208203125 0.13055555555555556 0.02578125
5 0.01840277777777778 0.24453125 0.03680555555555556 0.0
14 0.5368055555555555 0.24453125 0.9263888888888889 0.02578125
14 0.050347222222222224 0.2365234375 0.07569444444444444 0.018359375
14 0.3121527777777778 0.263671875 0.15347222222222223 0.02578125
14 0.49930555555555556 0.2517578125 0.08472222222222223 0.033203125
14 0.9416666666666667 0.2365234375 0.09166666666666666 0.018359375
14 0.6881944444444444 0.263671875 0.15555555555555556 0.02578125
5 0.0 0.280078125 0.0 0.0
14 0.0 0.280078125 0.0 0.0
14 0.050347222222222224 0.2919921875 0.07569444444444444 0.018359375
14 0.31631944444444443 0.319140625 0.1451388888888889 0.02578125
14 0.49930555555555556 0.3072265625 0.08472222222222223 0.033203125
14 0.9416666666666667 0.2919921875 0.09166666666666666 0.018359375
14 0.6631944444444444 0.319140625 0.10555555555555556 0.02578125
5 0.01840277777777778 0.35546875 0.03680555555555556 0.0
14 0.5368055555555555 0.35546875 0.9263888888888889 0.02578125
14 0.25104166666666666 0.414453125 0.27569444444444446 0.02578125
14 0.49930555555555556 0.402734375 0.08611111111111111 0.02578125
0 0.9534722222222223 0.397265625 0.06805555555555555 0.03828125
14 0.7458333333333333 0.414453125 0.2708333333333333 0.02578125
5 0.01840277777777778 0.45078125 0.03680555555555556 0.0
14 0.5368055555555555 0.45078125 0.9263888888888889 0.02578125
14 0.2951388888888889 0.469921875 0.1875 0.02578125
14 0.49930555555555556 0.458203125 0.08611111111111111 0.02578125
0 0.9534722222222223 0.452734375 0.06805555555555555 0.03828125
14 0.6888888888888889 0.469921875 0.15694444444444444 0.02578125
5 0.01840277777777778 0.50625 0.03680555555555556 0.0
14 0.5368055555555555 0.50625 0.9263888888888889 0.02578125
14 0.32708333333333334 0.565234375 0.12361111111111112 0.02578125
14 0.49930555555555556 0.553515625 0.08611111111111111 0.02578125
0 0.9534722222222223 0.548046875 0.06805555555555555 0.03828125
14 0.6881944444444444 0.565234375 0.15555555555555556 0.02578125
5 0.01840277777777778 0.6015625 0.03680555555555556 0.0
14 0.5368055555555555 0.6015625 0.9263888888888889 0.02578125
14 0.3440972222222222 0.620703125 0.08958333333333333 0.02578125
14 0.49930555555555556 0.608984375 0.08611111111111111 0.02578125
0 0.9534722222222223 0.603515625 0.06805555555555555 0.03828125
14 0.6402777777777777 0.620703125 0.059722222222222225 0.02578125
5 0.01840277777777778 0.65703125 0.03680555555555556 0.0
14 0.5368055555555555 0.65703125 0.9263888888888889 0.02578125
14 0.30069444444444443 0.676171875 0.1763888888888889 0.02578125
14 0.49930555555555556 0.664453125 0.08611111111111111 0.02578125
0 0.9534722222222223 0.658984375 0.06805555555555555 0.03828125
14 0.6614583333333334 0.676171875 0.10208333333333333 0.02578125
5 0.0 0.692578125 0.0 0.0
14 0.0 0.692578125 0.0 0.0
14 0.25381944444444443 0.731640625 0.2701388888888889 0.02578125
14 0.49930555555555556 0.719921875 0.08611111111111111 0.02578125
0 0.9534722222222223 0.714453125 0.06805555555555555 0.03828125
14 0.7309027777777778 0.731640625 0.24097222222222223 0.02578125
5 0.01840277777777778 0.76796875 0.03680555555555556 0.0
14 0.5368055555555555 0.76796875 0.9263888888888889 0.02578125
14 0.3059027777777778 0.787109375 0.16597222222222222 0.02578125
14 0.49930555555555556 0.775390625 0.08611111111111111 0.02578125
0 0.9534722222222223 0.769921875 0.06805555555555555 0.03828125
14 0.6763888888888889 0.787109375 0.13194444444444445 0.02578125
5 0.0 0.803515625 0.0 0.0
14 0.0 0.803515625 0.0 0.0
14 0.28958333333333336 0.842578125 0.1986111111111111 0.02578125
14 0.49930555555555556 0.830859375 0.08611111111111111 0.02578125
0 0.9534722222222223 0.825390625 0.06805555555555555 0.03828125
14 0.6708333333333333 0.842578125 0.12083333333333333 0.02578125
5 0.0 0.858984375 0.0 0.0
14 0.0 0.858984375 0.0 0.0
14 0.30104166666666665 0.898046875 0.17569444444444443 0.02578125
14 0.49930555555555556 0.886328125 0.08611111111111111 0.02578125
0 0.9534722222222223 0.880859375 0.06805555555555555 0.03828125
14 0.7052083333333333 0.898046875 0.18958333333333333 0.02578125
5 0.01840277777777778 0.934375 0.03680555555555556 0.0
14 0.5368055555555555 0.9279296875 0.9263888888888889 0.012890625
14 0.050347222222222224 0.945703125 0.07569444444444444 -0.02265625
14 0.26944444444444443 0.957421875 0.2388888888888889 -0.04609375
14 0.49930555555555556 0.949609375 0.08472222222222223 -0.03046875
14 0.49930555555555556 0.945703125 0.029166666666666667 -0.02265625
0 0.9534722222222223 0.945703125 0.06805555555555555 -0.02265625
14 0.7170138888888888 0.957421875 0.21319444444444444 -0.04609375
5 0.1076388888888889 0.065625 0.15555555555555556 0.04375
14 0.2934027777777778 0.0654296875 0.19652777777777777 0.033203125
