5 0.08541666666666667 0.9123046875 0.14583333333333334 0.030078125
5 0.0 0.0 0.0 0.0
5 0.0 0.0 0.0 0.0
5 0.0 0.0 0.0 0.0
5 0.0 0.0 0.0 0.0
5 0.0 0.7765625 0.0 0.0
5 0.0 0.7765625 0.0 0.0
5 0.0 0.7765625 0.0 0.0
5 0.0 0.7765625 0.0 0.0
5 0.0 0.7765625 0.0 0.0
5 0.0 0.7765625 0.0 0.0
14 0.3 0.80390625 0.09722222222222222 0.0546875
5 0.3003472222222222 0.8505859375 0.04375 0.024609375
14 0.2798611111111111 0.8830078125 0.0763888888888889 0.040234375
14 0.33819444444444446 0.8884765625 0.04027777777777778 0.022265625
14 0.36041666666666666 0.79375 0.06111111111111111 0.034375
14 0.23472222222222222 0.795703125 0.06805555555555555 0.03828125
14 0.4996527777777778 0.8546875 0.1701388888888889 0.07265625
14 0.4996527777777778 0.890625 0.09236111111111112 0.02578125
14 0.6986111111111111 0.80390625 0.09722222222222222 0.0546875
5 0.6986111111111111 0.85 0.06111111111111111 0.034375
14 0.6986111111111111 0.8853515625 0.09722222222222222 0.033203125
14 0.0 0.0 0.0 0.0
14 0.0 0.0 0.0 0.0
4 0.0 0.0 0.0 0.0
4 0.0 0.0 0.0 0.0
4 0.0 0.0 0.0 0.0
14 0.0 0.0 0.0 0.0
14 0.0 0.0 0.0 0.0
14 0.0 0.0 0.0 0.0
14 0.0 0.0 0.0 0.0
14 0.4996527777777778 0.9189453125 0.5229166666666667 0.030859375
4 0.07569444444444444 0.864453125 0.12638888888888888 0.07265625
4 0.9243055555555556 0.864453125 0.12638888888888888 0.07265625
14 0.0 0.0 0.0 0.0
9 0.0 0.0 0.0 0.0
4 0.0 0.0 0.0 0.0
5 0.0 0.0 0.0 0.0
14 0.0 0.0 0.0 0.0
5 0.0 0.0 0.0 0.0
5 0.0 0.0 0.0 0.0
14 0.0 0.0 0.0 0.0
5 0.0 0.0 0.0 0.0
5 0.0 0.0 0.0 0.0
14 0.0 0.0 0.0 0.0
5 0.0 0.0 0.0 0.0
4 0.0875 0.08203125 0.1361111111111111 0.0765625
5 0.28055555555555556 0.08203125 0.07777777777777778 0.0328125
0 0.06805555555555555 0.1546875 0.09722222222222222 0.0546875
0 0.06805555555555555 0.223046875 0.09722222222222222 0.0546875
0 0.9201388888888888 0.157421875 0.09722222222222222 0.0546875
0 0.9201388888888888 0.2328125 0.09722222222222222 0.0546875
0 0.9201388888888888 0.301171875 0.09722222222222222 0.0546875
4 0.006944444444444444 0.03671875 0.0 0.0
4 0.006944444444444444 0.03671875 0.0 0.0
4 0.006944444444444444 0.03671875 0.0 0.0
4 0.006944444444444444 0.03671875 0.0 0.0
14 0.0 0.255859375 0.0 0.065625
14 0.0 0.793359375 0.0 0.065625
