5 0.04375 0.133984375 0.07777777777777778 0.04375
9 0.48819444444444443 0.1337890625 0.8111111111111111 0.024609375
14 0.9444444444444444 0.133984375 0.10138888888888889 0.02578125
14 0.24965277777777778 0.14765625 0.18680555555555556 0.0765625
14 0.7496527777777777 0.14765625 0.17430555555555555 0.0765625
5 0.5 0.1861328125 1.0 0.000390625
6 0.5 0.51796875 0.18472222222222223 0.10390625
5 0.07569444444444444 0.230078125 0.11666666666666667 0.065625
5 0.13125 0.24921875 0.04861111111111111 0.02734375
14 0.48541666666666666 0.21484375 0.6013888888888889 0.0296875
14 0.48541666666666666 0.2380859375 0.6013888888888889 0.016796875
4 0.8298611111111112 0.223046875 0.0875 0.04921875
4 0.9222222222222223 0.223046875 0.0875 0.04921875
5 0.07569444444444444 0.317578125 0.11666666666666667 0.065625
5 0.13125 0.33671875 0.04861111111111111 0.02734375
14 0.48541666666666666 0.30234375 0.6013888888888889 0.0296875
14 0.48541666666666666 0.3255859375 0.6013888888888889 0.016796875
4 0.8298611111111112 0.310546875 0.0875 0.04921875
4 0.9222222222222223 0.310546875 0.0875 0.04921875
5 0.07569444444444444 0.405078125 0.11666666666666667 0.065625
5 0.13125 0.42421875 0.04861111111111111 0.02734375
14 0.48541666666666666 0.38984375 0.6013888888888889 0.0296875
14 0.48541666666666666 0.4130859375 0.6013888888888889 0.016796875
4 0.8298611111111112 0.398046875 0.0875 0.04921875
4 0.9222222222222223 0.398046875 0.0875 0.04921875
5 0.07569444444444444 0.492578125 0.11666666666666667 0.065625
5 0.13125 0.51171875 0.04861111111111111 0.02734375
14 0.48541666666666666 0.47734375 0.6013888888888889 0.0296875
14 0.48541666666666666 0.5005859375 0.6013888888888889 0.016796875
4 0.8298611111111112 0.485546875 0.0875 0.04921875
4 0.9222222222222223 0.485546875 0.0875 0.04921875
5 0.07569444444444444 0.580078125 0.11666666666666667 0.065625
5 0.13125 0.59921875 0.04861111111111111 0.02734375
14 0.48541666666666666 0.56484375 0.6013888888888889 0.0296875
14 0.48541666666666666 0.5880859375 0.6013888888888889 0.016796875
4 0.8298611111111112 0.573046875 0.0875 0.04921875
4 0.9222222222222223 0.573046875 0.0875 0.04921875
5 0.07569444444444444 0.667578125 0.11666666666666667 0.065625
5 0.13125 0.68671875 0.04861111111111111 0.02734375
14 0.48541666666666666 0.65234375 0.6013888888888889 0.0296875
14 0.48541666666666666 0.6755859375 0.6013888888888889 0.016796875
4 0.8298611111111112 0.660546875 0.0875 0.04921875
4 0.9222222222222223 0.660546875 0.0875 0.04921875
5 0.07569444444444444 0.755078125 0.11666666666666667 0.065625
5 0.13125 0.77421875 0.04861111111111111 0.02734375
14 0.48541666666666666 0.73984375 0.6013888888888889 0.0296875
14 0.48541666666666666 0.7630859375 0.6013888888888889 0.016796875
4 0.8298611111111112 0.748046875 0.0875 0.04921875
4 0.9222222222222223 0.748046875 0.0875 0.04921875
5 0.07569444444444444 0.837890625 0.11666666666666667 0.05625
5 0.13125 0.85703125 0.04861111111111111 0.01796875
14 0.48541666666666666 0.82734375 0.6013888888888889 0.0296875
14 0.48541666666666666 0.8505859375 0.6013888888888889 0.016796875
4 0.8298611111111112 0.835546875 0.0875 0.04921875
4 0.9222222222222223 0.835546875 0.0875 0.04921875
14 1.0 0.526171875 0.0 0.6796875
14 0.2635416666666667 0.07109375 0.44930555555555557 0.0296875
5 0.7083333333333334 0.07109375 0.11666666666666667 0.065625
5 0.65 0.03828125 0.0 0.0
