4 0.0 0.0328125 0.0 0.0
5 0.5 0.230859375 0.35 0.16015625
14 0.5 0.36796875 0.8638888888888889 0.0921875
14 0.5 0.482421875 0.8638888888888889 0.13671875
3 0.5 0.5875 0.825 0.0515625
3 0.45868055555555554 0.6609375 0.7423611111111111 0.0515625
14 0.4996527777777778 0.738671875 0.11736111111111111 0.06015625
0 0.5 0.738671875 0.8638888888888889 0.06015625
14 0.4996527777777778 0.814453125 0.34375 0.04765625
3 0.0 0.55078125 0.0 0.0
14 0.0 0.55078125 0.0 0.0
0 0.0 0.55078125 0.0 0.0
14 0.0 0.55078125 0.0 0.0
