14 0.08993055555555556 0.139453125 0.1798611111111111 0.06015625
14 0.30868055555555557 0.139453125 0.25763888888888886 0.06015625
14 0.5190972222222222 0.139453125 0.16319444444444445 0.06015625
14 0.7208333333333333 0.139453125 0.24027777777777778 0.06015625
14 0.9204861111111111 0.139453125 0.15902777777777777 0.06015625
5 0.0 0.109375 0.0 0.0
14 0.0 0.109375 0.0 0.0
5 0.0 0.17578125 0.0 0.0
14 0.0 0.17578125 0.0 0.0
14 0.0 0.17578125 0.0 0.0
5 0.0 0.17578125 0.0 0.0
5 0.8541666666666666 0.246875 0.26666666666666666 0.1
14 0.36041666666666666 0.246875 0.6958333333333333 0.10078125
5 0.5 0.351171875 0.1486111111111111 0.04375
14 0.5 0.40625 0.9069444444444444 0.05859375
5 0.5 0.517578125 0.9555555555555556 0.13671875
5 0.19722222222222222 0.62265625 0.07777777777777778 0.04375
5 0.49930555555555556 0.65546875 0.07777777777777778 0.04375
5 0.8020833333333334 0.62265625 0.07777777777777778 0.04375
5 0.5 0.71640625 0.07777777777777778 0.04375
14 0.5 0.771484375 0.9069444444444444 0.05859375
5 0.5 0.8744140625 0.9555555555555556 0.119921875
5 0.19722222222222222 0.9501953125 0.07777777777777778 -0.031640625
5 0.49930555555555556 0.9501953125 0.07777777777777778 -0.031640625
5 0.8020833333333334 0.9501953125 0.07777777777777778 -0.031640625
5 0.0 0.17578125 0.0 0.0
14 0.0 0.17578125 0.0 0.0
5 0.0 0.17578125 0.0 0.0
14 0.0 0.17578125 0.0 0.0
5 1.0 0.17578125 0.0 0.0
14 1.0 0.17578125 0.0 0.0
14 1.0 0.17578125 0.0 0.0
5 1.0 0.17578125 0.0 0.0
5 1.0 0.17578125 0.0 0.0
14 1.0 0.17578125 0.0 0.0
5 1.0 0.17578125 0.0 0.0
14 1.0 0.17578125 0.0 0.0
5 0.0 0.109375 0.0 0.0
14 0.0 0.109375 0.0 0.0
5 0.5291666666666667 0.07109375 0.3819444444444444 0.0765625
14 0.175 0.0708984375 0.0 0.036328125
4 0.06805555555555555 0.07109375 0.1361111111111111 0.0765625
5 0.3888888888888889 0.1486328125 0.7777777777777778 0.231640625
5 0.10694444444444444 0.309375 0.1361111111111111 0.065625
14 0.45694444444444443 0.309375 0.5638888888888889 0.02578125
5 0.10694444444444444 0.375 0.1361111111111111 0.065625
14 0.45694444444444443 0.375 0.5638888888888889 0.02578125
5 0.10694444444444444 0.440625 0.1361111111111111 0.065625
14 0.42291666666666666 0.440625 0.49583333333333335 0.02578125
14 0.7145833333333333 0.440625 0.04861111111111111 0.03125
5 0.10694444444444444 0.50625 0.1361111111111111 0.065625
14 0.45694444444444443 0.50625 0.5638888888888889 0.02578125
14 0.3888888888888889 0.584375 0.7777777777777778 0.065625
5 0.10694444444444444 0.65 0.1361111111111111 0.065625
14 0.45694444444444443 0.65 0.5638888888888889 0.02578125
5 0.10694444444444444 0.715625 0.1361111111111111 0.065625
14 0.45694444444444443 0.715625 0.5638888888888889 0.02578125
5 0.10694444444444444 0.78125 0.1361111111111111 0.065625
14 0.45694444444444443 0.78125 0.5638888888888889 0.02578125
5 0.10694444444444444 0.84140625 0.1361111111111111 0.0546875
14 0.45694444444444443 0.846875 0.5638888888888889 0.02578125
5 0.10694444444444444 0.9015625 0.1361111111111111 0.065625
14 0.38958333333333334 0.9015625 0.42916666666666664 0.02578125
11 0.6715277777777777 0.9015625 0.13472222222222222 0.065625
