14 0.4996527777777778 0.2076171875 0.22291666666666668 0.027734375
14 0.5 0.2697265625 0.6805555555555556 0.041796875
5 0.5 0.5224609375 0.6930555555555555 0.436328125
5 0.1111111111111111 0.221484375 0.0 0.0
14 0.1111111111111111 0.221484375 0.0 0.0
14 0.9131944444444444 0.2697265625 -0.04861111111111111 0.041796875
5 0.9100694444444445 0.5224609375 -0.04236111111111111 0.436328125
5 0.8888888888888888 0.221484375 0.0 0.0
14 0.8888888888888888 0.221484375 0.0 0.0
5 0.4270833333333333 0.754296875 0.04861111111111111 0.02734375
5 0.4756944444444444 0.754296875 0.04861111111111111 0.02734375
5 0.5243055555555556 0.754296875 0.04861111111111111 0.02734375
5 0.5729166666666666 0.754296875 0.04861111111111111 0.02734375
