5 0.09513888888888888 0.086328125 0.11666666666666667 0.065625
14 0.32430555555555557 0.0751953125 0.26805555555555555 0.036328125
14 0.38125 0.10625 0.3819444444444444 0.02578125
14 0.5 0.1478515625 1.0 0.002734375
5 0.5 0.28359375 0.6666666666666666 0.22734375
5 0.5 0.551953125 0.9513888888888888 0.240625
14 0.1795138888888889 0.7177734375 0.21319444444444444 0.036328125
14 0.08020833333333334 0.7666015625 0.014583333333333334 0.033203125
14 0.5194444444444445 0.7791015625 0.8152777777777778 0.052734375
14 0.08020833333333334 0.8166015625 0.014583333333333334 -0.005078125
14 0.5194444444444445 0.81796875 0.8152777777777778 -0.0078125
14 0.08020833333333334 0.851171875 0.014583333333333334 -0.07421875
14 0.5194444444444445 0.8525390625 0.8152777777777778 -0.076953125
14 0.08020833333333334 0.8857421875 0.014583333333333334 -0.143359375
14 0.5194444444444445 0.887109375 0.8152777777777778 -0.14609375
5 0.5 0.87421875 0.8541666666666666 0.065625
