13 0.0 0.0328125 0.0 0.0
5 0.9027777777777778 0.52578125 0.11666666666666667 0.065625
14 0.7416666666666667 0.509375 0.14722222222222223 0.0328125
14 0.7076388888888889 0.53671875 0.2152777777777778 0.021875
0 0.3795138888888889 0.67578125 0.16180555555555556 0.05859375
0 0.6197916666666666 0.67578125 0.16319444444444445 0.05859375
14 0.5 0.78203125 1.0 0.065625
5 0.0875 0.8583984375 0.11666666666666667 -0.001171875
5 0.12152777777777778 0.8775390625 0.04861111111111111 -0.039453125
3 0.5149305555555556 0.8658203125 0.6979166666666666 -0.016015625
4 0.9125 0.8583984375 0.09722222222222222 -0.001171875
14 0.7454861111111111 0.1697265625 0.5090277777777777 0.076953125
4 0.06805555555555555 0.89609375 0.1361111111111111 0.0765625
14 0.4996527777777778 0.9376953125 0.1909722222222222 -0.006640625
5 0.5 0.9552734375 1.0 -0.041796875
5 0.0 0.9552734375 0.0 -0.041796875
14 0.8961805555555555 0.9564453125 0.09097222222222222 -0.044140625
5 0.9756944444444444 0.957421875 0.03888888888888889 -0.04609375
