14 0.29375 0.07109375 0.2375 0.04140625
14 0.5857638888888889 0.07109375 0.34652777777777777 0.04140625
4 0.06805555555555555 0.07109375 0.1361111111111111 0.0765625
14 0.4513888888888889 0.1193359375 0.8055555555555556 -0.021484375
14 0.4513888888888889 0.13359375 0.8055555555555556 0.00703125
5 0.9145833333333333 0.1275390625 0.07361111111111111 -0.005078125
14 0.4513888888888889 0.19375 0.8055555555555556 0.03671875
14 0.4513888888888889 0.2263671875 0.8055555555555556 0.028515625
5 0.9145833333333333 0.2078125 0.07361111111111111 0.04140625
14 0.4513888888888889 0.297265625 0.8055555555555556 0.03671875
14 0.4513888888888889 0.3298828125 0.8055555555555556 0.028515625
5 0.9145833333333333 0.311328125 0.07361111111111111 0.04140625
14 0.4513888888888889 0.4173828125 0.8055555555555556 0.069921875
14 0.4513888888888889 0.4666015625 0.8055555555555556 0.028515625
5 0.9145833333333333 0.431640625 0.07361111111111111 0.04140625
14 0.4513888888888889 0.5541015625 0.8055555555555556 0.069921875
14 0.4513888888888889 0.6033203125 0.8055555555555556 0.028515625
5 0.9145833333333333 0.568359375 0.07361111111111111 0.04140625
14 0.4513888888888889 0.6908203125 0.8055555555555556 0.069921875
14 0.4513888888888889 0.7400390625 0.8055555555555556 0.028515625
5 0.9145833333333333 0.705078125 0.07361111111111111 0.04140625
14 0.4513888888888889 0.8109375 0.8055555555555556 0.03671875
14 0.4513888888888889 0.8435546875 0.8055555555555556 0.028515625
5 0.9145833333333333 0.825 0.07361111111111111 0.04140625
14 0.4513888888888889 0.9048828125 0.8055555555555556 0.017578125
14 0.4513888888888889 0.9232421875 0.8055555555555556 -0.019140625
5 0.9145833333333333 0.9107421875 0.07361111111111111 0.005859375
