4 0.06076388888888889 0.0669921875 0.12152777777777778 0.068359375
5 0.16770833333333332 0.0669921875 0.04375 0.024609375
14 0.6069444444444444 0.0669921875 0.7375 0.033203125
14 0.25625 0.14375 0.4013888888888889 0.08203125
14 0.74375 0.14375 0.4013888888888889 0.08203125
14 0.25625 0.22578125 0.4013888888888889 0.08203125
14 0.74375 0.22578125 0.4013888888888889 0.08203125
14 0.25625 0.3078125 0.4013888888888889 0.08203125
14 0.74375 0.3078125 0.4013888888888889 0.08203125
14 0.25625 0.38984375 0.4013888888888889 0.08203125
14 0.74375 0.38984375 0.4013888888888889 0.08203125
14 0.25625 0.471875 0.4013888888888889 0.08203125
14 0.74375 0.471875 0.4013888888888889 0.08203125
14 0.25625 0.55390625 0.4013888888888889 0.08203125
14 0.74375 0.55390625 0.4013888888888889 0.08203125
14 0.25625 0.6359375 0.4013888888888889 0.08203125
14 0.74375 0.6359375 0.4013888888888889 0.08203125
14 0.25625 0.71796875 0.4013888888888889 0.08203125
14 0.74375 0.71796875 0.4013888888888889 0.08203125
14 0.25625 0.8 0.4013888888888889 0.08203125
14 0.74375 0.8 0.4013888888888889 0.08203125
14 0.25625 0.853515625 0.4013888888888889 0.025
14 0.74375 0.853515625 0.4013888888888889 0.025
5 0.5 0.369140625 0.1111111111111111 0.1046875
14 0.5 0.48359375 0.3375 0.05859375
14 0.5 0.556640625 0.5083333333333333 0.04375
5 0.0 0.1607421875 0.0 0.255859375
14 0.0 0.3228515625 0.0 0.068359375
14 0.0 0.3943359375 0.0 0.068359375
14 0.0 0.4642578125 0.0 0.068359375
14 0.0 0.5341796875 0.0 0.068359375
14 0.0 0.6041015625 0.0 0.068359375
14 0.0 0.6740234375 0.0 0.068359375
14 0.0 0.7439453125 0.0 0.068359375
14 0.0 0.8138671875 0.0 0.068359375
14 0.0 0.8837890625 0.0 0.068359375
