5 0.001388888888888889 0.11015625 0.002777777777777778 0.0015625
14 0.0954861111111111 0.138671875 0.14097222222222222 0.02421875
14 0.9065972222222223 0.138671875 0.13680555555555557 0.02421875
5 0.20381944444444444 0.2748046875 0.38263888888888886 0.215234375
5 0.027430555555555555 0.3841796875 0.024305555555555556 0.003515625
14 0.21979166666666666 0.3841796875 0.3506944444444444 0.003515625
5 0.5989583333333334 0.2748046875 0.38263888888888886 0.215234375
5 0.42256944444444444 0.3841796875 0.024305555555555556 0.003515625
14 0.6149305555555555 0.3841796875 0.3506944444444444 0.003515625
5 0.9013888888888889 0.2748046875 0.19722222222222222 0.215234375
5 0.8177083333333334 0.3841796875 0.024305555555555556 0.003515625
14 0.9173611111111111 0.3841796875 0.16527777777777777 0.003515625
14 0.08611111111111111 0.415234375 0.12222222222222222 0.02421875
14 0.9065972222222223 0.415234375 0.13680555555555557 0.02421875
5 0.20381944444444444 0.5513671875 0.38263888888888886 0.215234375
5 0.027430555555555555 0.6607421875 0.024305555555555556 0.003515625
14 0.21979166666666666 0.6607421875 0.3506944444444444 0.003515625
5 0.5989583333333334 0.5513671875 0.38263888888888886 0.215234375
5 0.42256944444444444 0.6607421875 0.024305555555555556 0.003515625
14 0.6149305555555555 0.6607421875 0.3506944444444444 0.003515625
5 0.9013888888888889 0.5513671875 0.19722222222222222 0.215234375
5 0.8177083333333334 0.6607421875 0.024305555555555556 0.003515625
14 0.9173611111111111 0.6607421875 0.16527777777777777 0.003515625
14 0.13229166666666667 0.691796875 0.21458333333333332 0.02421875
14 0.9065972222222223 0.691796875 0.13680555555555557 0.02421875
5 0.20381944444444444 0.7794921875 0.38263888888888886 0.118359375
5 0.027430555555555555 0.887109375 0.024305555555555556 -0.096875
14 0.21979166666666666 0.887109375 0.3506944444444444 -0.096875
5 0.5989583333333334 0.7794921875 0.38263888888888886 0.118359375
5 0.42256944444444444 0.887109375 0.024305555555555556 -0.096875
14 0.6149305555555555 0.887109375 0.3506944444444444 -0.096875
5 0.9013888888888889 0.7794921875 0.19722222222222222 0.118359375
5 0.8177083333333334 0.887109375 0.024305555555555556 -0.096875
14 0.9173611111111111 0.887109375 0.16527777777777777 -0.096875
14 0.08472222222222223 0.8974609375 0.11944444444444445 -0.117578125
5 0.5 0.8865234375 1.0 0.095703125
5 0.5 0.8865234375 1.0 0.095703125
14 0.5 0.865625 0.975 0.02578125
14 0.5 0.8896484375 0.975 0.022265625
14 0.5 0.9119140625 0.975 0.022265625
5 0.5 0.93359375 1.0 0.0015625
0 0.0 0.838671875 0.0 0.0
0 0.0 0.838671875 0.0 0.0
5 0.0 0.838671875 0.0 0.0
5 0.0 0.838671875 0.0 0.0
14 0.05277777777777778 0.8732421875 0.05694444444444444 0.022265625
14 0.9472222222222222 0.8732421875 0.05694444444444444 0.022265625
5 0.04861111111111111 0.900390625 0.09722222222222222 0.0546875
14 0.40520833333333334 0.89140625 0.6159722222222223 0.0296875
14 0.40520833333333334 0.918359375 0.6159722222222223 0.02421875
4 0.7909722222222222 0.903515625 0.10694444444444444 0.06015625
5 0.9222222222222223 0.9033203125 0.07916666666666666 0.058203125
9 0.5 0.8482421875 1.0 0.018359375
0 0.8347222222222223 0.87421875 0.23333333333333334 0.065625
0 0.8444444444444444 0.87421875 0.21388888888888888 0.065625
5 0.05416666666666667 0.07109375 0.10694444444444444 0.06015625
5 0.21145833333333333 0.07109375 0.2076388888888889 0.06015625
5 0.0010416666666666667 0.0708984375 0.0020833333333333333 0.036328125
4 0.06180555555555556 0.070703125 0.11944444444444445 0.0671875
5 0.14479166666666668 0.0708984375 0.04652777777777778 0.075390625
14 0.28854166666666664 0.0708984375 0.21597222222222223 0.075390625
5 0.0 0.1353515625 0.0 0.205078125
5 0.0 0.1353515625 0.0 0.205078125
