4 0.06805555555555555 0.07109375 0.1361111111111111 0.0765625
5 0.825 0.07109375 0.058333333333333334 0.0328125
5 0.9416666666666667 0.06875 0.058333333333333334 0.02890625
14 0.9548611111111112 0.059375 0.03194444444444444 0.01796875
14 0.25 0.0845703125 0.44166666666666665 -0.049609375
14 0.08229166666666667 0.1140625 0.10625 0.009375
14 0.08229166666666667 0.1349609375 0.10625 0.032421875
14 0.24097222222222223 0.1388671875 0.2111111111111111 0.018359375
14 0.25 0.173828125 0.44166666666666665 0.03671875
4 0.41770833333333335 0.3333984375 0.10486111111111111 0.058984375
14 0.75 0.0845703125 0.44166666666666665 -0.049609375
14 0.5822916666666667 0.1140625 0.10625 0.009375
14 0.7194444444444444 0.1125 0.16805555555555557 0.00625
14 0.5822916666666667 0.1349609375 0.10625 0.032421875
14 0.7409722222222223 0.1388671875 0.2111111111111111 0.018359375
5 0.5135416666666667 0.30390625 -0.03125 0.0
14 0.5135416666666667 0.30390625 -0.03125 0.0
5 0.5135416666666667 0.30390625 -0.03125 0.0
14 0.7447916666666666 0.3333984375 0.43125 0.058984375
5 0.25 0.48203125 0.2916666666666667 0.1640625
14 0.25 0.5787109375 0.44166666666666665 0.018359375
14 0.25 0.6212890625 0.44166666666666665 0.066796875
14 0.06701388888888889 0.6720703125 0.07569444444444444 0.018359375
14 0.09409722222222222 0.6974609375 0.12986111111111112 0.032421875
14 0.24305555555555555 0.7013671875 0.16805555555555557 0.018359375
14 0.09409722222222222 0.7298828125 0.12986111111111112 0.032421875
14 0.26458333333333334 0.7337890625 0.2111111111111111 0.018359375
14 0.029166666666666667 0.56953125 0.0 0.0
5 0.029166666666666667 0.56953125 0.0 0.0
14 0.029166666666666667 0.56953125 0.0 0.0
5 0.029166666666666667 0.56953125 0.0 0.0
14 0.029166666666666667 0.56953125 0.0 0.0
14 0.24479166666666666 0.9166015625 0.43125 0.035546875
5 0.75 0.48203125 0.2916666666666667 0.1640625
14 0.75 0.5787109375 0.44166666666666665 0.018359375
14 0.75 0.6212890625 0.44166666666666665 0.066796875
14 0.5822916666666667 0.6974609375 0.10625 0.032421875
14 0.7163194444444444 0.7013671875 0.16180555555555556 0.018359375
14 0.5822916666666667 0.7298828125 0.10625 0.032421875
14 0.7409722222222223 0.7337890625 0.2111111111111111 0.018359375
14 0.5291666666666667 0.56953125 0.0 0.0
5 0.5291666666666667 0.56953125 0.0 0.0
14 0.5291666666666667 0.56953125 0.0 0.0
5 0.5291666666666667 0.56953125 0.0 0.0
14 0.5291666666666667 0.56953125 0.0 0.0
4 0.9177083333333333 0.9166015625 0.10486111111111111 0.035546875
5 0.5135416666666667 0.898828125 -0.03125 0.0
14 0.5135416666666667 0.898828125 -0.03125 0.0
5 0.5135416666666667 0.898828125 -0.03125 0.0
14 0.0 0.109375 0.0 0.0
14 0.0 0.109375 0.0 0.0
5 0.825 0.8359375 0.0 0.0
5 0.825 0.8359375 0.0 0.0
14 0.825 0.8359375 0.0 0.0
5 0.825 0.8359375 0.0 0.0
14 0.825 0.8359375 0.0 0.0
0 0.8930555555555556 0.87421875 0.1361111111111111 0.0765625
14 1.0 0.0 0.0 0.0
5 1.0 0.0 0.0 0.0
14 1.0 0.0 0.0 0.0
14 1.0 0.0 0.0 0.0
5 1.0 0.0 0.0 0.0
5 1.0 0.0 0.0 0.0
5 1.0 0.0 0.0 0.0
14 1.0 0.0 0.0 0.0
5 1.0 0.0 0.0 0.0
5 1.0 0.0 0.0 0.0
14 1.0 0.0 0.0 0.0
1 1.0 0.0 0.0 0.0
5 1.0 0.0 0.0 0.0
14 1.0 0.0 0.0 0.0
1 1.0 0.0 0.0 0.0
5 1.0 0.0 0.0 0.0
14 1.0 0.0 0.0 0.0
1 1.0 0.0 0.0 0.0
14 1.0 0.0 0.0 0.0
5 1.0 0.0 0.0 0.0
14 1.0 0.0 0.0 0.0
1 1.0 0.0 0.0 0.0
14 1.0 0.0 0.0 0.0
1 1.0 0.0 0.0 0.0
14 1.0 0.0 0.0 0.0
1 1.0 0.0 0.0 0.0
14 1.0 0.0 0.0 0.0
1 1.0 0.0 0.0 0.0
14 1.0 0.0 0.0 0.0
1 1.0 0.0 0.0 0.0
14 1.0 0.0 0.0 0.0
5 1.0 0.0 0.0 0.0
14 1.0 0.0 0.0 0.0
1 1.0 0.0 0.0 0.0
14 1.0 0.0 0.0 0.0
1 1.0 0.0 0.0 0.0
14 1.0 0.0 0.0 0.0
1 1.0 0.0 0.0 0.0
14 1.0 0.0 0.0 0.0
1 1.0 0.0 0.0 0.0
14 1.0 0.0 0.0 0.0
1 1.0 0.0 0.0 0.0
14 1.0 0.0 0.0 0.0
5 1.0 0.0 0.0 0.0
14 1.0 0.0 0.0 0.0
1 1.0 0.0 0.0 0.0
14 1.0 0.0 0.0 0.0
1 1.0 0.0 0.0 0.0
14 1.0 0.0 0.0 0.0
1 1.0 0.0 0.0 0.0
14 1.0 0.0 0.0 0.0
1 1.0 0.0 0.0 0.0
14 1.0 0.0 0.0 0.0
1 1.0 0.0 0.0 0.0
14 1.0 0.0 0.0 0.0
1 1.0 0.0 0.0 0.0
14 1.0 0.0 0.0 0.0
1 1.0 0.0 0.0 0.0
14 1.0 0.0 0.0 0.0
1 1.0 0.0 0.0 0.0
14 1.0 0.0 0.0 0.0
1 1.0 0.0 0.0 0.0
14 1.0 0.0 0.0 0.0
1 1.0 0.0 0.0 0.0
14 1.0 0.0 0.0 0.0
1 1.0 0.0 0.0 0.0
14 1.0 0.0 0.0 0.0
5 1.0 0.0 0.0 0.0
14 1.0 0.0 0.0 0.0
1 1.0 0.0 0.0 0.0
14 1.0 0.0 0.0 0.0
1 1.0 0.0 0.0 0.0
14 1.0 0.0 0.0 0.0
1 1.0 0.0 0.0 0.0
14 1.0 0.0 0.0 0.0
5 1.0 0.0 0.0 0.0
14 1.0 0.0 0.0 0.0
1 1.0 0.0 0.0 0.0
14 1.0 0.0 0.0 0.0
1 1.0 0.0 0.0 0.0
14 1.0 0.0 0.0 0.0
1 1.0 0.0 0.0 0.0
14 1.0 0.0 0.0 0.0
1 1.0 0.0 0.0 0.0
14 1.0 0.0 0.0 0.0
5 1.0 0.0 0.0 0.0
14 1.0 0.0 0.0 0.0
1 1.0 0.0 0.0 0.0
14 1.0 0.0 0.0 0.0
1 1.0 0.0 0.0 0.0
14 1.0 0.0 0.0 0.0
1 1.0 0.0 0.0 0.0
14 1.0 0.0 0.0 0.0
1 1.0 0.0 0.0 0.0
14 1.0 0.0 0.0 0.0
1 1.0 0.0 0.0 0.0
14 1.0 0.0 0.0 0.0
5 1.0 0.0 0.0 0.0
14 1.0 0.0 0.0 0.0
7 1.0 0.0 0.0 0.0
14 1.0 0.0 0.0 0.0
7 1.0 0.0 0.0 0.0
14 1.0 0.0 0.0 0.0
7 1.0 0.0 0.0 0.0
14 1.0 0.0 0.0 0.0
7 1.0 0.0 0.0 0.0
14 1.0 0.0 0.0 0.0
7 1.0 0.0 0.0 0.0
14 1.0 0.0 0.0 0.0
7 1.0 0.0 0.0 0.0
14 1.0 0.0 0.0 0.0
7 1.0 0.0 0.0 0.0
14 1.0 0.0 0.0 0.0
7 1.0 0.0 0.0 0.0
14 1.0 0.0 0.0 0.0
7 1.0 0.0 0.0 0.0
14 1.0 0.0 0.0 0.0
7 1.0 0.0 0.0 0.0
14 1.0 0.0 0.0 0.0
7 1.0 0.0 0.0 0.0
14 1.0 0.0 0.0 0.0
7 1.0 0.0 0.0 0.0
14 1.0 0.0 0.0 0.0
7 1.0 0.0 0.0 0.0
14 1.0 0.0 0.0 0.0
7 1.0 0.0 0.0 0.0
14 1.0 0.0 0.0 0.0
7 1.0 0.0 0.0 0.0
14 1.0 0.0 0.0 0.0
7 1.0 0.0 0.0 0.0
14 1.0 0.0 0.0 0.0
7 1.0 0.0 0.0 0.0
14 1.0 0.0 0.0 0.0
7 1.0 0.0 0.0 0.0
14 1.0 0.0 0.0 0.0
7 1.0 0.0 0.0 0.0
0 1.0 0.0 0.0 0.0
0 1.0 0.0 0.0 0.0
5 1.0 0.4921875 0.0 0.2734375
14 1.0 0.0 0.0 0.0
5 1.0 0.0 0.0 0.0
