14 0.06354166666666666 0.2361328125 0.05347222222222222 0.033203125
14 0.175 0.0708984375 0.0 0.036328125
4 0.06805555555555555 0.07109375 0.1361111111111111 0.0765625
14 0.5 0.3109375 0.9027777777777778 0.04765625
14 0.5 0.3486328125 0.9027777777777778 0.022265625
14 0.12291666666666666 0.3884765625 0.1486111111111111 0.026171875
14 0.36875 0.38828125 0.3125 0.0265625
14 0.6489583333333333 0.3884765625 0.21736111111111112 0.026171875
14 0.8864583333333333 0.3884765625 0.22708333333333333 0.026171875
5 0.16770833333333332 0.4556640625 0.07291666666666667 0.041015625
14 0.26805555555555555 0.455859375 0.10277777777777777 0.04765625
14 0.34305555555555556 0.464453125 0.04722222222222222 0.01953125
14 0.2375 0.4888671875 0.2125 0.018359375
5 0.6475694444444444 0.4572265625 0.08541666666666667 0.048046875
5 0.7152777777777778 0.45703125 0.04027777777777778 0.02265625
5 0.7555555555555555 0.45703125 0.04027777777777778 0.02265625
5 0.7958333333333333 0.45703125 0.04027777777777778 0.02265625
5 0.8361111111111111 0.45703125 0.04027777777777778 0.02265625
5 0.8763888888888889 0.45703125 0.04027777777777778 0.02265625
14 0.7503472222222223 0.4892578125 0.24513888888888888 0.016015625
14 0.0 0.2734375 0.0 0.0
6 0.0 0.2734375 0.0 0.0
5 0.13854166666666667 0.6205078125 0.12152777777777778 0.068359375
14 0.5802083333333333 0.620703125 0.6840277777777778 0.0796875
14 0.5 0.7060546875 0.9222222222222223 0.044140625
14 0.5 0.79453125 0.9222222222222223 0.0421875
14 0.5 0.8666015625 0.9222222222222223 0.036328125
14 0.46111111111111114 0.9150390625 0.8444444444444444 0.038671875
14 0.9319444444444445 0.91953125 0.058333333333333334 0.02578125
14 0.4371527777777778 0.94453125 0.7965277777777777 -0.0203125
14 0.9079861111111112 0.94453125 0.10625 -0.0203125
14 0.4371527777777778 0.962890625 0.7965277777777777 -0.05703125
14 0.9079861111111112 0.962890625 0.10625 -0.05703125
14 0.0 0.7515625 0.0 0.0
14 0.0 0.7515625 0.0 0.0
14 0.0 0.7515625 0.0 0.0
14 0.0 0.7515625 0.0 0.0
14 0.0 0.7515625 0.0 0.0
14 0.0 0.7515625 0.0 0.0
14 0.0 0.7515625 0.0 0.0
14 0.0 0.7515625 0.0 0.0
0 0.8833333333333333 0.2734375 0.1361111111111111 0.0765625
14 0.5 0.8892578125 0.9611111111111111 0.068359375
