0 0.2607638888888889 0.7263671875 0.4534722222222222 0.061328125
0 0.7392361111111111 0.7263671875 0.4534722222222222 0.061328125
0 0.2607638888888889 0.8013671875 0.4534722222222222 0.061328125
0 0.7392361111111111 0.8013671875 0.4534722222222222 0.061328125
14 0.4996527777777778 0.8482421875 0.37569444444444444 0.018359375
14 0.4996527777777778 0.903515625 0.15625 0.02578125
5 0.06458333333333334 0.45859375 0.06111111111111111 0.034375
14 0.5427083333333333 0.4572265625 0.8270833333333333 0.048046875
5 0.06458333333333334 0.533984375 0.06111111111111111 0.034375
14 0.5427083333333333 0.5326171875 0.8270833333333333 0.048046875
5 0.06458333333333334 0.609375 0.06111111111111111 0.034375
14 0.5427083333333333 0.6080078125 0.8270833333333333 0.048046875
5 0.5 0.1841796875 1.0 0.302734375
5 0.5 0.33828125 0.2 0.1125
14 0.0 0.0328125 0.0 0.0
0 0.0 0.0328125 0.0 0.0
0 0.0 0.0328125 0.0 0.0
14 0.0 0.0328125 0.0 0.0
3 0.0 0.0328125 0.0 0.0
3 0.0 0.0328125 0.0 0.0
3 0.0 0.0328125 0.0 0.0
0 0.0 0.0328125 0.0 0.0
14 0.0 0.0328125 0.0 0.0
14 0.0 0.0328125 0.0 0.0
14 0.5 0.0654296875 0.14444444444444443 0.033203125
0 0.5 0.1482421875 0.9319444444444445 0.061328125
0 0.5 0.2232421875 0.9319444444444445 0.061328125
14 0.21875 0.3095703125 0.4375 0.056640625
3 0.5 0.3810546875 0.9319444444444445 0.072265625
3 0.5 0.4669921875 0.9319444444444445 0.072265625
3 0.5 0.5529296875 0.9319444444444445 0.072265625
0 0.5 0.6470703125 0.9319444444444445 0.061328125
14 0.5 0.6984375 1.0 0.04140625
14 0.5 0.8966796875 0.9319444444444445 0.037109375
14 0.0 0.0328125 0.0 0.0
14 0.0 0.0328125 0.0 0.0
14 0.0 0.0328125 0.0 0.0
14 0.0 0.0328125 0.0 0.0
3 0.0 0.0328125 0.0 0.0
14 0.0 0.0328125 0.0 0.0
14 0.0 0.0328125 0.0 0.0
14 0.0 0.0328125 0.0 0.0
14 0.0 0.0328125 0.0 0.0
14 0.0 0.0328125 0.0 0.0
14 0.0 0.0328125 0.0 0.0
3 0.0 0.0328125 0.0 0.0
0 0.0 0.0328125 0.0 0.0
6 0.0 0.0328125 0.0 0.0
