5 0.5 0.4671875 1.0 0.934375
14 0.03888888888888889 0.0380859375 0.0 0.036328125
5 0.0 0.4671875 0.0 0.934375
5 0.5 0.4671875 1.0 0.934375
5 1.0 0.4671875 0.0 0.934375
0 0.11770833333333333 0.866015625 0.23541666666666666 0.07109375
5 0.39861111111111114 0.866015625 0.029166666666666667 0.01640625
5 0.4670138888888889 0.8662109375 0.04375 0.024609375
5 0.5347222222222222 0.866015625 0.029166666666666667 0.01640625
5 0.6027777777777777 0.866015625 0.029166666666666667 0.01640625
0 0.8829861111111111 0.866015625 0.23402777777777778 0.07109375
5 0.0 0.0 0.0 0.0
