5 0.06666666666666667 0.123828125 0.13333333333333333 0.02890625
14 0.06666666666666667 0.1203125 0.13333333333333333 0.021875
5 0.28194444444444444 0.123828125 0.2722222222222222 0.02890625
14 0.2881944444444444 0.1203125 0.25972222222222224 0.021875
5 0.5666666666666667 0.123828125 0.2722222222222222 0.02890625
14 0.5729166666666666 0.1203125 0.25972222222222224 0.021875
5 0.8513888888888889 0.123828125 0.2722222222222222 0.02890625
14 0.8576388888888888 0.1203125 0.25972222222222224 0.021875
14 0.1423611111111111 0.1662109375 0.2847222222222222 0.055859375
14 0.8951388888888889 0.1662109375 0.20972222222222223 0.055859375
5 0.21909722222222222 0.277734375 0.4131944444444444 0.153125
5 0.21909722222222222 0.2490234375 0.12152777777777778 0.068359375
14 0.21909722222222222 0.30234375 0.15208333333333332 0.02421875
14 0.0125 0.201171875 0.0 0.0
14 0.0125 0.201171875 0.0 0.0
5 0.6447916666666667 0.277734375 0.4131944444444444 0.153125
5 0.6447916666666667 0.2490234375 0.12152777777777778 0.068359375
14 0.6444444444444445 0.30234375 0.32916666666666666 0.02421875
14 0.17083333333333334 0.3822265625 0.3416666666666667 0.055859375
14 0.8628472222222222 0.3822265625 0.2743055555555556 0.055859375
14 0.04861111111111111 0.4171875 0.0 0.0
14 0.253125 0.4390625 0.40902777777777777 0.04375
5 0.09479166666666666 0.4896484375 0.09236111111111112 0.051953125
14 0.3121527777777778 0.4767578125 0.3034722222222222 0.022265625
14 0.3038194444444444 0.5005859375 0.28680555555555554 0.022265625
5 0.09479166666666666 0.4896484375 0.09236111111111112 0.051953125
14 0.17569444444444443 0.4767578125 0.030555555555555555 0.022265625
14 0.3277777777777778 0.4767578125 0.27361111111111114 0.022265625
14 0.48680555555555555 0.4767578125 0.044444444444444446 0.022265625
14 0.6048611111111111 0.4767578125 0.19166666666666668 0.022265625
14 0.31875 0.5005859375 0.31666666666666665 0.022265625
14 0.0 0.4171875 0.0 0.0
14 0.0 0.4171875 0.0 0.0
14 0.0 0.4171875 0.0 0.0
14 0.0 0.4171875 0.0 0.0
5 0.0 0.4171875 0.0 0.0
14 0.0 0.4171875 0.0 0.0
5 0.0 0.4171875 0.0 0.0
14 0.0 0.4171875 0.0 0.0
5 0.5 0.66328125 1.0 0.2734375
14 0.5 0.8328125 0.9027777777777778 0.04375
14 0.5 0.89453125 0.9027777777777778 0.0796875
5 0.07847222222222222 0.9578125 0.058333333333333334 -0.046875
14 0.1375 0.9595703125 0.05 -0.050390625
14 0.7475694444444444 0.9595703125 0.17569444444444443 -0.050390625
14 0.8711805555555555 0.9595703125 0.007638888888888889 -0.050390625
4 0.9333333333333333 0.948828125 0.11666666666666667 -0.02890625
5 0.5 0.109375 0.09722222222222222 0.0
4 0.06805555555555555 0.07109375 0.1361111111111111 0.0765625
14 0.21145833333333333 0.0708984375 0.13125 0.036328125
14 0.0 0.21953125 0.0 0.0546875
14 0.0 0.27421875 0.0 0.0546875
14 0.0 0.3703125 0.0 0.0546875
14 0.0 0.425 0.0 0.0546875
14 0.0 0.4796875 0.0 0.0546875
14 0.0 0.534375 0.0 0.0546875
14 0.0 0.5890625 0.0 0.0546875
14 0.0 0.64375 0.0 0.0546875
14 0.0 0.74140625 0.0 0.0546875
14 0.0 0.79609375 0.0 0.0546875
