5 0.5 0.1572265625 1.0 0.314453125
5 0.14583333333333334 0.2142578125 0.24305555555555555 0.123046875
14 0.34375 0.0685546875 0.3375 0.036328125
4 0.06805555555555555 0.07109375 0.1361111111111111 0.0765625
14 0.0875 0.276171875 0.09444444444444444 0.02578125
14 0.26840277777777777 0.276171875 0.1284722222222222 0.02578125
14 0.44895833333333335 0.276171875 0.11597222222222223 0.02578125
14 0.6322916666666667 0.276171875 0.1326388888888889 0.02578125
14 0.8149305555555556 0.276171875 0.06180555555555556 0.02578125
14 0.9701388888888889 0.276171875 0.059722222222222225 0.02578125
5 0.25 0.410546875 0.2916666666666667 0.1640625
14 0.25 0.50546875 0.1597222222222222 0.02578125
5 0.75 0.410546875 0.2916666666666667 0.1640625
14 0.75 0.50546875 0.22083333333333333 0.02578125
5 0.25 0.628515625 0.2916666666666667 0.1640625
14 0.25 0.7234375 0.125 0.02578125
5 0.75 0.628515625 0.2916666666666667 0.1640625
14 0.7496527777777777 0.7234375 0.24513888888888888 0.02578125
5 0.25 0.846484375 0.2916666666666667 0.1640625
14 0.24965277777777778 0.9314453125 0.2326388888888889 0.005859375
5 0.75 0.846484375 0.2916666666666667 0.1640625
14 0.75 0.9314453125 0.275 0.005859375
14 0.0 0.303515625 0.0 0.065625
