3 0.5 0.146484375 0.975 0.08203125
1 0.4527777777777778 0.23125 0.7833333333333333 0.04375
5 0.9100694444444445 0.2314453125 0.12152777777777778 0.068359375
14 0.5121527777777778 0.3119140625 0.8923611111111112 0.040234375
14 0.9583333333333334 0.3142578125 0.0 0.033203125
9 0.5121527777777778 0.35390625 0.8923611111111112 0.04375
14 0.50625 0.4126953125 0.9875 0.040234375
1 0.4527777777777778 0.4765625 0.7833333333333333 0.04375
5 0.9100694444444445 0.4767578125 0.12152777777777778 0.068359375
1 0.4527777777777778 0.550390625 0.7833333333333333 0.04375
5 0.9100694444444445 0.5505859375 0.12152777777777778 0.068359375
1 0.4527777777777778 0.62421875 0.7833333333333333 0.04375
5 0.9100694444444445 0.6244140625 0.12152777777777778 0.068359375
14 0.50625 0.7021484375 0.9875 0.040234375
1 0.4527777777777778 0.766015625 0.7833333333333333 0.04375
5 0.9100694444444445 0.7662109375 0.12152777777777778 0.068359375
1 0.4527777777777778 0.83984375 0.7833333333333333 0.04375
5 0.9100694444444445 0.8400390625 0.12152777777777778 0.068359375
1 0.4527777777777778 0.9130859375 0.7833333333333333 0.042578125
5 0.9100694444444445 0.90703125 0.12152777777777778 0.0546875
1 0.4527777777777778 0.95 0.7833333333333333 -0.03125
5 0.9100694444444445 0.9439453125 0.12152777777777778 -0.019140625
5 0.06875 0.065625 0.07777777777777778 0.04375
14 0.309375 0.0654296875 0.3840277777777778 0.033203125
