14 0.37395833333333334 0.7265625 0.6701388888888888 0.05859375
5 0.7673611111111112 0.735546875 0.058333333333333334 0.0328125
14 0.8836805555555556 0.735546875 0.09652777777777778 0.02578125
5 0.15416666666666667 0.823046875 0.11666666666666667 0.065625
14 0.15416666666666667 0.891796875 0.1111111111111111 0.04140625
5 0.38472222222222224 0.823046875 0.11666666666666667 0.065625
14 0.384375 0.891796875 0.16319444444444445 0.04140625
5 0.6152777777777778 0.823046875 0.11666666666666667 0.065625
14 0.6149305555555555 0.891796875 0.11041666666666666 0.04140625
5 0.8458333333333333 0.823046875 0.11666666666666667 0.065625
14 0.8458333333333333 0.891796875 0.12638888888888888 0.04140625
