14 0.09513888888888888 0.1294921875 0.14166666666666666 0.018359375
14 0.10902777777777778 0.1794921875 0.16944444444444445 0.021484375
5 0.9684027777777777 0.1794921875 0.024305555555555556 0.020703125
14 0.11145833333333334 0.2349609375 0.17430555555555555 0.018359375
14 0.1232638888888889 0.2849609375 0.19791666666666666 0.021484375
5 0.9684027777777777 0.2849609375 0.024305555555555556 0.020703125
14 0.075 0.3404296875 0.10138888888888889 0.018359375
14 0.10104166666666667 0.3904296875 0.15347222222222223 0.021484375
5 0.9684027777777777 0.3904296875 0.024305555555555556 0.020703125
0 0.9 0.521875 0.2 0.825
5 0.5 0.11484375 1.0 0.0109375
4 0.0875 0.07109375 0.09722222222222222 0.0546875
14 0.1361111111111111 0.0708984375 0.0 0.025390625
