5 0.0 0.0984375 0.0 0.0
14 0.0 0.0984375 0.0 0.0
5 0.0875 0.14765625 0.058333333333333334 0.0328125
14 0.2652777777777778 0.1478515625 0.21944444444444444 0.033203125
14 0.33402777777777776 0.17734375 0.35694444444444445 0.02578125
5 0.0875 0.250390625 0.058333333333333334 0.0328125
14 0.29583333333333334 0.2505859375 0.28055555555555556 0.033203125
14 0.3579861111111111 0.280078125 0.4048611111111111 0.02578125
5 0.0875 0.353125 0.058333333333333334 0.0328125
14 0.290625 0.3533203125 0.2701388888888889 0.033203125
14 0.40347222222222223 0.3828125 0.49583333333333335 0.02578125
5 0.0 0.0984375 0.0 0.0
14 0.0 0.0984375 0.0 0.0
5 0.0 0.0984375 0.0 0.0
14 0.0 0.0984375 0.0 0.0
5 0.0 0.0984375 0.0 0.0
14 0.0 0.0984375 0.0 0.0
5 0.10694444444444444 0.090234375 0.09722222222222222 -0.01640625
14 0.5 0.083984375 0.1388888888888889 -0.02890625
5 0.0 0.0984375 0.0 0.0
14 0.0 0.0984375 0.0 0.0
14 0.5 0.10390625 1.0 0.0109375
5 0.0 0.109375 0.0 0.0
14 0.0 0.109375 0.0 0.0
5 0.5 0.2361328125 0.9611111111111111 0.253515625
14 0.5 0.415625 0.9611111111111111 0.10546875
14 0.5 0.52109375 0.9611111111111111 0.10546875
0 0.0 0.86875 0.0 0.0
5 0.0 0.0984375 0.0 0.0
14 0.0 0.0984375 0.0 0.0
5 0.5 0.466796875 0.2916666666666667 0.1640625
14 0.5 0.6310546875 0.2916666666666667 0.033203125
14 0.0 0.0984375 0.0 0.0
14 0.0 0.0984375 0.0 0.0
14 0.0 0.0984375 0.0 0.0
14 0.0 0.0984375 0.0 0.0
14 0.1 0.899609375 0.2 0.0640625
14 0.3 0.899609375 0.2 0.0640625
14 0.7 0.899609375 0.2 0.0640625
14 0.9 0.899609375 0.2 0.0640625
5 0.5 0.890625 0.1361111111111111 0.0765625
5 0.036458333333333336 0.0658203125 0.07291666666666667 0.041015625
5 0.10034722222222223 0.0658203125 0.07291666666666667 0.041015625
14 0.240625 0.0654296875 0.18819444444444444 0.033203125
