14 0.05347222222222222 0.062890625 0.10694444444444444 0.06015625
14 0.9465277777777777 0.062890625 0.10694444444444444 0.06015625
14 0.5 0.064453125 0.6305555555555555 0.0390625
14 0.10416666666666667 0.2525390625 0.13055555555555556 0.038671875
14 0.646875 0.2525390625 0.07291666666666667 0.033203125
14 0.12013888888888889 0.2912109375 0.1625 0.038671875
14 0.646875 0.2912109375 0.07291666666666667 0.033203125
5 0.6784722222222223 0.2912109375 0.009722222222222222 0.010546875
14 0.7809027777777777 0.254296875 0.1451388888888889 0.04296875
14 0.019444444444444445 0.219140625 0.0 -0.00546875
14 0.019444444444444445 0.221875 0.0 0.0
14 0.019444444444444445 0.221875 0.0 0.0
14 0.09895833333333333 0.3634765625 0.12013888888888889 0.038671875
14 0.646875 0.3634765625 0.07291666666666667 0.033203125
14 0.12013888888888889 0.4021484375 0.1625 0.038671875
14 0.646875 0.4021484375 0.07291666666666667 0.033203125
5 0.6784722222222223 0.4021484375 0.009722222222222222 0.010546875
14 0.7809027777777777 0.365234375 0.1451388888888889 0.04296875
14 0.019444444444444445 0.330078125 0.0 -0.00546875
14 0.019444444444444445 0.3328125 0.0 0.0
14 0.019444444444444445 0.3328125 0.0 0.0
14 0.12013888888888889 0.4744140625 0.1625 0.038671875
14 0.646875 0.4744140625 0.07291666666666667 0.033203125
5 0.6784722222222223 0.4744140625 0.009722222222222222 0.010546875
14 0.13090277777777778 0.5130859375 0.1840277777777778 0.038671875
14 0.646875 0.5130859375 0.07291666666666667 0.033203125
14 0.7722222222222223 0.476171875 0.12777777777777777 0.04296875
14 0.019444444444444445 0.441015625 0.0 -0.00546875
14 0.019444444444444445 0.44375 0.0 0.0
14 0.019444444444444445 0.44375 0.0 0.0
14 0.12013888888888889 0.5853515625 0.1625 0.038671875
14 0.6590277777777778 0.5853515625 0.04861111111111111 0.033203125
14 0.10625 0.6240234375 0.13472222222222222 0.038671875
14 0.646875 0.6240234375 0.07291666666666667 0.033203125
5 0.6784722222222223 0.6240234375 0.009722222222222222 0.010546875
14 0.7722222222222223 0.587109375 0.12777777777777777 0.04296875
14 0.019444444444444445 0.551953125 0.0 -0.00546875
14 0.019444444444444445 0.5546875 0.0 0.0
14 0.019444444444444445 0.5546875 0.0 0.0
14 0.12013888888888889 0.7513671875 0.1625 0.038671875
14 0.234375 0.7513671875 0.05625 0.027734375
14 0.646875 0.7513671875 0.07291666666666667 0.033203125
5 0.6784722222222223 0.7513671875 0.009722222222222222 0.010546875
14 0.13472222222222222 0.7900390625 0.19166666666666668 0.038671875
14 0.2677083333333333 0.7900390625 0.06458333333333334 0.027734375
14 0.646875 0.7900390625 0.07291666666666667 0.033203125
14 0.7802083333333333 0.753125 0.14375 0.04296875
14 0.019444444444444445 0.71796875 0.0 -0.00546875
14 0.019444444444444445 0.720703125 0.0 0.0
14 0.019444444444444445 0.720703125 0.0 0.0
14 0.1284722222222222 0.8623046875 0.17916666666666667 0.038671875
14 0.25104166666666666 0.8623046875 0.05625 0.027734375
14 0.646875 0.8623046875 0.07291666666666667 0.033203125
14 0.12013888888888889 0.9009765625 0.1625 0.038671875
14 0.234375 0.9009765625 0.05625 0.027734375
14 0.646875 0.9009765625 0.07291666666666667 0.033203125
5 0.6784722222222223 0.9009765625 0.009722222222222222 0.010546875
14 0.7802083333333333 0.8640625 0.14375 0.04296875
14 0.019444444444444445 0.82890625 0.0 -0.00546875
14 0.019444444444444445 0.831640625 0.0 0.0
14 0.019444444444444445 0.831640625 0.0 0.0
14 0.5 0.86640625 0.9416666666666667 0.1359375
