5 0.0763888888888889 0.068359375 0.07777777777777778 0.04375
5 0.0763888888888889 0.068359375 0.07777777777777778 0.04375
5 0.0763888888888889 0.068359375 0.10694444444444444 0.04375
5 0.5020833333333333 0.023046875 0.5833333333333334 -0.01953125
14 0.44375 0.0734375 0.42777777777777776 0.04375
5 0.7256944444444444 0.0734375 0.1361111111111111 0.04375
5 0.5020833333333333 0.2046875 0.5833333333333334 0.21875
14 0.44375 0.37421875 0.42777777777777776 0.04375
5 0.7256944444444444 0.37421875 0.1361111111111111 0.04375
5 0.5020833333333333 0.50546875 0.5833333333333334 0.21875
4 0.7083333333333334 0.068359375 0.11666666666666667 0.07109375
4 0.825 0.068359375 0.11666666666666667 0.07109375
4 0.9416666666666667 0.068359375 0.11666666666666667 0.07109375
