5 0.02361111111111111 0.0669921875 0.04722222222222222 0.019921875
5 0.08368055555555555 0.0669921875 0.07291666666666667 0.041015625
14 0.48715277777777777 0.066796875 0.7340277777777777 0.0296875
14 0.9270833333333334 0.0669921875 0.14583333333333334 0.068359375
3 0.5 0.1546875 0.8444444444444444 0.06015625
5 0.4996527777777778 0.3244140625 0.2673611111111111 0.150390625
14 0.5 0.4181640625 0.16944444444444445 0.023046875
14 0.5 0.5046875 0.06111111111111111 0.021875
14 0.5 0.5296875 0.04861111111111111 0.028125
14 0.5 0.5529296875 0.06388888888888888 0.018359375
5 0.5 0.528125 0.14583333333333334 0.08203125
14 0.4996527777777778 0.5876953125 0.16319444444444445 0.023046875
14 0.378125 0.6990234375 0.1701388888888889 0.112109375
14 0.621875 0.6990234375 0.1701388888888889 0.112109375
