14 0.5 0.33359375 0.2513888888888889 0.04375
5 0.35625 0.40625 0.15555555555555556 0.0875
14 0.5777777777777777 0.4060546875 0.2875 0.052734375
0 0.37118055555555557 0.492578125 0.29930555555555555 0.065625
0 0.6493055555555556 0.492578125 0.2222222222222222 0.065625
1 0.4996527777777778 0.547265625 0.41597222222222224 0.04375
1 0.30625 0.591015625 0.2708333333333333 0.04375
1 0.6350694444444445 0.591015625 0.35208333333333336 0.04375
1 0.3232638888888889 0.634765625 0.2923611111111111 0.04375
1 0.6461805555555555 0.634765625 0.31875 0.04375
0 0.35104166666666664 0.9001953125 0.36875 0.068359375
0 0.6840277777777778 0.9001953125 0.2972222222222222 0.068359375
14 0.25 0.0708984375 0.20833333333333334 0.036328125
4 0.06805555555555555 0.07109375 0.1361111111111111 0.0765625
