14 0.25833333333333336 0.0708984375 0.225 0.033203125
4 0.06805555555555555 0.07109375 0.1361111111111111 0.0765625
14 0.5 0.1412109375 0.8833333333333333 0.027734375
14 0.5 0.1716796875 0.8833333333333333 0.033203125
8 0.16354166666666667 0.2033203125 0.21875 0.024609375
14 0.38229166666666664 0.201953125 0.19930555555555557 0.02734375
0 0.5 0.2798828125 0.8833333333333333 0.068359375
14 0.5 0.36328125 0.8833333333333333 0.02421875
8 0.16770833333333332 0.3931640625 0.21875 0.024609375
14 0.5 0.4220703125 0.8833333333333333 0.022265625
14 0.5 0.475 0.8833333333333333 0.07265625
5 0.4996527777777778 0.3728515625 0.12152777777777778 0.068359375
5 0.4996527777777778 0.3728515625 0.12152777777777778 0.068359375
14 0.5 0.5484375 0.8833333333333333 0.02421875
8 0.16770833333333332 0.5783203125 0.21875 0.024609375
14 0.5 0.6072265625 0.8833333333333333 0.022265625
14 0.5 0.672265625 0.8833333333333333 0.096875
5 0.0 0.523828125 0.0 0.0
5 0.0 0.523828125 0.0 0.0
14 0.5 0.7578125 0.8833333333333333 0.02421875
8 0.16770833333333332 0.7876953125 0.21875 0.024609375
14 0.5 0.8166015625 0.8833333333333333 0.022265625
14 0.5 0.881640625 0.8833333333333333 0.096875
5 0.0 0.733203125 0.0 0.0
5 0.0 0.733203125 0.0 0.0
