14 0.1076388888888889 0.21328125 0.15694444444444444 0.02578125
14 0.2986111111111111 0.21328125 0.10833333333333334 0.02578125
14 0.5020833333333333 0.21328125 0.18194444444444444 0.02578125
14 0.7361111111111112 0.21328125 0.16944444444444445 0.02578125
14 0.9395833333333333 0.21328125 0.12083333333333333 0.02578125
5 0.5 0.3349609375 1.0 0.155859375
5 0.06805555555555555 0.455859375 0.07777777777777778 0.04921875
14 0.5680555555555555 0.4560546875 0.8638888888888889 0.063671875
14 0.5 0.5259765625 1.0 0.069140625
5 0.18958333333333333 0.669921875 0.3402777777777778 0.21875
14 0.12256944444444444 0.7921875 0.1673611111111111 0.02578125
14 0.10972222222222222 0.8162109375 0.14166666666666666 0.022265625
14 0.2263888888888889 0.8162109375 0.06666666666666667 0.022265625
8 0.019444444444444445 0.560546875 0.0 0.0
14 0.019444444444444445 0.560546875 0.0 0.0
5 0.5493055555555556 0.669921875 0.3402777777777778 0.21875
14 0.4822916666666667 0.7921875 0.1673611111111111 0.02578125
14 0.46944444444444444 0.8162109375 0.14166666666666666 0.022265625
14 0.5861111111111111 0.8162109375 0.06666666666666667 0.022265625
8 0.37916666666666665 0.560546875 0.0 0.0
14 0.37916666666666665 0.560546875 0.0 0.0
5 0.8694444444444445 0.669921875 0.2611111111111111 0.21875
14 0.828125 0.7921875 0.13958333333333334 0.02578125
14 0.8291666666666667 0.8162109375 0.14166666666666666 0.022265625
14 0.9458333333333333 0.8162109375 0.06666666666666667 0.022265625
8 0.7388888888888889 0.560546875 0.0 0.0
14 0.7388888888888889 0.560546875 0.0 0.0
0 0.0 0.84921875 0.0 0.0
5 0.06805555555555555 0.904296875 0.07777777777777778 0.04921875
14 0.5680555555555555 0.903515625 0.8638888888888889 0.06171875
14 0.5 0.937109375 1.0 -0.00546875
5 0.0 0.24609375 0.0 0.0
14 0.0 0.24609375 0.0 0.0
14 0.0 0.24609375 0.0 0.0
14 0.0 0.24609375 0.0 0.0
0 0.0 0.24609375 0.0 0.0
5 0.0 0.3349609375 0.0 0.155859375
5 0.0 0.5201171875 0.0 0.191796875
5 0.0 0.7228515625 0.0 0.191796875
5 0.0 0.88203125 0.0 0.1046875
5 1.0 0.33515625 0.0 0.15625
5 1.0 0.24609375 0.0 0.0
14 1.0 0.24609375 0.0 0.0
14 1.0 0.24609375 0.0 0.0
14 1.0 0.24609375 0.0 0.0
0 1.0 0.24609375 0.0 0.0
5 0.0 0.18046875 0.0 0.0
14 0.0 0.18046875 0.0 0.0
14 0.0 0.18046875 0.0 0.0
14 0.0 0.18046875 0.0 0.0
0 0.0 0.18046875 0.0 0.0
5 0.4996527777777778 0.5927734375 0.12152777777777778 0.068359375
5 0.4996527777777778 0.5927734375 0.12152777777777778 0.068359375
5 0.4996527777777778 0.530859375 0.5673611111111111 0.35546875
14 0.5 0.7421875 0.9513888888888888 0.0671875
14 0.5 0.8041015625 0.3055555555555556 0.056640625
14 0.43125 0.1421875 0.7847222222222222 0.065625
5 0.8930555555555556 0.1421875 0.1361111111111111 0.065625
5 0.825 0.07109375 0.09722222222222222 0.0546875
14 0.8493055555555555 0.057421875 0.04861111111111111 0.02734375
5 0.9416666666666667 0.07109375 0.09722222222222222 0.0546875
4 0.06805555555555555 0.07109375 0.1361111111111111 0.0765625
5 0.17256944444444444 0.0708984375 0.07291666666666667 0.041015625
14 0.36944444444444446 0.03515625 0.7388888888888889 0.0046875
5 0.6902777777777778 0.06953125 0.09722222222222222 0.0125
14 0.36944444444444446 0.06953125 0.7388888888888889 0.0640625
5 0.6902777777777778 0.13359375 0.09722222222222222 0.0125
14 0.36944444444444446 0.13359375 0.7388888888888889 0.0640625
5 0.6902777777777778 0.19765625 0.09722222222222222 0.0125
14 0.36944444444444446 0.19765625 0.7388888888888889 0.0640625
5 0.6902777777777778 0.26171875 0.09722222222222222 0.0125
14 0.36944444444444446 0.26171875 0.7388888888888889 0.0640625
5 0.6902777777777778 0.32578125 0.09722222222222222 0.0125
14 0.36944444444444446 0.32578125 0.7388888888888889 0.0640625
5 0.6902777777777778 0.38984375 0.09722222222222222 0.0125
14 0.36944444444444446 0.38984375 0.7388888888888889 0.0640625
5 0.6902777777777778 0.45390625 0.09722222222222222 0.0125
14 0.36944444444444446 0.45390625 0.7388888888888889 0.0640625
5 0.6902777777777778 0.51796875 0.09722222222222222 0.0125
14 0.36944444444444446 0.51796875 0.7388888888888889 0.0640625
5 0.6902777777777778 0.58203125 0.09722222222222222 0.0125
14 0.36944444444444446 0.58203125 0.7388888888888889 0.0640625
5 0.6902777777777778 0.64609375 0.09722222222222222 0.0125
14 0.36944444444444446 0.64609375 0.7388888888888889 0.0640625
5 0.6902777777777778 0.71015625 0.09722222222222222 0.0125
14 0.36944444444444446 0.71015625 0.7388888888888889 0.0640625
5 0.6902777777777778 0.77421875 0.09722222222222222 0.0125
14 0.36944444444444446 0.77421875 0.7388888888888889 0.0640625
5 0.6902777777777778 0.83828125 0.09722222222222222 0.0125
14 0.36944444444444446 0.83828125 0.7388888888888889 0.0640625
5 0.6902777777777778 0.90234375 0.09722222222222222 0.0125
14 0.36944444444444446 0.90234375 0.7388888888888889 0.0640625
