5 0.4222222222222222 0.062890625 0.8444444444444444 0.06015625
0 0.4222222222222222 0.126171875 0.8444444444444444 0.06640625
0 0.4222222222222222 0.192578125 0.8444444444444444 0.06640625
0 0.4222222222222222 0.2578125 0.8444444444444444 0.06640625
0 0.4222222222222222 0.32421875 0.8444444444444444 0.06640625
0 0.4222222222222222 0.389453125 0.8444444444444444 0.06640625
0 0.4222222222222222 0.455859375 0.8444444444444444 0.06640625
0 0.4222222222222222 0.522265625 0.8444444444444444 0.06640625
0 0.4222222222222222 0.588671875 0.8444444444444444 0.06640625
0 0.4222222222222222 0.655078125 0.8444444444444444 0.06640625
5 0.18680555555555556 0.78125 0.08333333333333333 0.0546875
5 0.33541666666666664 0.78125 0.09722222222222222 0.0546875
5 0.4909722222222222 0.78125 0.09722222222222222 0.0546875
5 0.6465277777777778 0.78125 0.09722222222222222 0.0546875
0 0.9232638888888889 0.0609375 0.10347222222222222 0.03984375
3 0.9444444444444444 0.122265625 0.1111111111111111 0.0421875
5 0.9277777777777778 0.1220703125 0.03888888888888889 0.023828125
5 0.9357638888888888 0.4875 0.1284722222222222 0.66640625
14 0.9625 0.2015625 0.075 0.0453125
14 0.9625 0.2673828125 0.075 0.020703125
14 0.9625 0.3263671875 0.075 0.020703125
5 0.9673611111111111 0.751953125 0.0 0.0
14 0.8444444444444444 0.0328125 0.0 0.0
