14 0.4996527777777778 0.0666015625 0.8631944444444445 0.067578125
14 0.4996527777777778 0.209375 0.22569444444444445 0.0546875
14 0.5 0.2478515625 0.10416666666666667 0.022265625
14 0.7559027777777778 0.1974609375 0.2673611111111111 0.055078125
5 0.2708333333333333 0.358203125 0.06111111111111111 0.034375
14 0.5329861111111112 0.3580078125 0.46319444444444446 0.022265625
5 0.2708333333333333 0.403515625 0.06111111111111111 0.034375
14 0.5149305555555556 0.4033203125 0.4270833333333333 0.022265625
14 0.13541666666666666 0.31640625 0.0 0.0
5 0.13541666666666666 0.31640625 0.0 0.0
14 0.13541666666666666 0.31640625 0.0 0.0
5 0.13541666666666666 0.31640625 0.0 0.0
14 0.13541666666666666 0.31640625 0.0 0.0
5 0.13541666666666666 0.31640625 0.0 0.0
14 0.13541666666666666 0.31640625 0.0 0.0
5 0.13541666666666666 0.31640625 0.0 0.0
14 0.13541666666666666 0.31640625 0.0 0.0
14 0.4996527777777778 0.4740234375 0.22013888888888888 0.036328125
14 0.4996527777777778 0.5365234375 0.46875 0.045703125
5 0.18229166666666666 0.7341796875 0.21875 0.095703125
14 0.5697916666666667 0.69921875 0.53125 0.02578125
14 0.615625 0.736328125 0.6229166666666667 0.0484375
14 0.5 0.602734375 0.5125 0.0296875
14 0.5 0.6314453125 0.39444444444444443 0.027734375
14 0.4996527777777778 0.846484375 0.4340277777777778 0.046875
5 0.4996527777777778 0.8939453125 0.08541666666666667 0.048046875
14 0.4996527777777778 0.926171875 0.28958333333333336 0.01640625
14 0.5 0.942578125 0.8055555555555556 -0.01640625
