14 0.2552083333333333 0.0708984375 0.21875 0.036328125
4 0.06805555555555555 0.07109375 0.1361111111111111 0.0765625
14 0.5 0.2056640625 1.0 0.047265625
14 0.5 0.2513671875 0.7555555555555555 0.030078125
14 0.5 0.279296875 0.7555555555555555 0.02578125
14 0.09340277777777778 0.3580078125 0.13680555555555557 0.047265625
14 0.25555555555555554 0.3580078125 0.1388888888888889 0.036328125
14 0.09340277777777778 0.4705078125 0.13680555555555557 0.047265625
14 0.2722222222222222 0.4556640625 0.17222222222222222 0.036328125
14 0.2604166666666667 0.50234375 0.1486111111111111 0.0296875
14 0.09340277777777778 0.5830078125 0.13680555555555557 0.047265625
14 0.2520833333333333 0.5830078125 0.13194444444444445 0.036328125
14 0.09340277777777778 0.6865234375 0.13680555555555557 0.047265625
14 0.30486111111111114 0.6865234375 0.2375 0.036328125
14 0.09340277777777778 0.7900390625 0.13680555555555557 0.047265625
14 0.2607638888888889 0.7900390625 0.14930555555555555 0.036328125
14 0.2465277777777778 0.2791015625 0.2013888888888889 0.068359375
14 0.38680555555555557 0.3474609375 0.48194444444444445 0.068359375
14 0.24930555555555556 0.4158203125 0.20694444444444443 0.068359375
14 0.26666666666666666 0.4841796875 0.24166666666666667 0.068359375
14 0.2864583333333333 0.5525390625 0.28125 0.068359375
