0 0.9513888888888888 0.07109375 0.09722222222222222 0.065625
5 0.5 0.07109375 0.9513888888888888 0.04921875
5 0.5 0.2734375 0.9513888888888888 0.30078125
14 0.5 0.3248046875 0.8972222222222223 0.033203125
14 0.5 0.372265625 0.8972222222222223 0.06171875
14 0.3638888888888889 0.4642578125 0.6208333333333333 0.048046875
14 0.3638888888888889 0.512890625 0.6208333333333333 0.040625
14 0.3638888888888889 0.48671875 0.6208333333333333 0.09296875
5 0.825 0.4916015625 0.24305555555555555 0.102734375
14 0.3638888888888889 0.5833984375 0.6208333333333333 0.048046875
14 0.3638888888888889 0.63203125 0.6208333333333333 0.040625
14 0.3638888888888889 0.605859375 0.6208333333333333 0.09296875
5 0.825 0.6107421875 0.24305555555555555 0.102734375
14 0.3638888888888889 0.7025390625 0.6208333333333333 0.048046875
14 0.3638888888888889 0.751171875 0.6208333333333333 0.040625
14 0.3638888888888889 0.725 0.6208333333333333 0.09296875
5 0.825 0.7298828125 0.24305555555555555 0.102734375
14 0.5 0.8294921875 0.9513888888888888 0.060546875
14 0.25625 0.9033203125 0.4638888888888889 0.060546875
5 0.25625 0.933984375 0.4638888888888889 0.00078125
14 0.74375 0.9033203125 0.4638888888888889 0.060546875
5 0.74375 0.933984375 0.4638888888888889 0.00078125
5 0.0 0.0328125 0.0 0.0
14 0.0 0.0328125 0.0 0.0
14 0.0 0.0328125 0.0 0.0
14 0.0 0.0328125 0.0 0.0
9 0.0 0.0328125 0.0 0.0
14 0.0 0.0328125 0.0 0.0
5 0.0 0.0328125 0.0 0.0
5 0.0 0.0328125 0.0 0.0
5 0.0 0.0328125 0.0 0.0
