5 0.9232638888888889 0.1376953125 0.05625 0.031640625
14 0.46458333333333335 0.175390625 0.8319444444444445 0.10703125
14 0.25 0.27265625 0.1736111111111111 0.02578125
14 0.7097222222222223 0.272265625 0.16527777777777777 0.02578125
5 0.8399305555555555 0.2724609375 0.06597222222222222 0.037109375
14 0.5 0.6171875 0.4305555555555556 0.0421875
5 0.5 0.630859375 1.0 0.60703125
5 0.0 0.3 0.0 0.0
14 0.0 0.3 0.0 0.0
14 0.0 0.3 0.0 0.0
5 0.0 0.3 0.0 0.0
14 0.0 0.3 0.0 0.0
14 0.0 0.3 0.0 0.0
5 1.0 0.630859375 0.0 0.60703125
5 1.0 0.3 0.0 0.0
14 1.0 0.3 0.0 0.0
14 1.0 0.3 0.0 0.0
5 1.0 0.3 0.0 0.0
14 1.0 0.3 0.0 0.0
14 1.0 0.3 0.0 0.0
4 0.06805555555555555 0.063671875 0.1361111111111111 0.06171875
14 0.5 0.063671875 0.29583333333333334 0.06171875
