14 0.2857638888888889 0.0708984375 0.22152777777777777 0.036328125
4 0.06805555555555555 0.07109375 0.1361111111111111 0.0765625
0 0.4670138888888889 0.07109375 0.12152777777777778 0.0765625
5 0.5413194444444445 0.07109375 0.027083333333333334 0.0765625
14 0.5892361111111111 0.07109375 0.04375 0.02578125
10 0.6520833333333333 0.07109375 0.19444444444444445 0.02578125
5 0.7628472222222222 0.07109375 0.027083333333333334 0.0765625
0 0.9513888888888888 0.07109375 0.09722222222222222 0.065625
14 0.07291666666666667 0.1263671875 0.029166666666666667 0.018359375
14 0.21840277777777778 0.1263671875 0.04097222222222222 0.018359375
14 0.3645833333333333 0.1263671875 0.041666666666666664 0.018359375
14 0.5104166666666666 0.1263671875 0.043055555555555555 0.018359375
14 0.65625 0.1263671875 0.044444444444444446 0.018359375
14 0.8020833333333334 0.1263671875 0.013888888888888888 0.018359375
14 0.9479166666666666 0.1263671875 0.013888888888888888 0.018359375
14 1.0 0.1265625 0.0 0.034375
14 0.11527777777777778 0.1640625 0.019444444444444445 0.02578125
14 0.115625 0.184375 0.09652777777777778 0.01484375
14 0.37118055555555557 0.1640625 0.08125 0.02578125
14 0.37083333333333335 0.184375 0.12361111111111112 0.01484375
14 0.6263888888888889 0.1640625 0.03888888888888889 0.02578125
14 0.6267361111111112 0.184375 0.15486111111111112 0.01484375
14 0.8819444444444444 0.1640625 0.11944444444444445 0.02578125
14 0.8822916666666667 0.184375 0.16041666666666668 0.01484375
14 0.115625 0.228515625 0.08125 0.02578125
14 0.115625 0.248828125 0.12152777777777778 0.01484375
14 0.37083333333333335 0.228515625 0.09444444444444444 0.02578125
14 0.37083333333333335 0.248828125 0.14305555555555555 0.01484375
14 0.6267361111111112 0.228515625 0.10069444444444445 0.02578125
14 0.6267361111111112 0.248828125 0.14930555555555555 0.01484375
14 0.8822916666666667 0.228515625 0.10069444444444445 0.02578125
14 0.8819444444444444 0.248828125 0.1638888888888889 0.01484375
14 0.11527777777777778 0.29296875 0.1597222222222222 0.02578125
14 0.11527777777777778 0.31328125 0.20694444444444443 0.01484375
5 0.37083333333333335 0.302734375 0.19444444444444445 0.0546875
14 0.059027777777777776 0.3427734375 0.11805555555555555 -0.004296875
14 0.8708333333333333 0.340234375 0.25833333333333336 -0.009375
6 0.0 0.3291015625 0.0 -0.031640625
6 0.0 0.3291015625 0.0 -0.031640625
14 0.10486111111111111 0.3626953125 0.20972222222222223 0.022265625
14 0.9690972222222223 0.3576171875 0.06180555555555556 0.022265625
6 0.0 0.346484375 0.0 0.0
6 0.0 0.346484375 0.0 0.0
14 0.1 0.39609375 0.2 0.02578125
4 0.0 0.3796875 0.0 0.0
4 0.0 0.3796875 0.0 0.0
1 0.0 0.3796875 0.0 0.0
4 0.0 0.3796875 0.0 0.0
14 0.019444444444444445 0.4888671875 0.03888888888888889 0.022265625
14 0.4996527777777778 0.4328125 0.11458333333333333 0.02578125
0 0.23159722222222223 0.4833984375 0.13402777777777777 0.075390625
0 0.365625 0.4833984375 0.13402777777777777 0.075390625
0 0.4996527777777778 0.4833984375 0.13402777777777777 0.075390625
0 0.6336805555555556 0.4833984375 0.13402777777777777 0.075390625
0 0.7677083333333333 0.4833984375 0.13402777777777777 0.075390625
1 0.6347222222222222 0.54296875 0.07777777777777778 0.04375
14 0.7416666666666667 0.54296875 0.1361111111111111 0.02578125
1 0.8486111111111111 0.54296875 0.07777777777777778 0.04375
14 0.9253472222222222 0.54296875 0.07569444444444444 0.02578125
6 0.0 0.412890625 0.0 0.0
6 0.0 0.412890625 0.0 0.0
14 0.057291666666666664 0.581640625 0.11458333333333333 0.02578125
4 0.0 0.565234375 0.0 0.0
4 0.0 0.565234375 0.0 0.0
1 0.0 0.565234375 0.0 0.0
4 0.0 0.565234375 0.0 0.0
14 0.05625 0.751953125 0.1125 0.02578125
4 0.0 0.735546875 0.0 0.0
4 0.0 0.735546875 0.0 0.0
1 0.0 0.735546875 0.0 0.0
4 0.0 0.735546875 0.0 0.0
5 0.04861111111111111 0.85078125 0.09722222222222222 0.1640625
5 0.14583333333333334 0.85078125 0.09722222222222222 0.1640625
5 0.09513888888888888 0.8234375 0.04861111111111111 0.109375
5 0.24305555555555555 0.85078125 0.09722222222222222 0.1640625
5 0.24270833333333333 0.9052734375 0.07291666666666667 0.041015625
14 0.24270833333333333 0.9052734375 0.07291666666666667 0.041015625
5 0.19236111111111112 0.8234375 0.04861111111111111 0.109375
5 0.3402777777777778 0.85078125 0.09722222222222222 0.1640625
5 0.4375 0.85078125 0.09722222222222222 0.1640625
5 0.4371527777777778 0.9052734375 0.07291666666666667 0.041015625
14 0.4371527777777778 0.9052734375 0.07291666666666667 0.041015625
5 0.38680555555555557 0.8234375 0.04861111111111111 0.109375
5 0.5347222222222222 0.85078125 0.09722222222222222 0.1640625
5 0.4840277777777778 0.8234375 0.04861111111111111 0.109375
5 0.6319444444444444 0.85078125 0.09722222222222222 0.1640625
5 0.58125 0.8234375 0.04861111111111111 0.109375
5 0.5788194444444444 0.8439453125 0.07291666666666667 0.041015625
14 0.5788194444444444 0.8439453125 0.07291666666666667 0.041015625
5 0.7291666666666666 0.85078125 0.09722222222222222 0.1640625
5 0.8263888888888888 0.85078125 0.09722222222222222 0.1640625
5 0.7756944444444445 0.8234375 0.04861111111111111 0.109375
5 0.9236111111111112 0.85078125 0.09722222222222222 0.1640625
5 0.8729166666666667 0.8234375 0.04861111111111111 0.109375
5 0.9861111111111112 0.85078125 0.027777777777777776 0.1640625
