5 0.09722222222222222 0.1421875 0.07777777777777778 0.04375
14 0.28506944444444443 0.1421875 0.2590277777777778 0.0296875
5 0.09722222222222222 0.2078125 0.07777777777777778 0.04375
14 0.2899305555555556 0.2078125 0.26875 0.0296875
5 0.09722222222222222 0.2734375 0.07777777777777778 0.04375
14 0.31493055555555555 0.2734375 0.31875 0.0296875
5 0.09722222222222222 0.3390625 0.07777777777777778 0.04375
14 0.2107638888888889 0.3390625 0.11041666666666666 0.0296875
5 0.09722222222222222 0.4046875 0.07777777777777778 0.04375
14 0.23298611111111112 0.4046875 0.15486111111111112 0.0296875
5 0.09722222222222222 0.4703125 0.07777777777777778 0.04375
14 0.2857638888888889 0.4703125 0.2604166666666667 0.0296875
5 0.09722222222222222 0.5359375 0.07777777777777778 0.04375
14 0.21736111111111112 0.5359375 0.12361111111111112 0.0296875
5 0.09722222222222222 0.6015625 0.07777777777777778 0.04375
14 0.21770833333333334 0.6015625 0.12430555555555556 0.0296875
5 0.09722222222222222 0.6671875 0.07777777777777778 0.04375
14 0.21493055555555557 0.6671875 0.11875 0.0296875
5 0.09722222222222222 0.7328125 0.07777777777777778 0.04375
14 0.21319444444444444 0.7328125 0.11527777777777778 0.0296875
5 0.09722222222222222 0.7984375 0.07777777777777778 0.04375
14 0.26944444444444443 0.7984375 0.22777777777777777 0.0296875
5 0.09722222222222222 0.8640625 0.07777777777777778 0.04375
14 0.27361111111111114 0.8640625 0.2361111111111111 0.0296875
5 0.09722222222222222 0.92109375 0.07777777777777778 0.0265625
14 0.26145833333333335 0.924609375 0.21180555555555555 0.01953125
0 0.0 0.109375 0.0 0.0
0 0.0 0.109375 0.0 0.0
4 0.06805555555555555 0.07109375 0.1361111111111111 0.0765625
14 0.23576388888888888 0.0708984375 0.1798611111111111 0.036328125
