14 0.24305555555555555 0.0240234375 0.21388888888888888 -0.017578125
4 0.06805555555555555 0.0328125 0.1361111111111111 0.0
14 0.3798611111111111 0.0755859375 0.45555555555555555 -0.045703125
14 0.7371527777777778 0.0791015625 0.22013888888888888 -0.038671875
14 0.5 0.1220703125 0.9361111111111111 0.047265625
14 0.5 0.2158203125 0.9361111111111111 0.041796875
14 0.11840277777777777 0.2822265625 0.17291666666666666 0.033203125
14 0.15694444444444444 0.3244140625 0.10416666666666667 0.029296875
14 0.559375 0.32421875 0.7006944444444444 0.02890625
14 0.146875 0.3755859375 0.08402777777777778 0.029296875
14 0.5493055555555556 0.375390625 0.7208333333333333 0.02890625
14 0.16180555555555556 0.4267578125 0.11388888888888889 0.029296875
14 0.5642361111111112 0.4265625 0.6909722222222222 0.02890625
14 0.5 0.49609375 0.9361111111111111 0.0625
14 0.5 0.5865234375 0.9361111111111111 0.041796875
14 0.5 0.8037109375 0.6569444444444444 0.033203125
14 0.4996527777777778 0.826953125 0.5604166666666667 0.02890625
14 0.5 0.1228515625 0.07361111111111111 0.029296875
14 0.0 0.316796875 0.0 0.06875
14 0.019444444444444445 0.332421875 -0.03888888888888889 0.0375
14 0.0 0.4091796875 0.0 0.055078125
14 0.0 0.6923828125 0.0 0.033203125
14 0.12881944444444443 0.758984375 -0.25763888888888886 0.0453125
14 0.0 0.8158203125 0.0 0.055078125
14 0.0 0.215625 0.0 0.09375
