14 0.4996527777777778 0.0626953125 0.3659722222222222 0.033203125
0 0.5 0.6390625 0.6319444444444444 0.0453125
0 0.5 0.698046875 0.6319444444444444 0.0453125
0 0.5 0.75703125 0.6319444444444444 0.0453125
0 0.5 0.816015625 0.6319444444444444 0.0453125
14 0.5 0.0626953125 0.23472222222222222 0.033203125
5 0.06111111111111111 0.1328125 0.04861111111111111 0.02734375
3 0.5427083333333333 0.1328125 0.8659722222222223 0.065625
5 0.07291666666666667 0.213671875 0.14583333333333334 0.08203125
14 0.5791666666666667 0.197265625 0.8416666666666667 0.0296875
14 0.5791666666666667 0.2259765625 0.8416666666666667 0.027734375
14 0.4996527777777778 0.0626953125 0.3159722222222222 0.033203125
0 0.9302083333333333 0.0626953125 0.09097222222222222 0.051171875
5 0.08506944444444445 0.1408203125 0.12152777777777778 0.068359375
14 0.5729166666666666 0.121484375 0.8055555555555556 0.0296875
14 0.5729166666666666 0.1501953125 0.8055555555555556 0.027734375
14 0.9388888888888889 0.1728515625 0.07361111111111111 0.022265625
14 0.14722222222222223 0.298046875 0.24583333333333332 0.02578125
9 0.7868055555555555 0.2982421875 0.4013888888888889 0.040234375
14 0.12013888888888889 0.3298828125 0.19166666666666668 0.022265625
14 0.4996527777777778 0.3326171875 0.09236111111111112 0.027734375
14 0.8868055555555555 0.3298828125 0.17777777777777778 0.022265625
9 0.22743055555555555 0.7361328125 0.42986111111111114 0.040234375
14 0.5 0.7361328125 0.09027777777777778 0.038671875
9 0.7760416666666666 0.7361328125 0.42291666666666666 0.040234375
0 0.3298611111111111 0.811328125 0.14583333333333334 0.08203125
0 0.6701388888888888 0.811328125 0.14583333333333334 0.08203125
14 0.4996527777777778 0.0626953125 0.36736111111111114 0.033203125
14 0.5 0.1078125 1.0 0.0296875
14 0.5 0.12265625 1.0 0.0
14 0.5 0.15 1.0 -0.0546875
14 0.5 0.17734375 1.0 -0.109375
14 0.0 0.0328125 0.0 0.0
5 0.0 0.0328125 0.0 0.0
6 0.0 0.0328125 0.0 0.0
14 0.0 0.0328125 0.0 0.0
