0 0.8930555555555556 0.07109375 0.21388888888888888 0.065625
5 0.26493055555555556 0.07109375 0.25763888888888886 0.04375
4 0.06805555555555555 0.07109375 0.1361111111111111 0.0765625
14 0.125 0.1421875 0.19166666666666668 0.02734375
14 0.375 0.1421875 0.19166666666666668 0.02734375
14 0.625 0.1421875 0.19166666666666668 0.02734375
14 0.875 0.1421875 0.19166666666666668 0.02734375
5 0.0 0.33671875 0.0 0.315625
5 0.0 0.65625 0.0 0.315625
5 0.0 0.876171875 0.0 0.11640625
14 0.5121527777777778 0.2048828125 0.9756944444444444 0.036328125
14 0.41180555555555554 0.2708984375 0.75 0.033203125
14 0.41180555555555554 0.3408203125 0.75 0.033203125
14 0.41180555555555554 0.4107421875 0.75 0.033203125
14 0.5121527777777778 0.4748046875 0.9756944444444444 0.036328125
14 0.41180555555555554 0.5408203125 0.75 0.033203125
14 0.41180555555555554 0.6107421875 0.75 0.033203125
14 0.41180555555555554 0.6806640625 0.75 0.033203125
14 0.41180555555555554 0.7505859375 0.75 0.033203125
14 0.41180555555555554 0.8205078125 0.75 0.033203125
14 0.5121527777777778 0.8845703125 0.9756944444444444 0.036328125
5 0.06076388888888889 0.9322265625 0.07291666666666667 0.004296875
14 0.5090277777777777 0.9341796875 0.75 0.000390625
5 0.06076388888888889 0.9671875 0.07291666666666667 -0.065625
