5 0.5 0.190234375 0.375 0.134375
0 0.39305555555555555 0.319140625 0.21388888888888888 0.065625
0 0.6069444444444444 0.319140625 0.21388888888888888 0.065625
14 0.0 0.109375 0.0 0.0
14 0.0 0.109375 0.0 0.0
14 0.0 0.109375 0.0 0.0
14 0.0 0.109375 0.0 0.0
6 0.0 0.109375 0.0 0.0
4 0.0 0.109375 0.0 0.0
6 0.0 0.109375 0.0 0.0
14 0.0 0.109375 0.0 0.0
14 0.5 0.4341796875 0.9263888888888889 0.092578125
14 0.4618055555555556 0.5248046875 0.85 0.060546875
14 0.08576388888888889 0.6173828125 0.06875 0.022265625
14 0.0763888888888889 0.6427734375 0.05 0.022265625
14 0.5614583333333333 0.6173828125 0.1909722222222222 0.022265625
14 0.5163194444444444 0.6427734375 0.10069444444444445 0.022265625
14 0.0 0.921484375 0.0 0.02578125
14 0.5 0.0708984375 0.33194444444444443 0.036328125
5 0.05486111111111111 0.07109375 0.06111111111111111 0.0765625
