5 0.08541666666666667 0.8439453125 0.14583333333333334 0.030078125
5 0.9246527777777778 0.1408203125 0.10208333333333333 0.057421875
5 0.0 0.0328125 0.0 0.0
5 0.0 0.0328125 0.0 0.0
5 0.0 0.0328125 0.0 0.0
5 0.0 0.0 0.0 0.0
14 0.6520833333333333 0.141015625 0.12638888888888888 0.07109375
14 0.7909722222222222 0.141015625 0.12638888888888888 0.07109375
14 0.5763888888888888 0.0328125 0.0 0.0
14 0.5763888888888888 0.0328125 0.0 0.0
4 0.08541666666666667 0.0712890625 0.1361111111111111 0.068359375
3 0.5680555555555555 0.0712890625 0.8291666666666667 0.068359375
5 0.0 0.0328125 0.0 0.0
4 0.9284722222222223 0.76640625 0.09861111111111111 0.05546875
4 0.9284722222222223 0.821875 0.09861111111111111 0.05546875
5 0.06875 0.0109375 0.07777777777777778 0.021875
