5 0.04756944444444444 0.0708984375 0.09513888888888888 0.031640625
5 0.8166666666666667 0.0765625 0.06805555555555555 0.02734375
5 0.9388888888888889 0.07109375 0.09722222222222222 0.03671875
14 0.9430555555555555 0.069140625 0.041666666666666664 0.0234375
14 0.43645833333333334 0.07109375 0.64375 0.028125
0 0.08506944444444445 0.07109375 0.1701388888888889 0.0765625
0 0.9392361111111112 0.07109375 0.12152777777777778 0.0765625
0 0.8177083333333334 0.07109375 0.12152777777777778 0.0765625
14 0.0 0.109375 0.0 0.0
5 0.928125 0.145703125 0.06597222222222222 0.02890625
14 0.0 0.18203125 0.0 0.0
5 0.0 0.18203125 0.0 0.0
5 0.5 0.34609375 0.5347222222222222 0.30078125
5 0.0 0.18203125 0.0 0.0
5 0.0 0.18203125 0.0 0.0
14 0.39791666666666664 0.5353515625 0.7180555555555556 0.050390625
14 0.09375 0.5796875 0.10972222222222222 0.02734375
14 0.35833333333333334 0.671484375 0.016666666666666666 0.021875
5 0.9125 0.671484375 0.019444444444444445 0.01796875
14 0.8059027777777777 0.671484375 0.11597222222222223 0.021875
14 0.06770833333333333 0.73984375 0.05763888888888889 0.02734375
14 0.08819444444444445 0.83046875 0.09861111111111111 0.02734375
5 0.2326388888888889 0.83046875 0.03888888888888889 0.021875
5 0.3423611111111111 0.83046875 0.03888888888888889 0.021875
0 0.5 0.9091796875 0.9222222222222223 0.050390625
0 0.0 0.109375 0.0 0.0
14 0.0 0.109375 0.0 0.0
14 0.0 0.109375 0.0 0.0
0 0.0 0.109375 0.0 0.0
0 0.0 0.109375 0.0 0.0
0 0.0 0.109375 0.0 0.0
14 0.0 0.109375 0.0 0.0
14 0.0 0.109375 0.0 0.0
14 0.0 0.109375 0.0 0.0
5 0.0 0.109375 0.0 0.0
0 0.0 0.109375 0.0 0.0
14 0.20625 0.9556640625 0.3347222222222222 -0.042578125
5 0.9465277777777777 0.9583984375 0.029166666666666667 -0.048046875
0 0.5 0.9474609375 1.0 -0.026171875
5 0.09513888888888888 0.0328125 0.0 0.0
14 0.09513888888888888 0.0328125 0.0 0.0
0 0.09513888888888888 0.0328125 0.0 0.0
14 0.2267361111111111 0.7271484375 0.10902777777777778 0.022265625
14 0.253125 0.7494140625 0.16180555555555556 0.022265625
14 0.21979166666666666 0.7716796875 0.09513888888888888 0.022265625
14 0.4232638888888889 0.7271484375 0.09097222222222222 0.022265625
14 0.4149305555555556 0.7494140625 0.07430555555555556 0.022265625
14 0.4149305555555556 0.7716796875 0.07430555555555556 0.022265625
14 0.6246527777777777 0.728125 0.07847222222222222 0.02421875
14 0.7743055555555556 0.7810546875 0.4027777777777778 0.081640625
0 0.5475694444444444 0.8865234375 0.9048611111111111 0.095703125
14 0.5475694444444444 0.07109375 0.9048611111111111 0.0765625
5 0.19236111111111112 0.1828125 0.19444444444444445 0.109375
14 0.34131944444444445 0.239453125 0.07430555555555556 0.03046875
14 0.44375 0.239453125 0.09166666666666666 0.03046875
0 0.9135416666666667 0.2265625 0.13402777777777777 0.034375
14 0.6472222222222223 0.142578125 0.6861111111111111 0.046875
14 0.30416666666666664 0.17734375 0.0 0.02265625
5 0.19236111111111112 0.328125 0.19444444444444445 0.109375
14 0.34131944444444445 0.384765625 0.07430555555555556 0.03046875
14 0.44375 0.384765625 0.09166666666666666 0.03046875
0 0.9135416666666667 0.371875 0.13402777777777777 0.034375
14 0.6472222222222223 0.287890625 0.6861111111111111 0.046875
14 0.30416666666666664 0.32265625 0.0 0.02265625
14 0.5 0.3826171875 0.5347222222222222 0.028515625
14 0.3 0.47109375 0.13472222222222222 0.090625
5 0.49409722222222224 0.4708984375 0.04375 0.013671875
5 0.6753472222222222 0.4708984375 0.04375 0.013671875
0 0.3625 0.57109375 0.25972222222222224 0.0546875
0 0.6375 0.57109375 0.25972222222222224 0.0546875
5 0.19618055555555555 0.3478515625 0.07291666666666667 0.041015625
