5 0.05347222222222222 0.068359375 0.058333333333333334 0.0328125
14 0.5350694444444445 0.068359375 0.2048611111111111 0.03671875
14 0.29756944444444444 0.13046875 0.5465277777777777 0.02578125
14 0.40208333333333335 0.1625 0.23055555555555557 0.02421875
14 0.5034722222222222 0.18671875 0.43333333333333335 0.02421875
14 0.4326388888888889 0.227734375 0.2916666666666667 0.04375
14 0.37118055555555557 0.26875 0.16875 0.02421875
14 0.490625 0.314453125 0.4076388888888889 0.0671875
14 0.024305555555555556 0.374609375 0.0 0.02578125
0 0.4996527777777778 0.425 0.6506944444444445 0.04765625
14 0.5 0.483203125 0.9513888888888888 0.04140625
0 0.3090277777777778 0.555078125 0.24444444444444444 0.04765625
0 0.6340277777777777 0.555078125 0.35694444444444445 0.04765625
