14 0.25 0.1435546875 0.5 0.068359375
14 0.75 0.1435546875 0.5 0.068359375
5 0.5 0.3369140625 0.9472222222222222 0.299609375
14 0.02638888888888889 0.187109375 0.0 0.0
14 0.5 0.522265625 0.8736111111111111 0.04375
14 0.5 0.559375 0.8736111111111111 0.03046875
5 0.8892361111111111 0.5271484375 0.09513888888888888 0.053515625
5 0.5 0.7607421875 0.9472222222222222 0.299609375
14 0.02638888888888889 0.6109375 0.0 0.0
14 0.5 0.929296875 0.8736111111111111 0.01015625
14 0.5 0.951171875 0.8736111111111111 -0.03359375
5 0.8892361111111111 0.929296875 0.09513888888888888 0.01015625
4 0.06805555555555555 0.075390625 0.1361111111111111 0.0765625
5 0.20902777777777778 0.075390625 0.06805555555555555 0.03828125
5 0.9315972222222222 0.075390625 0.06319444444444444 0.0328125
14 0.9631944444444445 0.085546875 0.0 0.0125
14 0.3215277777777778 0.0751953125 0.15694444444444444 0.036328125
0 0.0 0.4568359375 0.0 0.068359375
0 0.0 0.5248046875 0.0 0.068359375
0 0.0 0.5927734375 0.0 0.068359375
0 0.0 0.7259765625 0.0 0.068359375
0 0.0 0.7939453125 0.0 0.068359375
0 0.0 0.8619140625 0.0 0.068359375
0 0.0 0.9150390625 0.0 0.038671875
