5 0.06111111111111111 0.0615234375 0.09722222222222222 0.043359375
14 0.4996527777777778 0.0615234375 0.2965277777777778 0.043359375
14 0.10972222222222222 0.03984375 0.0 0.0
14 0.10972222222222222 0.03984375 0.0 0.0
5 0.9388888888888889 0.0615234375 0.09722222222222222 0.043359375
14 0.38229166666666664 0.11484375 0.23958333333333334 0.0296875
14 0.6260416666666667 0.11484375 0.22291666666666668 0.0296875
14 0.44895833333333335 0.14453125 0.1451388888888889 0.0296875
14 0.5784722222222223 0.14453125 0.08888888888888889 0.0296875
14 0.4010416666666667 0.17421875 0.12986111111111112 0.0296875
14 0.5711805555555556 0.17421875 0.18541666666666667 0.0296875
14 0.5 0.269921875 0.9652777777777778 0.10703125
14 0.5 0.390625 0.9652777777777778 0.10703125
14 0.5 0.491796875 0.9652777777777778 0.08125
14 0.5 0.59296875 0.9652777777777778 0.10703125
14 0.5 0.68125 0.9652777777777778 0.05546875
5 0.2361111111111111 0.753125 0.09722222222222222 0.0546875
5 0.3680555555555556 0.753125 0.09722222222222222 0.0546875
5 0.5 0.753125 0.09722222222222222 0.0546875
5 0.6319444444444444 0.753125 0.09722222222222222 0.0546875
5 0.7638888888888888 0.753125 0.09722222222222222 0.0546875
14 0.4996527777777778 0.805078125 0.4701388888888889 0.0296875
