5 0.0125 0.0859375 0.0 -0.046875
14 0.0125 0.0859375 0.0 -0.046875
14 0.1326388888888889 0.114453125 0.14305555555555555 0.01015625
5 0.1 0.176953125 0.07777777777777778 0.04375
14 0.29930555555555555 0.1767578125 0.24722222222222223 0.033203125
5 0.1 0.264453125 0.07777777777777778 0.04375
14 0.24097222222222223 0.2642578125 0.13055555555555556 0.033203125
5 0.0125 0.329296875 0.0 0.0
14 0.0125 0.329296875 0.0 0.0
14 0.15104166666666666 0.3681640625 0.1798611111111111 0.036328125
5 0.1 0.44375 0.07777777777777778 0.04375
14 0.33368055555555554 0.4435546875 0.3159722222222222 0.033203125
5 0.1 0.53125 0.07777777777777778 0.04375
14 0.3298611111111111 0.5310546875 0.30833333333333335 0.033203125
5 0.0125 0.59609375 0.0 0.0
14 0.0125 0.59609375 0.0 0.0
14 0.10416666666666667 0.6349609375 0.08611111111111111 0.036328125
5 0.1 0.710546875 0.07777777777777778 0.04375
14 0.23402777777777778 0.7103515625 0.11666666666666667 0.033203125
5 0.1 0.798046875 0.07777777777777778 0.04375
14 0.24027777777777778 0.7978515625 0.12916666666666668 0.033203125
5 0.9524305555555556 0.914453125 0.08541666666666667 0.034375
5 0.07430555555555556 0.893359375 0.10972222222222222 0.06171875
14 0.5256944444444445 0.893359375 0.7680555555555556 0.06796875
14 0.26493055555555556 0.0708984375 0.1798611111111111 0.036328125
4 0.06805555555555555 0.07109375 0.1361111111111111 0.0765625
