5 0.0 0.0984375 0.0 0.0
14 0.0 0.0984375 0.0 0.0
14 0.5 0.0939453125 1.0 -0.008984375
14 0.4878472222222222 0.106640625 0.9756944444444444 0.01640625
14 0.9878472222222222 0.10546875 0.024305555555555556 0.0140625
14 0.9 0.13046875 0.2 0.03125
14 0.4 0.129296875 0.8 0.03359375
5 0.9583333333333334 0.091796875 0.04861111111111111 -0.01328125
14 0.5 0.1654296875 1.0 0.037109375
14 0.4878472222222222 0.1966796875 0.9756944444444444 0.025390625
14 0.9878472222222222 0.1955078125 0.024305555555555556 0.023046875
14 0.9 0.225 0.2 0.03125
14 0.4 0.223828125 0.8 0.03359375
5 0.9583333333333334 0.166015625 0.04861111111111111 0.02734375
14 0.5 0.273828125 1.0 0.06484375
14 0.4878472222222222 0.3189453125 0.9756944444444444 0.025390625
14 0.9878472222222222 0.3177734375 0.024305555555555556 0.023046875
14 0.9 0.347265625 0.2 0.03125
14 0.4 0.34609375 0.8 0.03359375
5 0.9583333333333334 0.260546875 0.04861111111111111 0.02734375
14 0.5 0.3822265625 1.0 0.037109375
14 0.4878472222222222 0.4134765625 0.9756944444444444 0.025390625
14 0.9878472222222222 0.4123046875 0.024305555555555556 0.023046875
14 0.9 0.441796875 0.2 0.03125
14 0.4 0.440625 0.8 0.03359375
5 0.9583333333333334 0.3828125 0.04861111111111111 0.02734375
14 0.5 0.490625 1.0 0.06484375
14 0.4878472222222222 0.5357421875 0.9756944444444444 0.025390625
14 0.9878472222222222 0.5345703125 0.024305555555555556 0.023046875
14 0.9 0.5640625 0.2 0.03125
14 0.4 0.562890625 0.8 0.03359375
5 0.9583333333333334 0.47734375 0.04861111111111111 0.02734375
14 0.5 0.612890625 1.0 0.06484375
14 0.4878472222222222 0.6580078125 0.9756944444444444 0.025390625
14 0.9878472222222222 0.6568359375 0.024305555555555556 0.023046875
14 0.9 0.686328125 0.2 0.03125
14 0.4 0.68515625 0.8 0.03359375
5 0.9583333333333334 0.599609375 0.04861111111111111 0.02734375
14 0.5 0.7212890625 1.0 0.037109375
14 0.4878472222222222 0.7525390625 0.9756944444444444 0.025390625
14 0.9878472222222222 0.7513671875 0.024305555555555556 0.023046875
14 0.9 0.780859375 0.2 0.03125
14 0.4 0.7796875 0.8 0.03359375
5 0.9583333333333334 0.721875 0.04861111111111111 0.02734375
14 0.5 0.8158203125 1.0 0.037109375
14 0.4878472222222222 0.8470703125 0.9756944444444444 0.025390625
14 0.9878472222222222 0.8458984375 0.024305555555555556 0.023046875
14 0.9 0.862109375 0.2 0.0046875
14 0.4 0.8609375 0.8 0.00703125
5 0.9583333333333334 0.81640625 0.04861111111111111 0.02734375
0 0.4305555555555556 0.8994140625 0.8611111111111112 0.069921875
4 0.9305555555555556 0.8994140625 0.1388888888888889 0.069921875
5 0.019444444444444445 0.065625 0.03888888888888889 0.021875
5 0.06631944444444444 0.065625 0.07291666666666667 0.03984375
14 0.275 0.0654296875 0.325 0.033203125
0 0.9319444444444445 0.065625 0.1361111111111111 0.065625
