5 0.14375 0.164453125 0.03888888888888889 0.021875
14 0.5388888888888889 0.1611328125 0.7222222222222222 0.023828125
5 0.15833333333333333 0.203125 0.06805555555555555 0.03828125
14 0.40694444444444444 0.192578125 0.38055555555555554 0.02578125
14 0.5461805555555556 0.216015625 0.6590277777777778 0.02109375
5 0.20104166666666667 0.2525390625 0.08263888888888889 0.046484375
5 0.403125 0.2525390625 0.08263888888888889 0.046484375
5 0.6052083333333333 0.2525390625 0.08263888888888889 0.046484375
5 0.8586805555555556 0.2525390625 0.08263888888888889 0.046484375
5 0.14375 0.309765625 0.03888888888888889 0.021875
14 0.5 0.305078125 0.6736111111111112 0.02578125
14 0.5 0.3271484375 0.6736111111111112 0.018359375
5 0.85625 0.309765625 0.03888888888888889 0.021875
5 0.14375 0.35390625 0.03888888888888889 0.021875
14 0.5 0.34921875 0.6736111111111112 0.02578125
14 0.5 0.3712890625 0.6736111111111112 0.018359375
5 0.85625 0.35390625 0.03888888888888889 0.021875
5 0.14375 0.390234375 0.03888888888888889 0.01953125
14 0.5 0.393359375 0.6736111111111112 0.02578125
5 0.85625 0.390234375 0.03888888888888889 0.01953125
5 0.14375 0.41640625 0.03888888888888889 0.01953125
14 0.5 0.41953125 0.6736111111111112 0.02578125
5 0.85625 0.41640625 0.03888888888888889 0.01953125
5 0.14375 0.442578125 0.03888888888888889 0.01953125
14 0.5 0.445703125 0.6736111111111112 0.02578125
5 0.85625 0.442578125 0.03888888888888889 0.01953125
5 0.14375 0.46875 0.03888888888888889 0.01953125
14 0.5 0.471875 0.6736111111111112 0.02578125
5 0.85625 0.46875 0.03888888888888889 0.01953125
5 0.14375 0.502734375 0.03888888888888889 0.021875
14 0.5 0.498046875 0.6736111111111112 0.02578125
14 0.5 0.5201171875 0.6736111111111112 0.018359375
5 0.85625 0.502734375 0.03888888888888889 0.021875
5 0.14375 0.5390625 0.03888888888888889 0.01953125
14 0.5 0.5421875 0.6736111111111112 0.02578125
5 0.85625 0.5390625 0.03888888888888889 0.01953125
5 0.14375 0.565234375 0.03888888888888889 0.01953125
14 0.5 0.568359375 0.6736111111111112 0.02578125
5 0.85625 0.565234375 0.03888888888888889 0.01953125
5 0.14375 0.59140625 0.03888888888888889 0.01953125
14 0.5 0.59453125 0.6736111111111112 0.02578125
5 0.85625 0.59140625 0.03888888888888889 0.01953125
5 0.14375 0.625390625 0.03888888888888889 0.021875
14 0.5 0.620703125 0.6736111111111112 0.02578125
14 0.5 0.6427734375 0.6736111111111112 0.018359375
5 0.85625 0.625390625 0.03888888888888889 0.021875
5 0.14375 0.66171875 0.03888888888888889 0.01953125
14 0.5 0.66484375 0.6736111111111112 0.02578125
5 0.85625 0.66171875 0.03888888888888889 0.01953125
5 0.14375 0.695703125 0.03888888888888889 0.021875
14 0.5 0.691015625 0.6736111111111112 0.02578125
14 0.5 0.7130859375 0.6736111111111112 0.018359375
5 0.85625 0.695703125 0.03888888888888889 0.021875
5 0.14375 0.73984375 0.03888888888888889 0.021875
14 0.5 0.73515625 0.6736111111111112 0.02578125
14 0.5 0.7572265625 0.6736111111111112 0.018359375
5 0.85625 0.73984375 0.03888888888888889 0.021875
5 0.14375 0.776171875 0.03888888888888889 0.01953125
14 0.5 0.779296875 0.6736111111111112 0.02578125
5 0.85625 0.776171875 0.03888888888888889 0.01953125
5 0.14375 0.81015625 0.03888888888888889 0.021875
14 0.5 0.80546875 0.6736111111111112 0.02578125
14 0.5 0.8275390625 0.6736111111111112 0.018359375
5 0.85625 0.81015625 0.03888888888888889 0.021875
5 0.1 0.14921875 0.0 0.0
5 0.1 0.14921875 0.0 0.0
5 0.1 0.14921875 0.0 0.0
5 0.1 0.14921875 0.0 0.0
14 0.1 0.14921875 0.0 0.0
14 0.1 0.14921875 0.0 0.0
5 0.1 0.14921875 0.0 0.0
14 0.1 0.14921875 0.0 0.0
