14 0.25381944444444443 0.0708984375 0.21597222222222223 0.036328125
4 0.06805555555555555 0.07109375 0.1361111111111111 0.0765625
14 0.25 0.1421875 0.1763888888888889 0.02578125
14 0.75 0.1421875 0.08333333333333333 0.02578125
5 0.03888888888888889 0.175 0.0 0.0
14 0.03888888888888889 0.175 0.0 0.0
5 0.03888888888888889 0.175 0.0 0.0
14 0.03888888888888889 0.175 0.0 0.0
5 0.03888888888888889 0.175 0.0 0.0
14 0.03888888888888889 0.175 0.0 0.0
14 0.03888888888888889 0.175 0.0 0.0
5 0.03888888888888889 0.175 0.0 0.0
14 0.03888888888888889 0.175 0.0 0.0
5 0.4996527777777778 0.295703125 0.3548611111111111 0.159375
14 0.5 0.424609375 0.6180555555555556 0.04375
14 0.5 0.487890625 0.8541666666666666 0.05546875
5 0.0 0.175 0.0 0.0
14 0.0 0.175 0.0 0.0
14 0.0 0.175 0.0 0.0
14 0.0 0.175 0.0 0.0
5 1.0 0.175 0.0 0.0
14 1.0 0.175 0.0 0.0
14 1.0 0.175 0.0 0.0
0 0.8930555555555556 0.87421875 0.1361111111111111 0.0765625
14 0.3888888888888889 0.02265625 0.7777777777777778 0.0453125
14 0.3888888888888889 0.078125 0.7 0.065625
14 0.3888888888888889 0.14375 0.7 0.065625
14 0.3888888888888889 0.209375 0.7 0.065625
14 0.3888888888888889 0.275 0.7 0.065625
14 0.3888888888888889 0.340625 0.7 0.065625
14 0.3888888888888889 0.40625 0.7 0.065625
14 0.3888888888888889 0.484375 0.7777777777777778 0.065625
14 0.3888888888888889 0.55 0.7 0.065625
14 0.3888888888888889 0.628125 0.7777777777777778 0.065625
14 0.3888888888888889 0.69375 0.7 0.065625
14 0.3888888888888889 0.759375 0.7 0.065625
14 0.3888888888888889 0.825 0.7 0.065625
14 0.3888888888888889 0.890625 0.7 0.065625
