13 0.0 0.417578125 0.0 0.5625
5 0.0 0.844140625 0.0 0.13671875
13 0.4996527777777778 0.6568359375 0.30625 0.172265625
5 0.8611111111111112 0.844140625 0.2 0.13671875
5 0.1388888888888889 0.844140625 0.2 0.13671875
14 0.4996527777777778 0.301953125 0.42569444444444443 0.34140625
14 0.4996527777777778 0.4916015625 0.31319444444444444 0.037890625
14 0.5 0.5365234375 0.2652777777777778 0.046484375
14 0.05555555555555555 0.7 0.03333333333333333 0.0171875
14 0.5166666666666667 0.7068359375 0.8888888888888888 0.030859375
14 0.05555555555555555 0.730859375 0.03333333333333333 0.0171875
14 0.5166666666666667 0.737890625 0.8888888888888888 0.03125
13 1.0 0.417578125 0.0 0.59453125
5 1.0 0.844140625 0.0 0.13671875
14 0.3489583333333333 0.0708984375 0.34791666666666665 0.036328125
4 0.06805555555555555 0.07109375 0.1361111111111111 0.0765625
