14 0.25 0.138671875 0.5 0.05859375
14 0.75 0.138671875 0.5 0.05859375
4 0.058333333333333334 0.07109375 0.11666666666666667 0.0765625
4 0.9416666666666667 0.07109375 0.11666666666666667 0.0765625
3 0.11666666666666667 0.04375 0.0 0.0
14 0.5 0.07109375 0.7666666666666667 0.0546875
6 0.5 0.1072265625 1.0 0.004296875
14 0.0 0.1001953125 0.0 0.036328125
5 0.5 0.1447265625 1.0 -0.046484375
5 0.07777777777777778 0.1775390625 0.07777777777777778 0.019140625
14 0.5680555555555555 0.1740234375 0.825 0.012109375
5 0.5 0.340625 1.0 0.240625
5 0.9416666666666667 0.2462890625 0.07777777777777778 0.030078125
14 0.7986111111111112 0.2462890625 0.16944444444444445 0.030078125
5 0.07777777777777778 0.5046875 0.07777777777777778 0.04375
14 0.5680555555555555 0.5046875 0.825 0.0296875
5 0.5 0.680078125 1.0 0.240625
5 0.9416666666666667 0.5857421875 0.07777777777777778 0.030078125
14 0.7760416666666666 0.5857421875 0.21458333333333332 0.030078125
5 0.07777777777777778 0.844140625 0.07777777777777778 0.04375
14 0.5680555555555555 0.844140625 0.825 0.05546875
5 0.5 0.916796875 1.0 0.03515625
5 0.9416666666666667 0.922265625 0.07777777777777778 0.02421875
14 0.7760416666666666 0.922265625 0.21458333333333332 0.02421875
5 0.0 0.28828125 0.0 0.240625
5 0.5 0.323046875 0.09722222222222222 0.0546875
14 0.4996527777777778 0.380859375 0.28680555555555554 0.0390625
14 0.4996527777777778 0.4546875 0.4798611111111111 0.08125
