14 0.34305555555555556 0.073828125 0.26944444444444443 0.02890625
4 0.5409722222222222 0.073828125 0.04861111111111111 0.02734375
4 0.06805555555555555 0.07109375 0.1361111111111111 0.0765625
14 0.39895833333333336 0.1517578125 0.7395833333333334 0.019140625
14 0.8697916666666666 0.1515625 0.20208333333333334 0.01875
5 0.5 0.331640625 1.0 0.3078125
14 0.5 0.3314453125 0.9027777777777778 0.035546875
14 0.403125 0.36015625 0.15208333333333332 0.021875
5 0.5086805555555556 0.3599609375 0.034027777777777775 0.020703125
14 0.6055555555555555 0.36015625 0.13472222222222222 0.021875
5 0.5 0.639453125 1.0 0.3078125
14 0.5 0.6392578125 0.9027777777777778 0.035546875
14 0.4392361111111111 0.66796875 0.15208333333333332 0.021875
5 0.5447916666666667 0.6677734375 0.034027777777777775 0.020703125
14 0.6055555555555555 0.66796875 0.0625 0.021875
5 0.5 0.8228515625 1.0 0.058984375
14 0.5 0.8908203125 0.9027777777777778 -0.076953125
14 0.396875 0.90859375 0.15208333333333332 -0.1125
5 0.5024305555555556 0.9087890625 0.034027777777777775 -0.112890625
14 0.6052083333333333 0.90859375 0.14652777777777778 -0.1125
14 0.0 0.11484375 0.0 0.0
14 0.0 0.11484375 0.0 0.0
0 0.0 0.11484375 0.0 0.0
6 0.5 0.48359375 0.11666666666666667 0.065625
5 0.0 0.331640625 0.0 0.3078125
5 0.0 0.639453125 0.0 0.3078125
5 0.0 0.8228515625 0.0 0.058984375
5 0.16631944444444444 0.8810546875 0.04375 0.024609375
14 0.16631944444444444 0.9111328125 0.11458333333333333 0.013671875
5 0.4996527777777778 0.8810546875 0.04375 0.024609375
14 0.5 0.9111328125 0.05555555555555555 0.013671875
5 0.8329861111111111 0.8810546875 0.04375 0.024609375
14 0.8333333333333334 0.9111328125 0.05138888888888889 0.013671875
14 0.3159722222222222 0.1474609375 0.5541666666666667 0.024609375
14 0.3159722222222222 0.2140625 0.5541666666666667 0.02734375
14 0.3159722222222222 0.28046875 0.5541666666666667 0.02734375
14 0.3159722222222222 0.346875 0.5541666666666667 0.02734375
14 0.3159722222222222 0.41328125 0.5541666666666667 0.02734375
14 0.3159722222222222 0.4796875 0.5541666666666667 0.02734375
14 0.3159722222222222 0.54609375 0.5541666666666667 0.02734375
14 0.3159722222222222 0.6125 0.5541666666666667 0.02734375
6 0.0 0.11484375 0.0 0.0
