14 0.21944444444444444 0.07109375 0.16666666666666666 0.065625
5 0.334375 0.07109375 0.034027777777777775 0.0109375
10 0.48055555555555557 0.07109375 0.6888888888888889 0.0765625
5 0.9319444444444445 0.07109375 0.1361111111111111 0.0765625
4 0.06805555555555555 0.07109375 0.1361111111111111 0.0765625
5 0.24895833333333334 0.2958984375 0.4979166666666667 0.373046875
5 0.24895833333333334 0.295703125 0.2798611111111111 0.1421875
5 0.03159722222222222 0.5001953125 0.04375 0.024609375
14 0.1857638888888889 0.50078125 0.24513888888888888 0.02578125
14 0.1 0.5248046875 0.16111111111111112 0.024609375
5 0.37222222222222223 0.524609375 0.029166666666666667 0.01640625
14 0.4048611111111111 0.5248046875 0.016666666666666666 0.022265625
5 0.44722222222222224 0.524609375 0.029166666666666667 0.01640625
14 0.4798611111111111 0.5248046875 0.016666666666666666 0.022265625
5 0.7489583333333333 0.2958984375 0.4979166666666667 0.373046875
5 0.7489583333333333 0.295703125 0.2798611111111111 0.1421875
5 0.5315972222222223 0.5001953125 0.04375 0.024609375
14 0.6857638888888888 0.50078125 0.24513888888888888 0.02578125
14 0.6 0.5248046875 0.16111111111111112 0.024609375
5 0.8722222222222222 0.524609375 0.029166666666666667 0.01640625
14 0.9048611111111111 0.5248046875 0.016666666666666666 0.022265625
5 0.9472222222222222 0.524609375 0.029166666666666667 0.01640625
14 0.9798611111111111 0.5248046875 0.016666666666666666 0.022265625
5 0.24895833333333334 0.7345703125 0.4979166666666667 0.373046875
5 0.24895833333333334 0.734375 0.2798611111111111 0.1421875
5 0.03159722222222222 0.93046875 0.04375 0.0078125
14 0.11840277777777777 0.93046875 0.11041666666666666 0.0078125
14 0.1 0.9427734375 0.16111111111111112 -0.016796875
5 0.35555555555555557 0.9447265625 0.029166666666666667 -0.020703125
14 0.38819444444444445 0.943359375 0.016666666666666666 -0.01796875
5 0.4305555555555556 0.9447265625 0.029166666666666667 -0.020703125
14 0.47152777777777777 0.943359375 0.03333333333333333 -0.01796875
5 0.7489583333333333 0.7345703125 0.4979166666666667 0.373046875
5 0.7489583333333333 0.734375 0.2798611111111111 0.1421875
5 0.5315972222222223 0.93046875 0.04375 0.0078125
14 0.6489583333333333 0.93046875 0.17152777777777778 0.0078125
14 0.6083333333333333 0.9427734375 0.17777777777777778 -0.016796875
5 0.8555555555555555 0.9447265625 0.029166666666666667 -0.020703125
14 0.8881944444444444 0.943359375 0.016666666666666666 -0.01796875
5 0.9305555555555556 0.9447265625 0.029166666666666667 -0.020703125
14 0.9715277777777778 0.943359375 0.03333333333333333 -0.01796875
5 0.24895833333333334 0.960546875 0.4979166666666667 -0.05234375
5 0.7489583333333333 0.960546875 0.4979166666666667 -0.05234375
5 0.4951388888888889 0.175 0.03888888888888889 0.021875
14 0.5243055555555556 0.175 0.0 0.04375
5 0.5 0.9234375 0.10694444444444444 0.021875
5 0.0 0.48359375 0.0 0.9015625
14 0.0 0.25625 0.0 0.02578125
14 0.0 0.331640625 0.0 0.02578125
14 0.0 0.40703125 0.0 0.02578125
14 0.0 0.482421875 0.0 0.02578125
14 0.0 0.5578125 0.0 0.02578125
14 0.0 0.708984375 0.0 0.02578125
14 0.0 0.784375 0.0 0.02578125
