14 0.16354166666666667 0.153125 0.32708333333333334 0.0875
3 0.5 0.249609375 0.8833333333333333 0.06171875
3 0.058333333333333334 0.21875 0.0 0.0
14 0.058333333333333334 0.21875 0.0 0.0
0 0.058333333333333334 0.21875 0.0 0.0
0 0.058333333333333334 0.21875 0.0 0.0
14 0.058333333333333334 0.21875 0.0 0.0
14 0.058333333333333334 0.21875 0.0 0.0
14 0.058333333333333334 0.21875 0.0 0.0
14 0.058333333333333334 0.21875 0.0 0.0
14 0.1892361111111111 0.8904296875 0.3590277777777778 0.076953125
14 0.8572916666666667 0.8904296875 0.2659722222222222 0.076953125
14 0.19652777777777777 0.0708984375 0.31527777777777777 0.036328125
