5 0.25763888888888886 0.07109375 0.16527777777777777 0.0328125
4 0.06805555555555555 0.07109375 0.1361111111111111 0.0765625
5 0.7958333333333333 0.07109375 0.058333333333333334 0.0328125
5 0.9319444444444445 0.07109375 0.058333333333333334 0.0328125
14 0.9597222222222223 0.05546875 0.041666666666666664 0.0234375
14 0.0 0.0328125 0.0 0.0
5 0.5 0.2671875 1.0 0.315625
14 0.909375 0.4056640625 0.18125 0.038671875
14 0.16284722222222223 0.39765625 0.32569444444444445 0.0328125
5 0.5 0.5765625 0.2625 0.09453125
14 0.4996527777777778 0.670703125 0.4826388888888889 0.071875
0 0.8805555555555555 0.672265625 0.16111111111111112 0.09609375
0 0.8805555555555555 0.768359375 0.16111111111111112 0.09609375
0 0.8805555555555555 0.864453125 0.16111111111111112 0.09609375
5 0.8805555555555555 0.864453125 0.08194444444444444 0.04609375
5 0.0 0.107421875 0.0 0.21484375
