14 0.20173611111111112 0.149609375 0.2520833333333333 0.03359375
14 0.25277777777777777 0.253125 0.3541666666666667 0.03359375
14 0.478125 0.3568359375 0.8048611111111111 0.102734375
5 0.9072916666666667 0.3568359375 0.034027777777777775 0.102734375
14 0.2642361111111111 0.46015625 0.3770833333333333 0.03359375
14 0.2590277777777778 0.563671875 0.36666666666666664 0.03359375
14 0.17118055555555556 0.6671875 0.1909722222222222 0.03359375
14 0.13506944444444444 0.770703125 0.11875 0.03359375
14 0.12152777777777778 0.87421875 0.09166666666666666 0.03359375
14 0.2326388888888889 0.94140625 0.3138888888888889 -0.0140625
14 0.39166666666666666 0.958203125 0.6319444444444444 -0.04765625
1 0.9024305555555555 0.93046875 0.04375 0.0078125
0 0.0 0.0984375 0.0 0.0
0 0.0 0.0984375 0.0 0.0
5 0.06875 0.065625 0.07777777777777778 0.04375
14 0.2878472222222222 0.0654296875 0.34097222222222223 0.033203125
