5 0.05347222222222222 0.144921875 0.07777777777777778 0.04375
5 0.9416666666666667 0.144921875 0.09722222222222222 0.06015625
14 0.49409722222222224 0.144921875 0.7881944444444444 0.0296875
14 0.31875 0.18359375 0.4375 0.02578125
14 0.08229166666666667 0.2318359375 0.08680555555555555 0.022265625
12 0.9138888888888889 0.2330078125 0.1527777777777778 0.037890625
5 0.17916666666666667 0.23203125 0.06805555555555555 0.03828125
14 0.33611111111111114 0.2326171875 0.24583333333333332 0.023828125
14 0.0 0.2046875 0.0 0.0
14 0.0 0.2046875 0.0 0.0
5 0.0 0.2046875 0.0 0.0
14 0.0 0.2046875 0.0 0.0
14 0.0 0.2046875 0.0 0.0
14 0.0 0.2046875 0.0 0.0
14 0.0 0.271875 0.0 0.0
14 0.0 0.271875 0.0 0.0
5 0.0 0.271875 0.0 0.0
14 0.0 0.271875 0.0 0.0
14 0.0 0.271875 0.0 0.0
0 0.0 0.271875 0.0 0.0
4 0.07777777777777778 0.07109375 0.1361111111111111 0.04375
0 0.9392361111111112 0.07109375 0.10208333333333333 0.065625
14 0.7038194444444444 0.8001953125 0.20347222222222222 0.057421875
14 0.7298611111111111 0.8876953125 0.15138888888888888 0.057421875
