5 0.03298611111111111 0.1572265625 0.03680555555555556 0.020703125
14 0.5232638888888889 0.1572265625 0.9243055555555556 0.035546875
5 0.03298611111111111 0.1935546875 0.03680555555555556 0.020703125
14 0.5232638888888889 0.1935546875 0.9243055555555556 0.035546875
5 0.03298611111111111 0.2298828125 0.03680555555555556 0.020703125
14 0.5232638888888889 0.2298828125 0.9243055555555556 0.035546875
5 0.5 0.52109375 1.0 0.5453125
14 0.5 0.6951171875 1.0 0.045703125
14 0.07708333333333334 0.7271484375 0.15416666666666667 0.018359375
14 0.13541666666666666 0.76328125 0.10555555555555556 0.0296875
5 0.24409722222222222 0.7634765625 0.07291666666666667 0.041015625
14 0.3267361111111111 0.7634765625 0.09236111111111112 0.033203125
5 0.24861111111111112 0.850390625 0.49722222222222223 0.1078125
5 0.7510416666666667 0.850390625 0.4979166666666667 0.1078125
14 0.5 0.4603515625 0.5361111111111111 0.058984375
5 0.040625 0.1193359375 0.04375 0.024609375
14 0.1482638888888889 0.1193359375 0.17152777777777778 0.041796875
5 0.2947916666666667 0.1193359375 0.04375 0.024609375
14 0.4076388888888889 0.1193359375 0.18194444444444444 0.041796875
5 0.559375 0.1193359375 0.04375 0.024609375
14 0.6840277777777778 0.1193359375 0.20555555555555555 0.041796875
5 0.8475694444444445 0.1193359375 0.04375 0.024609375
14 0.925 0.1193359375 0.1111111111111111 0.041796875
14 0.5034722222222222 0.9193359375 0.3125 0.022265625
5 0.6805555555555556 0.919140625 0.0125 0.0109375
5 0.058333333333333334 0.065625 0.07777777777777778 0.04375
14 0.5 0.065625 0.2 0.04140625
5 0.9489583333333333 0.06015625 0.06319444444444444 0.034375
14 0.9489583333333333 0.0841796875 0.06319444444444444 0.018359375
5 0.9173611111111111 0.8578125 0.10694444444444444 0.06015625
5 0.9173611111111111 0.8578125 0.04861111111111111 0.03984375
0 0.9173611111111111 0.8578125 0.10694444444444444 0.06015625
5 0.5 0.789453125 1.0 0.28984375
5 0.9295138888888889 0.6759765625 0.07291666666666667 0.041015625
14 0.2881944444444444 0.678515625 0.37222222222222223 0.02578125
5 0.12395833333333334 0.794921875 0.18958333333333333 0.1640625
5 0.06805555555555555 0.740234375 0.09722222222222222 0.0546875
14 0.11909722222222222 0.89765625 0.19930555555555557 0.04140625
5 0.3329861111111111 0.794921875 0.18958333333333333 0.1640625
5 0.27708333333333335 0.740234375 0.09722222222222222 0.0546875
14 0.328125 0.89765625 0.19930555555555557 0.04140625
5 0.5420138888888889 0.794921875 0.18958333333333333 0.1640625
5 0.4861111111111111 0.740234375 0.09722222222222222 0.0546875
14 0.5371527777777778 0.89765625 0.19930555555555557 0.04140625
5 0.7510416666666667 0.794921875 0.18958333333333333 0.1640625
5 0.6951388888888889 0.740234375 0.09722222222222222 0.0546875
14 0.7461805555555555 0.89765625 0.19930555555555557 0.04140625
5 0.9326388888888889 0.794921875 0.13472222222222222 0.1640625
5 0.9041666666666667 0.740234375 0.09722222222222222 0.0546875
14 0.9277777777777778 0.89765625 0.14444444444444443 0.04140625
