14 0.22708333333333333 0.0708984375 0.1625 0.036328125
4 0.06805555555555555 0.07109375 0.1361111111111111 0.0765625
3 0.5 0.1751953125 0.9222222222222223 0.058203125
3 0.5 0.2482421875 0.9222222222222223 0.058203125
3 0.5 0.3212890625 0.9222222222222223 0.058203125
14 0.5 0.3724609375 0.9222222222222223 0.022265625
14 0.5 0.405859375 0.9222222222222223 0.065625
10 0.5 0.405859375 0.9222222222222223 0.065625
14 0.5 0.4607421875 0.9222222222222223 0.022265625
14 0.5 0.494140625 0.9222222222222223 0.065625
10 0.5 0.494140625 0.9222222222222223 0.065625
0 0.8930555555555556 0.9015625 0.21388888888888888 0.065625
