4 0.06805555555555555 0.07109375 0.1361111111111111 0.0765625
5 0.5 0.07109375 0.3888888888888889 0.06015625
5 0.9465277777777777 0.07109375 0.0 0.0
5 0.9465277777777777 0.07109375 0.07777777777777778 0.04375
0 0.9465277777777777 0.07109375 0.10694444444444444 0.06015625
5 0.8541666666666666 0.07109375 0.07777777777777778 0.04375
5 0.5 0.2734375 1.0 0.328125
14 0.4996527777777778 0.22109375 0.26180555555555557 0.04296875
14 0.22569444444444445 0.2673828125 0.3541666666666667 0.022265625
14 0.9135416666666667 0.2673828125 0.07569444444444444 0.022265625
14 0.14756944444444445 0.3033203125 0.19791666666666666 0.022265625
14 0.9083333333333333 0.3033203125 0.08611111111111111 0.022265625
14 0.0 0.109375 0.0 0.0
14 0.0 0.109375 0.0 0.0
14 0.0 0.109375 0.0 0.0
14 0.125 0.4701171875 0.10277777777777777 0.022265625
14 0.375 0.4701171875 0.14027777777777778 0.022265625
14 0.6246527777777777 0.4701171875 0.12013888888888889 0.022265625
14 0.8746527777777777 0.4701171875 0.14375 0.022265625
5 0.5 0.6228515625 0.9861111111111112 0.226171875
14 0.5 0.7677734375 0.9375 0.036328125
14 0.13576388888888888 0.8080078125 0.20902777777777778 0.022265625
5 0.9295138888888889 0.8080078125 0.07847222222222222 0.044140625
5 0.5 0.6228515625 0.9861111111111112 0.226171875
5 0.5 0.894140625 0.9861111111111112 0.08046875
5 0.5 0.894140625 0.9861111111111112 0.08046875
5 0.07291666666666667 0.551171875 0.0875 0.04921875
14 0.27743055555555557 0.533984375 0.2826388888888889 0.0296875
14 0.5555555555555556 0.53515625 0.27361111111111114 0.02578125
14 0.7256944444444444 0.53515625 0.06666666666666667 0.02578125
5 0.9513888888888888 0.53515625 0.03888888888888889 0.01796875
5 0.17881944444444445 0.806640625 0.06597222222222222 0.021875
14 0.5534722222222223 0.881640625 0.8347222222222223 0.10546875
4 0.16006944444444443 0.9392578125 0.10486111111111111 -0.009765625
4 0.3607638888888889 0.9392578125 0.10208333333333333 -0.009765625
5 0.0 0.109375 0.0 0.0
5 0.0 0.109375 0.0 0.0
14 0.0 0.109375 0.0 0.0
14 0.0 0.109375 0.0 0.0
14 0.0 0.109375 0.0 0.0
14 0.0 0.109375 0.0 0.0
14 0.0 0.109375 0.0 0.0
14 0.0 0.109375 0.0 0.0
14 0.0 0.109375 0.0 0.0
14 0.0 0.109375 0.0 0.0
14 0.0 0.109375 0.0 0.0
14 0.0 0.109375 0.0 0.0
14 0.0 0.109375 0.0 0.0
14 0.0 0.109375 0.0 0.0
14 0.0 0.109375 0.0 0.0
5 0.5 0.8904296875 1.0 0.087890625
0 0.03888888888888889 0.84375 0.07777777777777778 0.04375
0 0.0 0.109375 0.0 0.0
10 0.0 0.109375 0.0 0.0
5 0.0 0.109375 0.0 0.0
5 0.0 0.109375 0.0 0.0
14 0.0 0.109375 0.0 0.0
14 0.0 0.109375 0.0 0.0
14 0.0 0.0328125 0.0 0.0
0 0.0 0.0328125 0.0 0.0
