14 0.5 0.121484375 0.9513888888888888 0.04609375
3 0.5 0.17109375 0.9513888888888888 0.053125
14 0.5 0.242578125 0.9513888888888888 0.04609375
14 0.5 0.28046875 0.9513888888888888 0.0296875
14 0.5 0.28046875 0.9513888888888888 0.0296875
9 0.5 0.3171875 0.9513888888888888 0.04375
9 0.5 0.30234375 0.9513888888888888 0.0734375
14 0.5 0.35390625 0.9513888888888888 0.0296875
14 0.5 0.35390625 0.9513888888888888 0.0296875
14 0.5 0.413671875 0.9513888888888888 0.04609375
14 0.2965277777777778 0.464453125 0.4861111111111111 0.05546875
1 0.9368055555555556 0.45859375 0.07777777777777778 0.04375
1 0.5 0.464453125 0.9513888888888888 0.05546875
14 0.2965277777777778 0.519921875 0.4861111111111111 0.05546875
1 0.9368055555555556 0.5140625 0.07777777777777778 0.04375
1 0.5 0.519921875 0.9513888888888888 0.05546875
14 0.2965277777777778 0.575390625 0.4861111111111111 0.05546875
1 0.9368055555555556 0.56953125 0.07777777777777778 0.04375
1 0.5 0.575390625 0.9513888888888888 0.05546875
14 0.2965277777777778 0.630859375 0.4861111111111111 0.05546875
1 0.9368055555555556 0.625 0.07777777777777778 0.04375
1 0.5 0.630859375 0.9513888888888888 0.05546875
14 0.2965277777777778 0.69921875 0.4861111111111111 0.08125
1 0.9368055555555556 0.68046875 0.07777777777777778 0.04375
1 0.5 0.69921875 0.9513888888888888 0.08125
14 0.2965277777777778 0.767578125 0.4861111111111111 0.05546875
1 0.9368055555555556 0.76171875 0.07777777777777778 0.04375
1 0.5 0.767578125 0.9513888888888888 0.05546875
14 0.2965277777777778 0.823046875 0.4861111111111111 0.05546875
1 0.9368055555555556 0.8171875 0.07777777777777778 0.04375
1 0.5 0.823046875 0.9513888888888888 0.05546875
14 0.2965277777777778 0.8515625 0.4861111111111111 0.0015625
1 0.9368055555555556 0.8515625 0.07777777777777778 0.0015625
1 0.5 0.8515625 0.9513888888888888 0.0015625
0 0.5 0.89609375 0.9708333333333333 0.065625
5 0.019444444444444445 0.065625 0.03888888888888889 0.021875
5 0.06875 0.065625 0.07777777777777778 0.04375
14 0.23229166666666667 0.0654296875 0.2298611111111111 0.033203125
0 0.9319444444444445 0.065625 0.1361111111111111 0.065625
