14 0.2465277777777778 0.0708984375 0.2013888888888889 0.033203125
4 0.06805555555555555 0.07109375 0.1361111111111111 0.0765625
14 0.24965277777777778 0.1421875 0.2048611111111111 0.02578125
14 0.7496527777777777 0.1421875 0.12708333333333333 0.02578125
14 0.4996527777777778 0.5546875 0.26319444444444445 0.0296875
5 0.0 0.109375 0.0 0.0
14 0.0 0.109375 0.0 0.0
14 0.0 0.109375 0.0 0.0
0 0.0 0.109375 0.0 0.0
4 0.0 0.109375 0.0 0.0
14 0.0 0.5875 0.0 0.06171875
14 0.0 0.64921875 0.0 0.06171875
14 0.21458333333333332 0.5775390625 0.22916666666666666 0.051171875
14 0.5 0.655859375 0.8 0.10546875
0 0.21666666666666667 0.75234375 0.23333333333333334 0.065625
