5 0.059027777777777776 0.07109375 0.09861111111111111 0.04375
5 0.4996527777777778 0.0708984375 0.41597222222222224 0.030859375
5 0.9409722222222222 0.07109375 0.09861111111111111 0.04375
14 0.16979166666666667 0.1484375 0.32013888888888886 0.07109375
14 0.4996527777777778 0.1484375 0.32013888888888886 0.07109375
14 0.8295138888888889 0.1484375 0.32013888888888886 0.07109375
5 0.24965277777777778 0.29296875 0.37430555555555556 0.19140625
14 0.24965277777777778 0.424609375 0.36875 0.06640625
5 0.7496527777777777 0.29296875 0.37430555555555556 0.19140625
14 0.7496527777777777 0.424609375 0.36875 0.06640625
5 0.24965277777777778 0.567578125 0.37430555555555556 0.19140625
14 0.24965277777777778 0.69921875 0.36875 0.06640625
5 0.7496527777777777 0.567578125 0.37430555555555556 0.19140625
14 0.7496527777777777 0.69921875 0.36875 0.06640625
5 0.5 0.9001953125 1.0 0.068359375
14 0.24965277777777778 0.9033203125 0.36875 -0.074609375
5 0.7496527777777777 0.80625 0.37430555555555556 0.11953125
14 0.7496527777777777 0.9033203125 0.36875 -0.074609375
5 0.25 0.2998046875 0.4375 0.205078125
5 0.24965277777777778 0.2998046875 0.05625 0.031640625
14 0.25 0.43828125 0.43194444444444446 0.06640625
5 0.75 0.2998046875 0.4375 0.205078125
5 0.7496527777777777 0.2998046875 0.05625 0.031640625
14 0.75 0.43828125 0.43194444444444446 0.06640625
5 0.25 0.5880859375 0.4375 0.205078125
5 0.24965277777777778 0.5880859375 0.05625 0.031640625
14 0.25 0.7265625 0.43194444444444446 0.06640625
5 0.75 0.5880859375 0.4375 0.205078125
5 0.7496527777777777 0.5880859375 0.05625 0.031640625
14 0.75 0.7265625 0.43194444444444446 0.06640625
5 0.25 0.819921875 0.4375 0.0921875
5 0.24965277777777778 0.86328125 0.05625 0.00546875
14 0.25 0.923828125 0.43194444444444446 -0.115625
5 0.75 0.819921875 0.4375 0.0921875
5 0.7496527777777777 0.86328125 0.05625 0.00546875
14 0.75 0.923828125 0.43194444444444446 -0.115625
