0 0.3416666666666667 0.041015625 0.14583333333333334 0.08203125
0 0.5118055555555555 0.041015625 0.14583333333333334 0.08203125
14 0.5118055555555555 0.094921875 0.4861111111111111 0.02578125
12 0.6819444444444445 0.041015625 0.14583333333333334 0.08203125
0 0.26875 0.176171875 0.24305555555555555 0.13671875
14 0.26875 0.257421875 0.24305555555555555 0.02578125
14 0.12708333333333333 0.283203125 0.008333333333333333 0.02578125
14 0.12708333333333333 0.471484375 0.008333333333333333 0.02578125
14 0.12708333333333333 0.659765625 0.008333333333333333 0.02578125
14 0.12708333333333333 0.84375 0.008333333333333333 0.0171875
0 0.26875 0.364453125 0.24305555555555555 0.13671875
0 0.5118055555555555 0.364453125 0.24305555555555555 0.13671875
0 0.7548611111111111 0.364453125 0.24305555555555555 0.13671875
14 0.26875 0.445703125 0.24305555555555555 0.02578125
0 0.26875 0.552734375 0.24305555555555555 0.13671875
0 0.5118055555555555 0.552734375 0.24305555555555555 0.13671875
0 0.7548611111111111 0.552734375 0.24305555555555555 0.13671875
14 0.26875 0.633984375 0.24305555555555555 0.02578125
0 0.26875 0.741015625 0.24305555555555555 0.13671875
0 0.5118055555555555 0.741015625 0.24305555555555555 0.13671875
0 0.7548611111111111 0.741015625 0.24305555555555555 0.13671875
14 0.26875 0.822265625 0.24305555555555555 0.02578125
0 0.26875 0.856640625 0.24305555555555555 -0.00859375
0 0.5118055555555555 0.856640625 0.24305555555555555 -0.00859375
0 0.7548611111111111 0.856640625 0.24305555555555555 -0.00859375
14 0.26875 0.925 0.24305555555555555 -0.1453125
0 0.5118055555555555 0.176171875 0.24305555555555555 0.13671875
14 0.5118055555555555 0.257421875 0.24305555555555555 0.02578125
14 0.5118055555555555 0.445703125 0.24305555555555555 0.02578125
14 0.5118055555555555 0.633984375 0.24305555555555555 0.02578125
14 0.5118055555555555 0.822265625 0.24305555555555555 0.02578125
14 0.5118055555555555 0.925 0.24305555555555555 -0.1453125
0 0.7548611111111111 0.176171875 0.24305555555555555 0.13671875
14 0.7548611111111111 0.257421875 0.24305555555555555 0.02578125
14 0.7548611111111111 0.445703125 0.24305555555555555 0.02578125
14 0.7548611111111111 0.633984375 0.24305555555555555 0.02578125
14 0.7548611111111111 0.822265625 0.24305555555555555 0.02578125
14 0.7548611111111111 0.925 0.24305555555555555 -0.1453125
