5 0.5 0.50546875 1.0 0.8578125
0 0.25 0.9015625 0.46111111111111114 0.065625
0 0.75 0.9015625 0.46111111111111114 0.065625
14 0.5 0.1466796875 0.8444444444444444 0.027734375
14 0.5 0.1826171875 0.8444444444444444 0.022265625
3 0.5 0.25 0.8444444444444444 0.06875
14 0.5 0.34453125 0.8444444444444444 0.0296875
14 0.5 0.3814453125 0.8444444444444444 0.022265625
3 0.5 0.448828125 0.8444444444444444 0.06875
1 0.3423611111111111 0.550390625 0.5291666666666667 0.04375
0 0.4996527777777778 0.626953125 0.3229166666666667 0.065625
14 0.2760416666666667 0.0380859375 0.47430555555555554 0.036328125
