3 0.4878472222222222 0.379296875 0.9465277777777777 0.05390625
3 0.4878472222222222 0.433203125 0.9465277777777777 0.05390625
1 0.4878472222222222 0.48203125 0.9465277777777777 0.04375
0 0.014583333333333334 0.35234375 0.0 0.0
4 0.014583333333333334 0.35234375 0.0 0.0
5 0.05347222222222222 0.54765625 0.07777777777777778 0.04375
14 0.253125 0.54765625 0.27291666666666664 0.02578125
1 0.4878472222222222 0.59140625 0.9465277777777777 0.04375
0 0.24965277777777778 0.9015625 0.49930555555555556 0.065625
0 0.7503472222222223 0.9015625 0.49930555555555556 0.065625
5 0.07013888888888889 0.065625 0.08055555555555556 0.04375
14 0.32881944444444444 0.0654296875 0.4173611111111111 0.033203125
