14 0.25 0.1388671875 0.38333333333333336 0.033203125
14 0.08819444444444445 0.168359375 0.059722222222222225 0.02578125
1 0.8784722222222222 0.151953125 0.07777777777777778 0.04375
14 0.15381944444444445 0.2271484375 0.1909722222222222 0.033203125
14 0.11319444444444444 0.256640625 0.10972222222222222 0.02578125
0 0.0 0.108203125 0.0 0.0
0 0.0 0.108203125 0.0 0.0
14 0.0 0.142578125 0.0 0.06875
14 0.0 0.211328125 0.0 0.06875
14 0.0 0.280078125 0.0 0.06875
14 0.0 0.348828125 0.0 0.06875
14 0.0 0.417578125 0.0 0.06875
14 0.0 0.555859375 0.0 0.06875
14 0.0 0.624609375 0.0 0.06875
14 0.0 0.693359375 0.0 0.06875
5 0.029166666666666667 0.0703125 0.058333333333333334 0.0328125
5 0.2125 0.0705078125 0.3263888888888889 0.053515625
