14 0.3190972222222222 0.14375 0.2965277777777778 0.0546875
14 0.5 0.241796875 0.8777777777777778 0.1
14 0.06111111111111111 0.3484375 0.07361111111111111 0.06640625
14 0.4444444444444444 0.3484375 0.06111111111111111 0.034375
14 0.5305555555555556 0.3484375 0.09166666666666666 0.034375
14 0.5861111111111111 0.3484375 0.0 0.034375
14 0.9163194444444445 0.3484375 0.11875 0.06875
14 0.28923611111111114 0.78359375 0.23680555555555555 0.0546875
14 0.5 0.848828125 0.8777777777777778 0.034375
14 0.024305555555555556 0.434765625 0.0 0.0
14 0.06111111111111111 0.89375 0.07361111111111111 -0.05546875
14 0.4444444444444444 0.9017578125 0.06111111111111111 -0.071484375
14 0.5305555555555556 0.9017578125 0.09166666666666666 -0.071484375
14 0.5861111111111111 0.9017578125 0.0 -0.071484375
14 0.9163194444444445 0.8931640625 0.11875 -0.054296875
14 0.0 0.0328125 0.0 0.0
14 0.0 0.0328125 0.0 0.0
14 0.0 0.0328125 0.0 0.0
6 0.5 0.4720703125 0.11666666666666667 0.161328125
14 0.5 0.5779296875 0.16111111111111112 0.023046875
5 0.0 0.0328125 0.0 0.0
14 0.0 0.0328125 0.0 0.0
14 0.0 0.0328125 0.0 0.0
14 0.0 0.0328125 0.0 0.0
5 0.0 0.0328125 0.0 0.0
14 0.0 0.0328125 0.0 0.0
14 0.0 0.0328125 0.0 0.0
14 0.0 0.0328125 0.0 0.0
14 0.14097222222222222 0.0248046875 0.18472222222222223 -0.016015625
14 0.7152777777777778 0.0328125 0.33611111111111114 0.0
5 0.9510416666666667 0.0279296875 0.06319444444444444 -0.009765625
5 0.0 0.866015625 0.0 0.0
5 0.0 0.866015625 0.0 0.0
5 0.0 0.866015625 0.0 0.0
14 0.0 0.866015625 0.0 0.0
14 0.0 0.866015625 0.0 0.0
6 0.0 0.866015625 0.0 0.0
5 0.9756944444444444 0.8763671875 0.04861111111111111 0.020703125
5 0.0 0.0 0.0 0.0
14 0.0 0.0 0.0 0.0
0 0.0 0.0 0.0 0.0
