14 0.3836805555555556 0.07109375 0.4173611111111111 0.03671875
4 0.06805555555555555 0.07109375 0.1361111111111111 0.0765625
5 0.25 0.25 0.5 0.28125
5 0.0 0.109375 0.0 0.0
14 0.0 0.109375 0.0 0.0
0 0.8833333333333333 0.86875 0.175 0.0984375
14 0.27569444444444446 0.8984375 0.2013888888888889 0.02578125
14 0.06736111111111111 0.8984375 0.05694444444444444 0.028125
5 0.3645833333333333 0.1146484375 0.7291666666666666 0.229296875
5 0.10694444444444444 0.095703125 0.1361111111111111 0.0765625
14 0.3645833333333333 0.1646484375 0.6513888888888889 0.028515625
14 0.3645833333333333 0.1931640625 0.6513888888888889 0.028515625
14 0.06770833333333333 0.265234375 0.05763888888888889 0.028125
14 0.23715277777777777 0.265234375 0.12430555555555556 0.02578125
14 0.06770833333333333 0.337109375 0.05763888888888889 0.028125
14 0.24340277777777777 0.337109375 0.13680555555555557 0.02578125
14 0.06770833333333333 0.408984375 0.05763888888888889 0.028125
14 0.3013888888888889 0.408984375 0.25277777777777777 0.02578125
14 0.06736111111111111 0.480859375 0.05694444444444444 0.028125
14 0.21458333333333332 0.480859375 0.07916666666666666 0.02578125
14 0.06944444444444445 0.552734375 0.06111111111111111 0.028125
14 0.25833333333333336 0.552734375 0.16666666666666666 0.02578125
14 0.06701388888888889 0.626171875 0.05625 0.028125
14 0.21041666666666667 0.626171875 0.07083333333333333 0.02578125
14 0.06736111111111111 0.698046875 0.05694444444444444 0.028125
14 0.24930555555555556 0.698046875 0.1486111111111111 0.02578125
14 0.06770833333333333 0.769921875 0.05763888888888889 0.028125
14 0.23923611111111112 0.769921875 0.1284722222222222 0.02578125
