14 0.08854166666666667 0.1421875 0.09930555555555555 0.02578125
14 0.0 0.109375 0.0 0.0
14 0.0 0.109375 0.0 0.0
14 0.0 0.109375 0.0 0.0
5 0.0 0.109375 0.0 0.0
14 0.0 0.174609375 0.0 0.0
5 0.06805555555555555 0.2078125 0.058333333333333334 0.0328125
14 0.9100694444444445 0.2078125 0.10208333333333333 0.02578125
14 0.33194444444444443 0.2078125 0.3138888888888889 0.0296875
5 0.5875 0.241015625 0.825 0.00078125
14 0.0 0.241015625 0.0 0.0
5 0.06805555555555555 0.27421875 0.058333333333333334 0.0328125
14 0.9003472222222222 0.27421875 0.12152777777777778 0.02578125
14 0.3229166666666667 0.27421875 0.29583333333333334 0.0296875
5 0.5875 0.307421875 0.825 0.00078125
14 0.0 0.307421875 0.0 0.0
5 0.06805555555555555 0.340625 0.058333333333333334 0.0328125
14 0.38958333333333334 0.340625 0.42916666666666664 0.0296875
5 0.5875 0.373828125 0.825 0.00078125
14 0.0 0.373828125 0.0 0.0
5 0.06805555555555555 0.40703125 0.058333333333333334 0.0328125
14 0.30243055555555554 0.40703125 0.2548611111111111 0.0296875
5 0.5875 0.440234375 0.825 0.00078125
14 0.12083333333333333 0.473046875 0.1638888888888889 0.02578125
14 0.0 0.440234375 0.0 0.0
14 0.0 0.440234375 0.0 0.0
14 0.0 0.440234375 0.0 0.0
5 0.0 0.440234375 0.0 0.0
14 0.0 0.50546875 0.0 0.0
5 0.06805555555555555 0.555078125 0.058333333333333334 0.0328125
14 0.30451388888888886 0.5421875 0.2590277777777778 0.0296875
14 0.5875 0.569921875 0.825 0.02578125
5 0.5875 0.6046875 0.825 0.00078125
14 0.1284722222222222 0.6375 0.17916666666666667 0.02578125
14 0.0 0.6046875 0.0 0.0
14 0.0 0.6046875 0.0 0.0
14 0.0 0.6046875 0.0 0.0
5 0.0 0.6046875 0.0 0.0
14 0.0 0.669921875 0.0 0.0
5 0.06805555555555555 0.703125 0.058333333333333334 0.0328125
14 0.28854166666666664 0.703125 0.22708333333333333 0.0296875
5 0.5875 0.736328125 0.825 0.00078125
14 0.0 0.736328125 0.0 0.0
5 0.06805555555555555 0.76953125 0.058333333333333334 0.0328125
14 0.38645833333333335 0.76953125 0.42291666666666666 0.0296875
5 0.5875 0.802734375 0.825 0.00078125
14 0.15486111111111112 0.835546875 0.23194444444444445 0.02578125
14 0.0 0.802734375 0.0 0.0
14 0.0 0.802734375 0.0 0.0
14 0.0 0.802734375 0.0 0.0
5 0.0 0.802734375 0.0 0.0
14 0.0 0.86796875 0.0 0.0
5 0.06805555555555555 0.901171875 0.058333333333333334 0.0328125
14 0.36319444444444443 0.901171875 0.3763888888888889 0.0296875
5 0.5875 0.9341796875 0.825 0.000390625
14 0.23576388888888888 0.0708984375 0.1798611111111111 0.036328125
4 0.06805555555555555 0.07109375 0.1361111111111111 0.0765625
