5 0.5 0.041015625 1.0 0.08203125
5 0.5 0.8796875 1.0 0.109375
5 0.5 0.4513671875 1.0 0.738671875
5 0.5 0.4513671875 1.0 0.738671875
9 0.05555555555555555 0.0341796875 -0.1111111111111111 0.068359375
9 0.0 0.0 0.0 0.0
4 0.22604166666666667 0.8775390625 0.18263888888888888 0.068359375
4 0.40868055555555555 0.8775390625 0.18263888888888888 0.068359375
4 0.5913194444444444 0.8775390625 0.18263888888888888 0.068359375
4 0.7739583333333333 0.8775390625 0.18263888888888888 0.068359375
4 0.9086805555555556 0.1189453125 0.18263888888888888 0.068359375
