14 0.19236111111111112 0.0708984375 0.09305555555555556 0.036328125
4 0.06805555555555555 0.07109375 0.1361111111111111 0.0765625
14 0.5 0.129296875 0.9611111111111111 0.03984375
14 0.27361111111111114 0.1703125 0.4597222222222222 0.04296875
14 0.7298611111111111 0.1703125 0.4527777777777778 0.04296875
14 0.06875 0.22109375 0.05 0.05859375
14 0.13194444444444445 0.2755859375 0.1763888888888889 0.050390625
5 0.4 0.232421875 0.11666666666666667 0.065625
14 0.49930555555555556 0.2326171875 0.08194444444444444 0.051953125
5 0.5986111111111111 0.232421875 0.11666666666666667 0.065625
14 0.93125 0.22109375 0.05 0.05859375
14 0.9204861111111111 0.2755859375 0.07152777777777777 0.050390625
14 0.04375 0.3123046875 0.0 0.023046875
14 0.5 0.3525390625 0.9611111111111111 0.002734375
14 0.27708333333333335 0.375 0.4666666666666667 0.04296875
14 0.7333333333333333 0.375 0.44583333333333336 0.04296875
14 0.059375 0.42578125 0.03125 0.05859375
14 0.13472222222222222 0.4802734375 0.18194444444444444 0.050390625
5 0.4 0.437109375 0.11666666666666667 0.065625
14 0.49930555555555556 0.4373046875 0.08194444444444444 0.051953125
5 0.5986111111111111 0.437109375 0.11666666666666667 0.065625
14 0.9305555555555556 0.42578125 0.05138888888888889 0.05859375
14 0.9204861111111111 0.4802734375 0.07152777777777777 0.050390625
14 0.04375 0.5169921875 0.0 0.023046875
14 0.5 0.5572265625 0.9611111111111111 0.002734375
14 0.2586805555555556 0.5796875 0.42986111111111114 0.04296875
14 0.7149305555555555 0.5796875 0.4826388888888889 0.04296875
14 0.06875 0.63046875 0.05 0.05859375
14 0.1284722222222222 0.6849609375 0.16944444444444445 0.050390625
5 0.4 0.641796875 0.11666666666666667 0.065625
14 0.49930555555555556 0.6419921875 0.08194444444444444 0.051953125
5 0.5986111111111111 0.641796875 0.11666666666666667 0.065625
14 0.9305555555555556 0.63046875 0.05138888888888889 0.05859375
14 0.9204861111111111 0.6849609375 0.07152777777777777 0.050390625
14 0.04375 0.7216796875 0.0 0.023046875
14 0.5 0.7619140625 0.9611111111111111 0.002734375
14 0.2708333333333333 0.784375 0.45416666666666666 0.04296875
14 0.7270833333333333 0.784375 0.4583333333333333 0.04296875
14 0.059375 0.83515625 0.03125 0.05859375
14 0.12569444444444444 0.8896484375 0.1638888888888889 0.050390625
5 0.4 0.846484375 0.11666666666666667 0.065625
14 0.49930555555555556 0.8466796875 0.08194444444444444 0.051953125
5 0.5986111111111111 0.846484375 0.11666666666666667 0.065625
14 0.9315972222222222 0.83515625 0.049305555555555554 0.05859375
14 0.9204861111111111 0.8896484375 0.07152777777777777 0.050390625
14 0.04375 0.924609375 0.0 0.01953125
14 0.5 0.9498046875 0.9611111111111111 -0.030859375
0 0.03888888888888889 0.86328125 0.07777777777777778 0.04375
0 0.0 0.109375 0.0 0.0
10 0.5 0.521875 0.19444444444444445 0.109375
5 0.5 0.521875 0.19444444444444445 0.109375
5 0.0 0.109375 0.0 0.0
14 0.0 0.109375 0.0 0.0
14 0.0 0.109375 0.0 0.0
14 0.0 0.0328125 0.0 0.0
0 0.0 0.0328125 0.0 0.0
5 0.05625 0.06015625 0.07777777777777778 0.04375
14 0.15659722222222222 0.0599609375 0.12291666666666666 0.026171875
5 0.05625 0.114453125 0.07777777777777778 0.04375
14 0.18472222222222223 0.1142578125 0.17916666666666667 0.026171875
5 0.05625 0.16875 0.07777777777777778 0.04375
14 0.1517361111111111 0.1685546875 0.11319444444444444 0.026171875
5 0.05625 0.223046875 0.07777777777777778 0.04375
14 0.19756944444444444 0.2228515625 0.2048611111111111 0.026171875
5 0.05625 0.27734375 0.07777777777777778 0.04375
14 0.17743055555555556 0.2771484375 0.16458333333333333 0.026171875
