5 0.5 0.0998046875 1.0 0.144921875
0 0.5 0.250390625 1.0 0.0984375
0 0.5 0.3330078125 1.0 0.063671875
0 0.5 0.3966796875 1.0 0.060546875
0 0.5 0.4587890625 1.0 0.060546875
0 0.5 0.5208984375 1.0 0.060546875
4 0.16666666666666666 0.7419921875 0.3333333333333333 0.064453125
4 0.5 0.7419921875 0.3333333333333333 0.064453125
4 0.8333333333333334 0.7419921875 0.3333333333333333 0.064453125
4 0.16666666666666666 0.8201171875 0.3333333333333333 0.064453125
4 0.5 0.8201171875 0.3333333333333333 0.064453125
4 0.8333333333333334 0.8201171875 0.3333333333333333 0.064453125
