5 0.3784722222222222 0.0328125 0.0 0.0
14 0.3784722222222222 0.0328125 0.0 0.0
14 0.5 0.07109375 0.24305555555555555 0.0765625
4 0.06805555555555555 0.07109375 0.1361111111111111 0.0765625
14 0.07291666666666667 0.1501953125 0.04861111111111111 0.027734375
14 0.5243055555555556 0.1501953125 0.8055555555555556 0.033203125
14 0.9513888888888888 0.1501953125 0.04861111111111111 0.027734375
14 0.07291666666666667 0.2326171875 0.04861111111111111 0.027734375
14 0.5243055555555556 0.2326171875 0.8055555555555556 0.033203125
14 0.9513888888888888 0.2326171875 0.04861111111111111 0.027734375
14 0.07291666666666667 0.3150390625 0.04861111111111111 0.027734375
14 0.5243055555555556 0.3150390625 0.8055555555555556 0.033203125
14 0.9513888888888888 0.3150390625 0.04861111111111111 0.027734375
14 0.07291666666666667 0.3974609375 0.04861111111111111 0.027734375
14 0.5243055555555556 0.3974609375 0.8055555555555556 0.033203125
14 0.9513888888888888 0.3974609375 0.04861111111111111 0.027734375
14 0.07291666666666667 0.4798828125 0.04861111111111111 0.027734375
14 0.5243055555555556 0.4798828125 0.8055555555555556 0.033203125
14 0.9513888888888888 0.4798828125 0.04861111111111111 0.027734375
14 0.07291666666666667 0.5623046875 0.04861111111111111 0.027734375
14 0.5243055555555556 0.5623046875 0.8055555555555556 0.033203125
14 0.9513888888888888 0.5623046875 0.04861111111111111 0.027734375
14 0.07291666666666667 0.6447265625 0.04861111111111111 0.027734375
14 0.5243055555555556 0.6447265625 0.8055555555555556 0.033203125
14 0.9513888888888888 0.6447265625 0.04861111111111111 0.027734375
14 0.07291666666666667 0.7271484375 0.04861111111111111 0.027734375
14 0.5243055555555556 0.7271484375 0.8055555555555556 0.033203125
14 0.9513888888888888 0.7271484375 0.04861111111111111 0.027734375
14 0.07291666666666667 0.8095703125 0.04861111111111111 0.027734375
14 0.5243055555555556 0.8095703125 0.8055555555555556 0.033203125
14 0.9513888888888888 0.8095703125 0.04861111111111111 0.027734375
