5 0.5 0.4671875 1.0 0.934375
5 0.5 0.4671875 1.0 0.934375
14 0.25625 0.0251953125 0.4875 0.036328125
14 0.74375 0.0251953125 0.4875 0.036328125
5 0.16666666666666666 0.1470703125 0.3333333333333333 0.207421875
5 0.5 0.1470703125 0.3333333333333333 0.207421875
5 0.8333333333333334 0.1470703125 0.3333333333333333 0.207421875
5 0.16666666666666666 0.3544921875 0.3333333333333333 0.207421875
5 0.5 0.3544921875 0.3333333333333333 0.207421875
5 0.8333333333333334 0.3544921875 0.3333333333333333 0.207421875
5 0.16666666666666666 0.5619140625 0.3333333333333333 0.207421875
5 0.5 0.5619140625 0.3333333333333333 0.207421875
5 0.8333333333333334 0.5619140625 0.3333333333333333 0.207421875
5 0.16666666666666666 0.7693359375 0.3333333333333333 0.207421875
5 0.5 0.7693359375 0.3333333333333333 0.207421875
5 0.8333333333333334 0.7693359375 0.3333333333333333 0.207421875
