5 0.125 0.0609375 0.06111111111111111 0.034375
14 0.125 0.0900390625 0.09722222222222222 0.018359375
5 0.375 0.0609375 0.06111111111111111 0.034375
14 0.375 0.0900390625 0.10694444444444444 0.018359375
5 0.625 0.0609375 0.06111111111111111 0.034375
14 0.625 0.0900390625 0.059722222222222225 0.018359375
5 0.875 0.0609375 0.06111111111111111 0.034375
14 0.875 0.0900390625 0.05694444444444444 0.018359375
5 0.05347222222222222 0.163671875 0.10694444444444444 0.0328125
14 0.5534722222222223 0.1634765625 0.8930555555555556 0.028515625
5 0.05347222222222222 0.241796875 0.10694444444444444 0.0328125
14 0.5534722222222223 0.2416015625 0.8930555555555556 0.028515625
5 0.05347222222222222 0.319921875 0.10694444444444444 0.0328125
14 0.5534722222222223 0.3197265625 0.8930555555555556 0.028515625
5 0.05347222222222222 0.398046875 0.10694444444444444 0.0328125
14 0.5534722222222223 0.3978515625 0.8930555555555556 0.028515625
5 0.05347222222222222 0.476171875 0.10694444444444444 0.0328125
14 0.5534722222222223 0.4759765625 0.8930555555555556 0.028515625
5 0.05347222222222222 0.554296875 0.10694444444444444 0.0328125
14 0.5534722222222223 0.5541015625 0.8930555555555556 0.028515625
5 0.05347222222222222 0.632421875 0.10694444444444444 0.0328125
14 0.5534722222222223 0.6322265625 0.8930555555555556 0.028515625
5 0.05347222222222222 0.710546875 0.10694444444444444 0.0328125
14 0.5534722222222223 0.7103515625 0.8930555555555556 0.028515625
5 1.0 0.163671875 0.0 0.0328125
5 1.0 0.241796875 0.0 0.0328125
5 1.0 0.319921875 0.0 0.0328125
5 1.0 0.3966796875 0.0 0.030078125
5 1.0 0.4734375 0.0 0.0328125
5 1.0 0.5515625 0.0 0.0328125
