14 0.31631944444444443 0.0708984375 0.2826388888888889 0.036328125
4 0.06805555555555555 0.07109375 0.1361111111111111 0.0765625
14 0.5190972222222222 0.076953125 0.7354166666666667 0.0546875
5 0.08819444444444445 0.076953125 0.058333333333333334 0.0328125
5 0.5 0.154296875 1.0 0.05625
14 0.5 0.154296875 1.0 0.05625
5 0.5 0.3533203125 1.0 0.341796875
14 0.5 0.4955078125 1.0 0.057421875
5 0.5 0.6951171875 1.0 0.341796875
14 0.5 0.8373046875 1.0 0.057421875
0 0.8864583333333333 0.7908203125 0.14097222222222222 0.079296875
0 0.8864583333333333 0.7908203125 0.14097222222222222 0.079296875
14 0.6388888888888888 0.786328125 0.2763888888888889 0.03671875
14 0.6340277777777777 0.786328125 0.2861111111111111 0.03671875
5 0.0 0.123046875 0.0 0.24609375
