14 0.44166666666666665 0.1369140625 0.8833333333333333 0.076953125
14 0.9319444444444445 0.1390625 0.09722222222222222 0.03671875
14 0.44166666666666665 0.2146484375 0.8833333333333333 0.076953125
14 0.9319444444444445 0.216796875 0.09722222222222222 0.03671875
14 0.4513888888888889 0.2923828125 0.9027777777777778 0.076953125
14 0.9416666666666667 0.29453125 0.07777777777777778 0.03671875
14 0.44166666666666665 0.3701171875 0.8833333333333333 0.076953125
14 0.9319444444444445 0.372265625 0.09722222222222222 0.03671875
14 0.44166666666666665 0.4478515625 0.8833333333333333 0.076953125
14 0.9319444444444445 0.45 0.09722222222222222 0.03671875
14 0.44166666666666665 0.5255859375 0.8833333333333333 0.076953125
14 0.9319444444444445 0.527734375 0.09722222222222222 0.03671875
14 0.44166666666666665 0.6033203125 0.8833333333333333 0.076953125
14 0.9319444444444445 0.60546875 0.09722222222222222 0.03671875
14 0.4513888888888889 0.6810546875 0.9027777777777778 0.076953125
14 0.9416666666666667 0.683203125 0.07777777777777778 0.03671875
14 0.4513888888888889 0.7587890625 0.9027777777777778 0.076953125
14 0.9416666666666667 0.7609375 0.07777777777777778 0.03671875
14 0.44166666666666665 0.8365234375 0.8833333333333333 0.076953125
14 0.9319444444444445 0.838671875 0.09722222222222222 0.03671875
14 0.44166666666666665 0.905078125 0.8833333333333333 0.05859375
14 0.9319444444444445 0.9162109375 0.09722222222222222 0.036328125
14 0.0 0.1369140625 0.0 0.076953125
14 0.0 0.2154296875 0.0 0.076953125
14 0.0 0.2939453125 0.0 0.076953125
14 0.0 0.3724609375 0.0 0.076953125
14 0.0 0.4509765625 0.0 0.076953125
14 0.0 0.5294921875 0.0 0.076953125
14 0.0 0.6080078125 0.0 0.076953125
14 0.0 0.6865234375 0.0 0.076953125
14 0.0 0.7650390625 0.0 0.076953125
5 0.0 0.8697265625 0.0 0.129296875
5 0.019444444444444445 0.065625 0.03888888888888889 0.021875
5 0.06875 0.065625 0.07777777777777778 0.04375
14 0.18194444444444444 0.0654296875 0.12916666666666668 0.033203125
