5 0.0 0.1740234375 0.0 0.187890625
0 0.0 0.351171875 0.0 0.16640625
0 0.0 0.517578125 0.0 0.16640625
0 0.0 0.6841796875 0.0 0.166796875
0 0.0 0.816796875 0.0 0.0984375
0 0.001388888888888889 0.351171875 0.002777777777777778 0.16640625
0 0.16805555555555557 0.351171875 0.33611111111111114 0.16640625
0 0.3347222222222222 0.351171875 0.6694444444444444 0.16640625
0 0.001388888888888889 0.517578125 0.002777777777777778 0.16640625
0 0.16805555555555557 0.517578125 0.33611111111111114 0.16640625
0 0.3347222222222222 0.517578125 0.6694444444444444 0.16640625
0 0.001388888888888889 0.6841796875 0.002777777777777778 0.166796875
0 0.16805555555555557 0.6841796875 0.33611111111111114 0.166796875
0 0.3347222222222222 0.6841796875 0.6694444444444444 0.166796875
0 0.001388888888888889 0.816796875 0.002777777777777778 0.0984375
0 0.16805555555555557 0.816796875 0.33611111111111114 0.0984375
0 0.3347222222222222 0.816796875 0.6694444444444444 0.0984375
0 0.16666666666666666 0.241015625 0.3333333333333333 0.15
0 0.5 0.241015625 0.3333333333333333 0.15
0 0.8333333333333334 0.241015625 0.3333333333333333 0.15
0 0.5 0.4580078125 0.3888888888888889 0.016796875
4 0.0 0.0328125 0.0 0.0
5 0.06319444444444444 0.9001953125 0.12638888888888888 -0.068359375
0 0.8871527777777778 0.9001953125 0.08958333333333333 -0.068359375
4 0.0 0.9001953125 0.0 -0.068359375
0 0.5 0.1421875 1.0 0.065625
0 0.5 0.209375 1.0 0.065625
14 0.2545138888888889 0.29296875 0.43125 0.065625
14 0.21354166666666666 0.583984375 0.34930555555555554 0.065625
0 0.5 0.651171875 1.0 0.065625
0 0.0 0.109375 0.0 0.0
0 0.5 0.718359375 1.0 0.065625
14 0.13819444444444445 0.796484375 0.1986111111111111 0.065625
14 0.4326388888888889 0.8484375 0.8652777777777778 0.03515625
11 0.9229166666666667 0.856640625 0.11527777777777778 0.01875
14 0.13923611111111112 0.8875 0.20069444444444445 -0.04296875
0 0.5 0.92109375 1.0 -0.11015625
4 0.06805555555555555 0.07109375 0.1361111111111111 0.0765625
4 0.06805555555555555 0.0703125 0.1361111111111111 0.075
