14 0.33055555555555555 0.0708984375 0.0 0.037890625
5 0.25277777777777777 0.0708984375 0.15555555555555556 0.051953125
5 0.9416666666666667 0.07109375 0.11666666666666667 0.065625
5 0.8833333333333333 0.03828125 0.0 0.0
4 0.06805555555555555 0.07109375 0.1361111111111111 0.0765625
14 0.08819444444444445 0.1501953125 0.09861111111111111 0.037890625
7 0.41423611111111114 0.191015625 0.2048611111111111 0.04375
7 0.6020833333333333 0.191015625 0.17083333333333334 0.04375
0 0.5 0.2923828125 0.9222222222222223 0.068359375
14 0.5 0.358203125 0.9222222222222223 0.04140625
0 0.5 0.4365234375 0.9222222222222223 0.068359375
0 0.5 0.5064453125 0.9222222222222223 0.068359375
0 0.5 0.5763671875 0.9222222222222223 0.068359375
14 0.5 0.6482421875 0.7625 0.028515625
14 0.5 0.6736328125 0.375 0.022265625
14 0.5 0.6958984375 0.4791666666666667 0.022265625
14 0.4996527777777778 0.7181640625 0.43819444444444444 0.022265625
14 0.5 0.7421875 0.5 0.02578125
14 0.4996527777777778 0.7662109375 0.6673611111111111 0.022265625
5 0.0 0.5927734375 0.0 0.048046875
14 0.0 0.6529296875 0.0 0.028515625
