14 0.28368055555555555 0.07109375 0.21736111111111112 0.0421875
4 0.06805555555555555 0.07109375 0.1361111111111111 0.0765625
14 0.0 0.0328125 0.0 0.0
14 0.0 0.0328125 0.0 0.0
5 0.23333333333333334 0.866015625 0.4666666666666667 0.13671875
14 0.7333333333333333 0.8275390625 0.5083333333333333 0.045703125
14 0.7333333333333333 0.8734375 0.5083333333333333 0.04609375
14 0.6690972222222222 0.9119140625 0.3798611111111111 0.030859375
14 0.9232638888888889 0.9119140625 0.1284722222222222 0.030859375
5 0.9815972222222222 0.8080078125 0.03680555555555556 0.020703125
5 0.4878472222222222 0.3494140625 0.9756944444444444 0.480078125
14 0.4878472222222222 0.68671875 0.9756944444444444 0.19453125
