5 0.06805555555555555 0.07109375 0.1361111111111111 0.0765625
5 0.2947916666666667 0.07109375 0.31180555555555556 0.0765625
5 0.5913194444444444 0.0708984375 0.0006944444444444445 0.000390625
14 0.6552083333333333 0.0708984375 0.10208333333333333 0.044140625
5 0.9215277777777777 0.07109375 0.15555555555555556 0.0765625
6 0.4996527777777778 0.3388671875 0.08541666666666667 0.048046875
5 0.5 0.3388671875 1.0 0.458984375
14 0.5 0.6123046875 0.9263888888888889 0.060546875
14 0.0 0.708984375 0.0 0.0
0 0.0 0.708984375 0.0 0.0
14 0.0 0.708984375 0.0 0.0
14 0.0 0.708984375 0.0 0.0
6 0.4996527777777778 0.8455078125 0.08541666666666667 0.048046875
5 0.5 0.8216796875 1.0 0.225390625
14 0.5 0.965234375 0.9263888888888889 -0.06171875
