14 0.44756944444444446 0.0708984375 0.5451388888888888 0.036328125
4 0.06805555555555555 0.07109375 0.1361111111111111 0.0765625
14 0.5190972222222222 0.076953125 0.7354166666666667 0.0546875
5 0.08819444444444445 0.076953125 0.058333333333333334 0.0328125
5 0.5 0.287109375 1.0 0.35546875
14 0.5 0.3962890625 1.0 0.027734375
5 1.0 0.287109375 0.0 0.35546875
14 1.0 0.3962890625 0.0 0.027734375
0 0.25729166666666664 0.50859375 0.4756944444444444 0.065625
0 0.7427083333333333 0.50859375 0.4756944444444444 0.065625
0 0.25729166666666664 0.5796875 0.4756944444444444 0.065625
0 0.7427083333333333 0.5796875 0.4756944444444444 0.065625
5 0.5 0.7447265625 1.0 0.242578125
14 0.5 0.8869140625 1.0 -0.041796875
0 0.8864583333333333 0.7908203125 0.14097222222222222 0.079296875
0 0.8864583333333333 0.7908203125 0.14097222222222222 0.079296875
14 0.6388888888888888 0.786328125 0.2763888888888889 0.03671875
14 0.6340277777777777 0.786328125 0.2861111111111111 0.03671875
5 0.5 0.30078125 1.0 0.3828125
14 0.375 0.5240234375 0.7013888888888888 0.036328125
14 0.875 0.52734375 0.25 0.02578125
14 0.5 0.5513671875 0.9513888888888888 0.018359375
5 0.10972222222222222 0.59921875 0.17083333333333334 0.04921875
14 0.10972222222222222 0.6322265625 0.17083333333333334 0.016796875
14 0.10972222222222222 0.6490234375 0.17083333333333334 0.016796875
5 0.30486111111111114 0.59921875 0.17083333333333334 0.04921875
14 0.30486111111111114 0.6322265625 0.17083333333333334 0.016796875
14 0.30486111111111114 0.6490234375 0.17083333333333334 0.016796875
5 0.5 0.59921875 0.17083333333333334 0.04921875
14 0.5 0.6396484375 0.17083333333333334 0.031640625
5 0.6951388888888889 0.59921875 0.17083333333333334 0.04921875
14 0.6951388888888889 0.6396484375 0.17083333333333334 0.031640625
0 0.8902777777777777 0.607421875 0.17083333333333334 0.065625
14 0.375 0.713671875 0.75 0.07109375
14 0.875 0.713671875 0.25 0.07109375
5 0.08159722222222222 0.790234375 0.16319444444444445 0.02734375
14 0.5694444444444444 0.7904296875 0.8125 0.027734375
5 0.08159722222222222 0.844921875 0.16319444444444445 0.02734375
14 0.5694444444444444 0.8451171875 0.8125 0.027734375
5 0.08159722222222222 0.899609375 0.16319444444444445 0.02734375
14 0.5694444444444444 0.8998046875 0.8125 0.027734375
5 0.08159722222222222 0.9375 0.16319444444444445 -0.00625
14 0.5694444444444444 0.9375 0.8125 -0.00625
5 0.08159722222222222 0.96484375 0.16319444444444445 -0.0609375
14 0.5694444444444444 0.96484375 0.8125 -0.0609375
5 0.9208333333333333 0.53671875 0.15833333333333333 0.0890625
5 0.0 0.034375 0.0 0.06875
