5 0.5 0.2591796875 0.7569444444444444 0.157421875
3 0.5 0.36171875 0.7569444444444444 0.04765625
3 0.5 0.413671875 0.7569444444444444 0.04765625
0 0.5 0.4794921875 0.7569444444444444 0.056640625
0 0.2725694444444444 0.5453125 0.3020833333333333 0.053125
0 0.5 0.7462890625 0.7569444444444444 0.056640625
0 0.0 0.0328125 0.0 0.0
5 0.009722222222222222 0.06953125 0.019444444444444445 0.065625
5 0.04895833333333333 0.06953125 0.06180555555555556 0.02421875
14 0.15416666666666667 0.06953125 0.11527777777777778 0.02578125
