4 0.06805555555555555 0.07109375 0.1361111111111111 0.0765625
5 0.49930555555555556 0.07109375 0.3888888888888889 0.06015625
5 0.9465277777777777 0.07109375 0.0 0.0
5 0.9465277777777777 0.07109375 0.07777777777777778 0.04375
0 0.9465277777777777 0.07109375 0.10694444444444444 0.06015625
5 0.7930555555555555 0.07109375 0.15555555555555556 0.04375
5 0.5 0.2734375 1.0 0.328125
14 0.0 0.109375 0.0 0.0
14 0.0 0.109375 0.0 0.0
14 0.0 0.109375 0.0 0.0
14 0.16666666666666666 0.4701171875 0.08055555555555556 0.022265625
14 0.5 0.4701171875 0.07916666666666666 0.022265625
14 0.8329861111111111 0.4701171875 0.14375 0.022265625
14 0.019444444444444445 0.516796875 0.0 0.0
14 0.019444444444444445 0.516796875 0.0 0.0
5 0.019444444444444445 0.516796875 0.0 0.0
5 0.5 0.6798828125 0.9611111111111111 0.326171875
14 0.019444444444444445 0.516796875 0.0 0.0
14 0.019444444444444445 0.516796875 0.0 0.0
14 0.019444444444444445 0.8671875 0.0 0.0
14 0.019444444444444445 0.8671875 0.0 0.0
5 0.019444444444444445 0.8671875 0.0 0.0
5 0.5 0.90078125 0.9611111111111111 0.0671875
14 0.019444444444444445 0.8671875 0.0 0.0
14 0.019444444444444445 0.8671875 0.0 0.0
5 0.0 0.109375 0.0 0.0
5 0.0 0.109375 0.0 0.0
14 0.0 0.109375 0.0 0.0
14 0.0 0.109375 0.0 0.0
14 0.0 0.109375 0.0 0.0
14 0.0 0.109375 0.0 0.0
14 0.0 0.109375 0.0 0.0
14 0.0 0.109375 0.0 0.0
14 0.0 0.109375 0.0 0.0
14 0.0 0.109375 0.0 0.0
14 0.0 0.109375 0.0 0.0
14 0.0 0.109375 0.0 0.0
14 0.0 0.109375 0.0 0.0
14 0.0 0.109375 0.0 0.0
14 0.0 0.109375 0.0 0.0
0 0.03888888888888889 0.86328125 0.07777777777777778 0.04375
0 0.0 0.109375 0.0 0.0
10 0.0 0.109375 0.0 0.0
5 0.0 0.109375 0.0 0.0
5 0.0 0.109375 0.0 0.0
14 0.0 0.109375 0.0 0.0
14 0.0 0.109375 0.0 0.0
14 0.0 0.0328125 0.0 0.0
0 0.0 0.0328125 0.0 0.0
