4 0.06805555555555555 0.065625 0.1361111111111111 0.065625
14 0.25972222222222224 0.065625 0.24722222222222223 0.065625
14 0.575 0.065625 0.38333333333333336 0.065625
4 0.825 0.065625 0.11666666666666667 0.065625
4 0.9416666666666667 0.065625 0.11666666666666667 0.065625
0 0.5 0.934375 0.0 0.0
0 0.5972222222222222 0.934375 -0.19444444444444445 0.0
5 0.8121527777777777 0.4923828125 0.08263888888888889 0.046484375
5 0.7197916666666667 0.4923828125 0.08263888888888889 0.046484375
14 0.4111111111111111 0.4892578125 0.5347222222222222 0.051171875
14 0.5 0.5384765625 0.7125 0.047265625
5 0.8121527777777777 0.3373046875 0.08263888888888889 0.046484375
12 0.7222222222222222 0.3373046875 0.07777777777777778 0.046484375
5 0.6322916666666667 0.3373046875 0.08263888888888889 0.046484375
5 0.5447916666666667 0.3373046875 0.08263888888888889 0.046484375
14 0.3236111111111111 0.3357421875 0.3597222222222222 0.054296875
6 0.5 0.537890625 0.18472222222222223 0.10390625
5 0.5 0.540625 0.7125 0.35546875
4 0.06840277777777778 0.13671875 0.12152777777777778 0.0765625
4 0.06840277777777778 0.215234375 0.12152777777777778 0.0765625
14 0.8246527777777778 0.1248046875 0.34930555555555554 0.052734375
14 0.8246527777777778 0.1794921875 0.34930555555555554 0.052734375
14 0.8246527777777778 0.2341796875 0.34930555555555554 0.052734375
14 0.8246527777777778 0.2888671875 0.34930555555555554 0.052734375
14 0.8246527777777778 0.3435546875 0.34930555555555554 0.052734375
14 0.8246527777777778 0.3982421875 0.34930555555555554 0.052734375
14 0.8246527777777778 0.4529296875 0.34930555555555554 0.052734375
14 0.8246527777777778 0.5076171875 0.34930555555555554 0.052734375
14 0.8246527777777778 0.5623046875 0.34930555555555554 0.052734375
14 0.3368055555555556 0.1248046875 0.3861111111111111 0.052734375
14 0.3368055555555556 0.1791015625 0.3861111111111111 0.052734375
14 0.3368055555555556 0.2333984375 0.3861111111111111 0.052734375
14 0.3368055555555556 0.2876953125 0.3861111111111111 0.052734375
14 0.3368055555555556 0.3419921875 0.3861111111111111 0.052734375
14 0.3368055555555556 0.3962890625 0.3861111111111111 0.052734375
14 0.3368055555555556 0.4505859375 0.3861111111111111 0.052734375
