4 0.07083333333333333 0.07265625 0.14166666666666666 0.0796875
14 0.5 0.07265625 0.7166666666666667 0.0796875
4 0.09618055555555556 0.8728515625 0.1423611111111111 0.080078125
4 0.2635416666666667 0.8728515625 0.1423611111111111 0.080078125
5 0.3909722222222222 0.8369140625 0.05277777777777778 0.011328125
14 0.625 0.8369140625 0.3902777777777778 0.022265625
14 0.5923611111111111 0.8591796875 0.45555555555555555 0.022265625
9 0.5836805555555555 0.883984375 0.47291666666666665 0.02734375
14 0.4013888888888889 0.9087890625 0.07361111111111111 0.022265625
14 0.7659722222222223 0.9087890625 0.07361111111111111 0.022265625
4 0.9038194444444444 0.8728515625 0.1423611111111111 0.080078125
5 0.5 0.270703125 1.0 0.31640625
4 0.0 0.1125 0.0 0.0
14 0.0 0.1125 0.0 0.0
9 0.0 0.1125 0.0 0.0
14 0.0 0.1125 0.0 0.0
4 0.0 0.1125 0.0 0.0
14 0.04861111111111111 0.4470703125 0.09722222222222222 0.036328125
14 0.5486111111111112 0.4470703125 0.9027777777777778 0.036328125
4 0.0 0.465234375 0.0 0.0
14 0.0 0.465234375 0.0 0.0
14 0.0 0.465234375 0.0 0.0
14 0.0 0.465234375 0.0 0.0
14 0.0 0.465234375 0.0 0.0
14 0.0 0.465234375 0.0 0.0
14 0.0 0.465234375 0.0 0.0
14 0.0 0.465234375 0.0 0.0
14 0.0 0.465234375 0.0 0.0
14 0.0 0.465234375 0.0 0.0
14 0.0 0.465234375 0.0 0.0
14 0.0 0.465234375 0.0 0.0
14 0.0 0.465234375 0.0 0.0
14 0.0 0.465234375 0.0 0.0
5 0.0 0.465234375 0.0 0.0
14 0.0 0.465234375 0.0 0.0
14 0.0 0.465234375 0.0 0.0
6 0.0 0.465234375 0.0 0.0
5 0.0 0.465234375 0.0 0.0
4 0.0 0.465234375 0.0 0.0
5 0.0 0.465234375 0.0 0.0
4 0.0 0.465234375 0.0 0.0
5 0.0 0.465234375 0.0 0.0
4 0.0 0.465234375 0.0 0.0
5 0.0 0.465234375 0.0 0.0
4 0.0 0.465234375 0.0 0.0
14 0.5159722222222223 0.7771484375 0.8708333333333333 0.048046875
4 0.2611111111111111 0.5521484375 0.43194444444444446 0.123046875
14 0.2611111111111111 0.6181640625 0.12083333333333333 0.049609375
4 0.2611111111111111 0.68046875 0.43194444444444446 0.1234375
4 0.7385416666666667 0.5521484375 0.4326388888888889 0.123046875
14 0.7381944444444445 0.6181640625 0.12083333333333333 0.049609375
4 0.7385416666666667 0.68046875 0.4326388888888889 0.1234375
14 0.146875 0.06640625 0.21319444444444444 -0.0921875
11 0.8538194444444445 0.0736328125 0.21180555555555555 -0.077734375
14 0.3940972222222222 0.0890625 0.7076388888888889 -0.046875
14 0.1638888888888889 0.1232421875 0.24722222222222223 0.021484375
11 0.8538194444444445 0.13046875 0.21180555555555555 0.0359375
14 0.3940972222222222 0.1541015625 0.7076388888888889 0.018359375
14 0.3940972222222222 0.1724609375 0.7076388888888889 0.018359375
14 0.5 0.2302734375 1.0 0.068359375
14 0.5 0.2986328125 1.0 0.068359375
14 0.4892361111111111 0.3669921875 0.8979166666666667 0.027734375
14 0.8336805555555555 0.365234375 0.08402777777777778 0.02421875
14 0.5 0.4353515625 1.0 0.068359375
14 0.5 0.5037109375 1.0 0.068359375
14 0.5 0.5720703125 1.0 0.068359375
14 0.5 0.6404296875 1.0 0.068359375
14 0.5 0.7087890625 1.0 0.068359375
14 0.5 0.7771484375 1.0 0.068359375
14 0.18888888888888888 0.1435546875 0.2902777777777778 0.027734375
11 0.8565972222222222 0.1435546875 0.21180555555555555 0.042578125
14 0.40381944444444445 0.20703125 0.7201388888888889 0.03359375
12 0.0 0.176171875 0.0 0.0
0 0.0 0.176171875 0.0 0.0
4 0.8875 0.20703125 0.15 0.04453125
14 0.5 0.2740234375 1.0 0.068359375
5 0.5 0.79765625 0.4861111111111111 0.2734375
