5 0.5 0.48359375 1.0 0.9015625
5 0.5 0.48359375 1.0 0.9015625
14 0.5 0.1720703125 0.3875 0.045703125
5 0.5 0.29609375 0.24305555555555555 0.13671875
14 0.5 0.451171875 0.8680555555555556 0.0859375
0 0.5 0.82109375 0.8680555555555556 0.065625
14 0.4996527777777778 0.89609375 0.21597222222222223 0.0625
5 0.5 0.48359375 1.0 0.9015625
5 0.5 0.48359375 1.0 0.9015625
14 0.8871527777777778 0.0630859375 0.22569444444444445 0.060546875
0 0.5 0.8203125 0.8541666666666666 0.065625
14 0.5 0.9041015625 0.3472222222222222 0.033203125
5 0.5 0.334375 0.11666666666666667 0.065625
3 0.5 0.432421875 0.8541666666666666 0.05390625
3 0.5 0.513671875 0.8541666666666666 0.05390625
