0 0.09756944444444444 0.080859375 0.12152777777777778 0.0546875
5 0.06736111111111111 0.070703125 0.06111111111111111 0.034375
5 0.5 0.070703125 0.10972222222222222 0.06171875
5 0.5 0.070703125 0.10972222222222222 0.06171875
0 0.16666666666666666 0.127734375 0.3333333333333333 0.053125
0 0.5 0.128515625 0.3333333333333333 0.0546875
0 0.8333333333333334 0.128515625 0.3333333333333333 0.0546875
6 0.5 0.374609375 0.11666666666666667 0.065625
5 0.5 0.3501953125 0.9513888888888888 0.369140625
5 0.5 0.3501953125 0.9513888888888888 0.369140625
14 0.0 0.155859375 0.0 0.0
14 0.0 0.155859375 0.0 0.0
14 0.0 0.155859375 0.0 0.0
0 0.0 0.155859375 0.0 0.0
5 0.0 0.155859375 0.0 0.0
14 0.0 0.155859375 0.0 0.0
14 0.0 0.155859375 0.0 0.0
14 0.4996527777777778 0.5529296875 0.24791666666666667 0.033203125
5 0.8635416666666667 0.6767578125 0.15069444444444444 0.084765625
5 0.20347222222222222 0.888671875 0.09722222222222222 0.0546875
14 0.20347222222222222 0.9251953125 0.14166666666666666 0.018359375
5 0.4166666666666667 0.888671875 0.09722222222222222 0.0546875
14 0.4170138888888889 0.9251953125 0.11458333333333333 0.018359375
5 0.6222222222222222 0.888671875 0.09722222222222222 0.0546875
14 0.6222222222222222 0.9251953125 0.125 0.018359375
5 0.81875 0.888671875 0.09722222222222222 0.0546875
14 0.8184027777777778 0.9251953125 0.06736111111111111 0.018359375
14 0.8965277777777778 0.0693359375 0.07083333333333333 0.031640625
5 0.959375 0.0677734375 0.05625 0.031640625
6 0.5 0.48359375 0.11666666666666667 0.065625
