14 0.34097222222222223 0.0708984375 0.33194444444444443 0.036328125
4 0.06805555555555555 0.07109375 0.1361111111111111 0.0765625
5 0.5 0.232421875 1.0 0.24609375
14 0.5 0.2931640625 1.0 0.124609375
5 0.1451388888888889 0.4203125 0.2222222222222222 0.0703125
14 0.6111111111111112 0.4091796875 0.7097222222222223 0.066015625
14 0.6111111111111112 0.4533203125 0.7097222222222223 0.022265625
5 0.1451388888888889 0.5359375 0.2222222222222222 0.0703125
14 0.6111111111111112 0.5248046875 0.7097222222222223 0.066015625
14 0.6111111111111112 0.5689453125 0.7097222222222223 0.022265625
5 0.1451388888888889 0.6515625 0.2222222222222222 0.0703125
14 0.6111111111111112 0.6404296875 0.7097222222222223 0.066015625
14 0.6111111111111112 0.6845703125 0.7097222222222223 0.022265625
5 0.1451388888888889 0.7671875 0.2222222222222222 0.0703125
14 0.6111111111111112 0.7560546875 0.7097222222222223 0.066015625
14 0.6111111111111112 0.8001953125 0.7097222222222223 0.022265625
5 0.1451388888888889 0.8568359375 0.2222222222222222 0.018359375
14 0.6111111111111112 0.85234375 0.7097222222222223 0.02734375
14 0.6111111111111112 0.8853515625 0.7097222222222223 -0.038671875
14 0.5 0.866015625 0.16666666666666666 0.0
6 0.5 0.866015625 0.18472222222222223 0.0
5 0.36944444444444446 0.1333984375 0.7388888888888889 0.266796875
14 0.36944444444444446 0.2169921875 0.7388888888888889 0.099609375
14 0.36944444444444446 0.294140625 0.6611111111111111 0.02578125
14 0.36944444444444446 0.355078125 0.6611111111111111 0.04375
14 0.36944444444444446 0.423828125 0.6611111111111111 0.04375
