6 0.0 0.0 0.0 0.0
14 0.0 0.0 0.0 0.0
14 0.0 0.0 0.0 0.0
14 0.0 0.0 0.0 0.0
14 0.0 0.0 0.0 0.0
14 0.0 0.0 0.0 0.0
14 0.0 0.0 0.0 0.0
14 0.0 0.0 0.0 0.0
14 0.0 0.0 0.0 0.0
14 0.0 0.0 0.0 0.0
14 0.0 0.0 0.0 0.0
14 0.0 0.0 0.0 0.0
14 0.0 0.0 0.0 0.0
5 0.0 0.0 0.0 0.0
14 0.0 0.0 0.0 0.0
6 0.0 0.0 0.0 0.0
14 0.0 0.0 0.0 0.0
5 0.0 0.0 0.0 0.0
14 0.0 0.0 0.0 0.0
5 0.0 0.0 0.0 0.0
14 0.0 0.0 0.0 0.0
5 0.0 0.0 0.0 0.0
14 0.0 0.0 0.0 0.0
0 0.0 0.0 0.0 0.0
14 0.0 0.0 0.0 0.0
5 0.0 0.0 0.0 0.0
14 0.0 0.0 0.0 0.0
5 0.0 0.0 0.0 0.0
0 0.0 0.0 0.0 0.0
3 0.0 0.0 0.0 0.0
3 0.0 0.0 0.0 0.0
3 0.0 0.0 0.0 0.0
10 0.0 0.0 0.0 0.0
3 0.0 0.0 0.0 0.0
5 0.0 0.0 0.0 0.0
14 0.0 0.0 0.0 0.0
14 0.0 0.0 0.0 0.0
5 0.0 0.0 0.0 0.0
14 0.0 0.0 0.0 0.0
5 0.0 0.0 0.0 0.0
14 0.0 0.0 0.0 0.0
5 0.0 0.0 0.0 0.0
3 0.0 0.0 0.0 0.0
14 0.0 0.0 0.0 0.0
3 0.0 0.0 0.0 0.0
14 0.0 0.0 0.0 0.0
3 0.0 0.0 0.0 0.0
14 0.0 0.0 0.0 0.0
14 0.0 0.0 0.0 0.0
14 0.0 0.0 0.0 0.0
0 0.0 0.0 0.0 0.0
14 0.0 0.0 0.0 0.0
5 0.0 0.0 0.0 0.0
14 0.0 0.0 0.0 0.0
4 0.0 0.0 0.0 0.0
14 0.0 0.0 0.0 0.0
4 0.0 0.0 0.0 0.0
14 0.0 0.0 0.0 0.0
14 0.0 0.0 0.0 0.0
14 0.0 0.0 0.0 0.0
14 0.0 0.0 0.0 0.0
14 0.0 0.0 0.0 0.0
14 0.0 0.0 0.0 0.0
14 0.0 0.0 0.0 0.0
14 0.0 0.0 0.0 0.0
14 0.0 0.0 0.0 0.0
5 0.0 0.0 0.0 0.0
0 0.0 0.0 0.0 0.0
0 0.0 0.0 0.0 0.0
0 0.0 0.0 0.0 0.0
0 0.0 0.0 0.0 0.0
0 0.0 0.0 0.0 0.0
0 0.0 0.0 0.0 0.0
0 0.0 0.0 0.0 0.0
0 0.0 0.0 0.0 0.0
0 0.0 0.0 0.0 0.0
4 0.0 0.0 0.0 0.0
0 0.0 0.0 0.0 0.0
0 0.0 0.0 0.0 0.0
5 0.0 0.0 0.0 0.0
0 0.0 0.0 0.0 0.0
14 0.0 0.0 0.0 0.0
4 0.0 0.0 0.0 0.0
14 0.0 0.0 0.0 0.0
8 0.0 0.0 0.0 0.0
4 0.0 0.0 0.0 0.0
5 0.5 0.1640625 1.0 0.328125
14 0.16041666666666668 0.3818359375 0.2 0.033203125
14 0.3736111111111111 0.412890625 0.6263888888888889 0.02890625
14 0.16458333333333333 0.4404296875 0.20833333333333334 0.026171875
14 0.12916666666666668 0.4666015625 0.1375 0.026171875
14 0.12361111111111112 0.4927734375 0.12638888888888888 0.026171875
14 0.22881944444444444 0.5189453125 0.3368055555555556 0.026171875
14 0.3736111111111111 0.5478515625 0.6263888888888889 0.031640625
14 0.3736111111111111 0.5740234375 0.6263888888888889 0.020703125
14 0.8684027777777777 0.378125 0.1423611111111111 0.02578125
14 0.8833333333333333 0.4013671875 0.1125 0.020703125
12 0.8326388888888889 0.442578125 0.21388888888888888 0.05078125
5 0.11180555555555556 0.6728515625 0.14583333333333334 0.030078125
5 0.02638888888888889 0.596484375 0.0 0.0
5 0.02638888888888889 0.596484375 0.0 0.0
5 0.02638888888888889 0.596484375 0.0 0.0
14 0.2482638888888889 0.7490234375 0.3951388888888889 0.033203125
14 0.35659722222222223 0.780078125 0.6118055555555556 0.02890625
14 0.35659722222222223 0.8048828125 0.6118055555555556 0.020703125
14 0.878125 0.7453125 0.1423611111111111 0.02578125
12 0.8253472222222222 0.7890625 0.24791666666666667 0.05078125
14 0.11423611111111111 0.8759765625 0.12708333333333333 0.033203125
14 0.35659722222222223 0.90703125 0.6118055555555556 0.02890625
14 0.35659722222222223 0.9279296875 0.6118055555555556 0.012890625
14 0.878125 0.872265625 0.1423611111111111 0.02578125
12 0.8253472222222222 0.9125 0.24791666666666667 0.04375
5 0.5 0.2150390625 0.9555555555555556 0.183203125
14 0.27569444444444446 0.279296875 0.4486111111111111 0.0296875
14 0.7243055555555555 0.279296875 0.4486111111111111 0.0296875
14 0.090625 0.33203125 0.07847222222222222 0.01796875
14 0.1795138888888889 0.33203125 0.0798611111111111 0.01796875
14 0.2708333333333333 0.3318359375 0.08333333333333333 0.016015625
14 0.6402777777777777 0.33203125 0.6166666666666667 0.01796875
5 0.5 0.4630859375 0.9555555555555556 0.183203125
14 0.27569444444444446 0.52734375 0.4486111111111111 0.0296875
14 0.7243055555555555 0.52734375 0.4486111111111111 0.0296875
14 0.08020833333333334 0.580078125 0.05763888888888889 0.01796875
14 0.15868055555555555 0.580078125 0.0798611111111111 0.01796875
14 0.25 0.5798828125 0.08333333333333333 0.016015625
14 0.6298611111111111 0.580078125 0.6375 0.01796875
5 0.5 0.7111328125 0.9555555555555556 0.183203125
14 0.27569444444444446 0.775390625 0.4486111111111111 0.0296875
14 0.7243055555555555 0.775390625 0.4486111111111111 0.0296875
14 0.08020833333333334 0.828125 0.05763888888888889 0.01796875
14 0.1482638888888889 0.828125 0.059027777777777776 0.01796875
14 0.22916666666666666 0.8279296875 0.08333333333333333 0.016015625
14 0.6194444444444445 0.828125 0.6583333333333333 0.01796875
5 0.5 0.9009765625 0.9555555555555556 0.066796875
14 0.14097222222222222 0.0708984375 0.0 0.033203125
14 0.21805555555555556 0.0607421875 0.15416666666666667 0.033203125
14 0.35347222222222224 0.0876953125 0.425 0.020703125
4 0.06805555555555555 0.07109375 0.1361111111111111 0.0765625
5 0.4461805555555556 0.9001953125 0.06875 0.038671875
14 0.54375 0.9 0.0875 0.0296875
0 0.5 0.8947265625 1.0 0.079296875
14 0.08888888888888889 0.0708984375 0.1 0.033203125
0 0.8847222222222222 0.07109375 0.23055555555555557 0.065625
14 0.09756944444444444 0.1494140625 0.1951388888888889 0.022265625
0 0.19236111111111112 0.2015625 0.30694444444444446 0.0546875
0 0.5 0.2015625 0.30694444444444446 0.0546875
0 0.8076388888888889 0.2015625 0.30694444444444446 0.0546875
14 0.46111111111111114 0.278515625 0.8444444444444444 0.02578125
1 0.9222222222222223 0.278515625 0.07777777777777778 0.04375
14 0.46111111111111114 0.336328125 0.8444444444444444 0.02578125
1 0.9222222222222223 0.336328125 0.07777777777777778 0.04375
14 0.46111111111111114 0.462890625 0.8444444444444444 0.02578125
1 0.9222222222222223 0.462890625 0.07777777777777778 0.04375
14 0.46111111111111114 0.520703125 0.8444444444444444 0.02578125
1 0.9222222222222223 0.520703125 0.07777777777777778 0.04375
14 0.46111111111111114 0.578515625 0.8444444444444444 0.02578125
1 0.9222222222222223 0.578515625 0.07777777777777778 0.04375
14 0.46111111111111114 0.636328125 0.8444444444444444 0.02578125
1 0.9222222222222223 0.636328125 0.07777777777777778 0.04375
14 0.46111111111111114 0.694140625 0.8444444444444444 0.02578125
1 0.9222222222222223 0.694140625 0.07777777777777778 0.04375
14 0.46111111111111114 0.751953125 0.8444444444444444 0.02578125
1 0.9222222222222223 0.751953125 0.07777777777777778 0.04375
14 0.46111111111111114 0.809765625 0.8444444444444444 0.02578125
1 0.9222222222222223 0.809765625 0.07777777777777778 0.04375
14 0.46111111111111114 0.867578125 0.8444444444444444 0.02578125
1 0.9222222222222223 0.867578125 0.07777777777777778 0.04375
14 0.17673611111111112 0.42109375 0.35347222222222224 0.02578125
14 0.46111111111111114 0.462890625 0.8444444444444444 0.02578125
1 0.9222222222222223 0.462890625 0.07777777777777778 0.04375
14 0.46111111111111114 0.520703125 0.8444444444444444 0.02578125
1 0.9222222222222223 0.520703125 0.07777777777777778 0.04375
14 0.46111111111111114 0.578515625 0.8444444444444444 0.02578125
1 0.9222222222222223 0.578515625 0.07777777777777778 0.04375
14 0.46111111111111114 0.636328125 0.8444444444444444 0.02578125
1 0.9222222222222223 0.636328125 0.07777777777777778 0.04375
14 0.46111111111111114 0.694140625 0.8444444444444444 0.02578125
1 0.9222222222222223 0.694140625 0.07777777777777778 0.04375
14 0.46111111111111114 0.751953125 0.8444444444444444 0.02578125
1 0.9222222222222223 0.751953125 0.07777777777777778 0.04375
14 0.46111111111111114 0.809765625 0.8444444444444444 0.02578125
1 0.9222222222222223 0.809765625 0.07777777777777778 0.04375
14 0.46111111111111114 0.867578125 0.8444444444444444 0.02578125
1 0.9222222222222223 0.867578125 0.07777777777777778 0.04375
14 0.36666666666666664 0.887890625 0.6555555555555556 0.04921875
14 0.828125 0.887890625 0.2659722222222222 0.04921875
5 0.5 0.455078125 0.0 0.0
0 0.5 0.515234375 0.21388888888888888 0.065625
14 0.5 0.5765625 0.0 0.02421875
4 0.06805555555555555 0.07109375 0.1361111111111111 0.0765625
14 0.0 0.0 0.0 0.0
8 0.0 0.0 0.0 0.0
4 0.0 0.0 0.0 0.0
4 0.06805555555555555 0.07109375 0.1361111111111111 0.0765625
14 0.25833333333333336 0.0654296875 0.24444444444444444 0.022265625
14 0.5 0.0787109375 0.9402777777777778 -0.075390625
14 0.5 0.118359375 0.9402777777777778 0.00390625
0 0.5 0.934375 1.0 0.0
5 0.0 0.0 0.0 0.0
14 0.0 0.0 0.0 0.0
14 0.0 0.0 0.0 0.0
14 0.0 0.0 0.0 0.0
14 0.0 0.0 0.0 0.0
14 0.0 0.0 0.0 0.0
14 0.0 0.0 0.0 0.0
4 0.0 0.0 0.0 0.0
14 0.0 0.0 0.0 0.0
14 0.0 0.0 0.0 0.0
14 0.0 0.0 0.0 0.0
14 0.0 0.0 0.0 0.0
14 0.0 0.0 0.0 0.0
14 0.0 0.0 0.0 0.0
