5 0.5 0.4671875 1.0 0.934375
5 0.5 0.4671875 1.0 0.934375
14 0.15555555555555556 0.0666015625 0.03888888888888889 0.033203125
10 0.21388888888888888 0.0669921875 0.15555555555555556 0.068359375
4 0.06805555555555555 0.0669921875 0.1361111111111111 0.068359375
5 0.8274305555555556 0.066796875 0.11180555555555556 0.065625
14 0.10625 0.1169921875 0.2125 0.031640625
14 0.325 0.1169921875 0.225 0.031640625
14 0.5375 0.1169921875 0.2 0.031640625
14 0.8152777777777778 0.1169921875 0.35555555555555557 0.031640625
14 0.9965277777777778 0.1169921875 0.006944444444444444 0.031640625
14 0.1607638888888889 0.4615234375 0.22430555555555556 0.126171875
14 0.13333333333333333 0.5427734375 0.16944444444444445 0.036328125
5 0.059027777777777776 0.5890625 0.020833333333333332 0.01796875
14 0.10520833333333333 0.5892578125 0.052083333333333336 0.029296875
5 0.16111111111111112 0.5890625 0.020833333333333332 0.01796875
14 0.20694444444444443 0.5892578125 0.05138888888888889 0.029296875
14 0.32395833333333335 0.5892578125 0.13402777777777777 0.029296875
5 0.165625 0.6763671875 0.04375 0.024609375
14 0.16527777777777777 0.7048828125 0.10833333333333334 0.026953125
14 0.16527777777777777 0.733984375 0.06666666666666667 0.02578125
5 0.4996527777777778 0.6763671875 0.04375 0.024609375
14 0.4996527777777778 0.7048828125 0.04513888888888889 0.026953125
14 0.4996527777777778 0.733984375 0.11875 0.02578125
5 0.8336805555555555 0.6763671875 0.04375 0.024609375
14 0.8340277777777778 0.7048828125 0.05694444444444444 0.026953125
14 0.8340277777777778 0.733984375 0.1125 0.02578125
5 0.165625 0.7716796875 0.04375 0.024609375
14 0.165625 0.8001953125 0.11597222222222223 0.026953125
14 0.165625 0.829296875 0.11875 0.02578125
5 0.4996527777777778 0.7716796875 0.04375 0.024609375
14 0.4996527777777778 0.8001953125 0.04791666666666667 0.026953125
14 0.4996527777777778 0.829296875 0.03819444444444445 0.02578125
5 0.8336805555555555 0.7716796875 0.04375 0.024609375
14 0.8340277777777778 0.8001953125 0.15138888888888888 0.026953125
14 0.8340277777777778 0.755078125 0.20416666666666666 0.02578125
14 0.5 0.8310546875 1.0 0.076953125
5 0.19375 0.9162109375 0.10694444444444444 0.036328125
5 0.19375 0.9162109375 0.10694444444444444 0.036328125
5 0.46770833333333334 0.9154296875 0.15763888888888888 0.037890625
14 0.7739583333333333 0.928515625 0.1701388888888889 0.01171875
5 0.0 0.0328125 0.0 0.0
14 0.0 0.0328125 0.0 0.0
5 0.0 0.0328125 0.0 0.0
5 0.0 0.0328125 0.0 0.0
14 0.0 0.0328125 0.0 0.0
14 0.0 0.0328125 0.0 0.0
5 0.5 0.5349609375 1.0 0.798828125
14 0.0 0.8828125 0.0 0.103125
5 0.0 0.0 0.0 0.0
5 0.0 0.0 0.0 0.0
14 0.0 0.0 0.0 0.0
14 0.0 0.0 0.0 0.0
14 0.0 0.0 0.0 0.0
5 0.0 0.0 0.0 0.0
14 0.0 0.0 0.0 0.0
5 0.0 0.0 0.0 0.0
5 0.0 0.0 0.0 0.0
14 0.0 0.0 0.0 0.0
14 0.0 0.0 0.0 0.0
