14 0.07534722222222222 0.3025390625 0.12152777777777778 0.068359375
14 0.21770833333333334 0.3025390625 0.12152777777777778 0.068359375
14 0.36006944444444444 0.3025390625 0.12152777777777778 0.068359375
14 0.07534722222222222 0.5912109375 0.12152777777777778 0.068359375
14 0.21770833333333334 0.5912109375 0.12152777777777778 0.068359375
14 0.36006944444444444 0.5912109375 0.12152777777777778 0.068359375
5 0.5 0.190234375 0.6152777777777778 0.13671875
5 0.5 0.811328125 0.14583333333333334 0.08203125
5 0.9125 0.8072265625 0.175 0.073828125
5 0.08055555555555556 0.0669921875 0.10138888888888889 0.046484375
14 0.27534722222222224 0.066796875 0.26875 0.04375
