14 0.184375 0.115625 0.20902777777777778 -0.03125
14 0.4996527777777778 0.1212890625 0.2423611111111111 -0.019921875
14 0.8149305555555556 0.1212890625 0.2423611111111111 -0.019921875
14 0.184375 0.264453125 0.2423611111111111 0.0703125
14 0.4996527777777778 0.264453125 0.19791666666666666 0.02578125
14 0.8149305555555556 0.2646484375 0.2423611111111111 0.048046875
14 0.184375 0.441796875 0.20208333333333334 0.02578125
14 0.4996527777777778 0.4419921875 0.2423611111111111 0.048046875
14 0.8145833333333333 0.441796875 0.14583333333333334 0.02578125
14 0.184375 0.6193359375 0.2423611111111111 0.048046875
14 0.4996527777777778 0.6193359375 0.2423611111111111 0.048046875
14 0.8149305555555556 0.6193359375 0.2423611111111111 0.048046875
14 0.184375 0.7966796875 0.2423611111111111 0.048046875
14 0.49930555555555556 0.796484375 0.10277777777777777 0.02578125
14 0.8149305555555556 0.796484375 0.20902777777777778 0.02578125
14 0.184375 0.93125 0.2423611111111111 -0.0375
14 0.49930555555555556 0.93671875 0.21388888888888888 -0.0484375
14 0.8145833333333333 0.93671875 0.07916666666666666 -0.0484375
0 0.8541666666666666 0.85234375 0.1361111111111111 0.0765625
14 0.2326388888888889 0.0708984375 0.3875 0.036328125
