5 0.5 0.48359375 1.0 0.9015625
5 0.12152777777777778 0.1251953125 0.24305555555555555 0.048046875
14 0.5722222222222222 0.1251953125 0.39444444444444443 0.048046875
5 0.9447916666666667 0.125 0.08541666666666667 0.034375
0 0.9510416666666667 0.1251953125 0.09791666666666667 0.048046875
5 0.0 0.101171875 0.0 0.0
5 0.0 0.101171875 0.0 0.0
14 0.0 0.101171875 0.0 0.0
14 0.0 0.101171875 0.0 0.0
14 0.0 0.101171875 0.0 0.0
14 0.0 0.101171875 0.0 0.0
14 0.0 0.101171875 0.0 0.0
14 0.0 0.101171875 0.0 0.0
14 0.5 0.07109375 0.9555555555555556 0.0765625
14 0.5 0.1400390625 0.975 0.044140625
3 0.5 0.21015625 0.9013888888888889 0.0546875
5 0.08993055555555556 0.2099609375 0.05625 0.031640625
4 0.9020833333333333 0.21015625 0.04861111111111111 0.02734375
