4 0.06805555555555555 0.07109375 0.1361111111111111 0.0765625
14 0.2621527777777778 0.07109375 0.17430555555555555 0.03671875
14 0.1076388888888889 0.1421875 0.15694444444444444 0.02578125
14 0.3138888888888889 0.1421875 0.1388888888888889 0.02578125
14 0.59375 0.1421875 0.30416666666666664 0.02578125
14 0.5 0.2126953125 0.9222222222222223 0.031640625
14 0.5 0.2546875 0.9222222222222223 0.05234375
14 0.5 0.3419921875 0.9222222222222223 0.031640625
14 0.5 0.37109375 0.9222222222222223 0.0265625
14 0.5 0.4455078125 0.9222222222222223 0.031640625
14 0.5 0.474609375 0.9222222222222223 0.0265625
14 0.5 0.5490234375 0.9222222222222223 0.031640625
14 0.5 0.578125 0.9222222222222223 0.0265625
14 0.5 0.6525390625 0.9222222222222223 0.031640625
14 0.5 0.69453125 0.9222222222222223 0.05234375
14 0.5 0.7818359375 0.9222222222222223 0.031640625
14 0.5 0.823828125 0.9222222222222223 0.05234375
14 0.5 0.9111328125 0.9222222222222223 0.031640625
14 0.5 0.9306640625 0.9222222222222223 0.007421875
