14 0.5 0.153125 0.9611111111111111 0.0875
3 0.5 0.2515625 0.9611111111111111 0.0875
14 0.5 0.35 0.9611111111111111 0.0875
14 0.5 0.4484375 0.9611111111111111 0.0875
14 0.5 0.538671875 0.41805555555555557 0.07109375
14 0.0 0.13125 0.0 0.065625
14 0.0 0.196875 0.0 0.065625
14 0.0 0.2625 0.0 0.065625
14 0.0 0.328125 0.0 0.065625
14 0.0 0.39375 0.0 0.065625
14 0.0 0.459375 0.0 0.065625
14 0.22152777777777777 0.0654296875 0.17083333333333334 0.039453125
14 0.0 0.0328125 0.0 0.0
14 0.0 0.0328125 0.0 0.0
4 0.06805555555555555 0.065625 0.1361111111111111 0.065625
