5 0.5 0.48359375 1.0 0.9015625
5 0.9659722222222222 0.9056640625 0.06805555555555555 0.057421875
14 0.2222222222222222 0.9056640625 0.11805555555555555 0.027734375
14 0.38472222222222224 0.9056640625 0.10972222222222222 0.027734375
14 0.5364583333333334 0.9056640625 0.09513888888888888 0.027734375
14 0.6989583333333333 0.9056640625 0.12986111111111112 0.027734375
14 0.8722222222222222 0.9056640625 0.11944444444444445 0.027734375
5 0.12152777777777778 0.1251953125 0.24305555555555555 0.048046875
14 0.5725694444444445 0.1251953125 0.4534722222222222 0.048046875
5 0.9447916666666667 0.125 0.08541666666666667 0.034375
0 0.9510416666666667 0.1251953125 0.09791666666666667 0.048046875
5 0.5 0.48359375 1.0 0.9015625
5 0.05347222222222222 0.062890625 0.058333333333333334 0.0328125
14 0.44479166666666664 0.1228515625 0.8409722222222222 0.032421875
14 0.1763888888888889 0.1537109375 0.30416666666666664 0.029296875
14 0.43472222222222223 0.1537109375 0.1638888888888889 0.029296875
14 0.1625 0.1796875 0.2763888888888889 0.02265625
