5 0.5 0.161328125 1.0 0.32265625
5 1.0 0.161328125 0.0 0.32265625
4 0.06805555555555555 0.07109375 0.1361111111111111 0.0765625
14 0.5 0.3509765625 1.0 0.029296875
14 0.5 0.4015625 1.0 0.0578125
5 0.07326388888888889 0.4732421875 0.07291666666666667 0.054296875
14 0.19131944444444443 0.4732421875 0.06597222222222222 0.029296875
5 0.9635416666666666 0.4732421875 0.07291666666666667 0.054296875
5 0.07326388888888889 0.5431640625 0.07291666666666667 0.054296875
14 0.24722222222222223 0.5431640625 0.17777777777777778 0.029296875
5 0.9635416666666666 0.5431640625 0.07291666666666667 0.054296875
5 0.07326388888888889 0.6130859375 0.07291666666666667 0.054296875
14 0.3840277777777778 0.6005859375 0.4708333333333333 0.029296875
14 0.3840277777777778 0.627734375 0.4708333333333333 0.025
5 0.9635416666666666 0.6130859375 0.07291666666666667 0.054296875
5 0.07326388888888889 0.6830078125 0.07291666666666667 0.054296875
14 0.3347222222222222 0.6705078125 0.37222222222222223 0.029296875
14 0.3347222222222222 0.69765625 0.37222222222222223 0.025
5 0.9635416666666666 0.6830078125 0.07291666666666667 0.054296875
14 0.08854166666666667 0.7671875 0.10347222222222222 0.02578125
14 0.0954861111111111 0.8212890625 0.11736111111111111 0.029296875
14 0.5586805555555555 0.8212890625 0.8090277777777778 0.029296875
14 0.10555555555555556 0.8912109375 0.1375 0.029296875
14 0.56875 0.8912109375 0.7888888888888889 0.029296875
14 0.12256944444444444 0.9404296875 0.17152777777777778 -0.012109375
14 0.5857638888888889 0.9404296875 0.7548611111111111 -0.012109375
0 0.5 0.8974609375 0.9902777777777778 0.068359375
5 0.5 0.42890625 0.975 0.84375
5 0.9875 0.42890625 0.0 0.84375
14 0.9194444444444444 0.8890625 0.1361111111111111 0.0765625
6 0.5 0.48359375 0.11666666666666667 0.065625
