14 0.05347222222222222 0.07109375 0.10694444444444444 0.0765625
14 0.5 0.0708984375 0.4013888888888889 0.029296875
4 0.9465277777777777 0.07109375 0.10694444444444444 0.0765625
0 0.8930555555555556 0.07109375 0.21388888888888888 0.0765625
14 0.5 0.1986328125 1.0 0.112890625
11 0.5 0.1986328125 1.0 0.112890625
3 0.5 0.3142578125 1.0 0.056640625
3 0.5 0.4017578125 1.0 0.056640625
3 0.0 0.342578125 0.0 0.0
3 0.24930555555555556 0.4892578125 0.4986111111111111 0.056640625
3 0.7506944444444444 0.4892578125 0.4986111111111111 0.056640625
0 0.5 0.575 0.7291666666666666 0.065625
5 0.23819444444444443 0.64609375 0.47638888888888886 0.0328125
14 0.5 0.7193359375 0.9027777777777778 0.058984375
14 0.5 0.7634765625 0.9027777777777778 0.029296875
