4 0.052083333333333336 0.026953125 0.09722222222222222 0.05390625
4 0.15833333333333333 0.026953125 0.09722222222222222 0.05390625
14 0.5503472222222222 0.008984375 0.6756944444444445 0.01796875
14 0.5503472222222222 0.0359375 0.6756944444444445 0.0359375
4 0.9440972222222223 0.026953125 0.10486111111111111 0.05390625
5 0.11493055555555555 0.135546875 0.18125 0.1359375
14 0.11458333333333333 0.21640625 0.1375 0.02578125
5 0.3079861111111111 0.135546875 0.18125 0.1359375
14 0.3076388888888889 0.21640625 0.12777777777777777 0.02578125
5 0.5010416666666667 0.135546875 0.18125 0.1359375
14 0.5010416666666667 0.21640625 0.1284722222222222 0.02578125
5 0.6940972222222223 0.135546875 0.18125 0.1359375
14 0.6940972222222223 0.21640625 0.08402777777777778 0.02578125
5 0.8871527777777778 0.135546875 0.18125 0.1359375
14 0.8868055555555555 0.21640625 0.07361111111111111 0.02578125
5 0.11493055555555555 0.33828125 0.18125 0.1359375
14 0.11493055555555555 0.419140625 0.06597222222222222 0.02578125
5 0.3079861111111111 0.33828125 0.18125 0.1359375
14 0.3076388888888889 0.419140625 0.1361111111111111 0.02578125
5 0.5010416666666667 0.33828125 0.18125 0.1359375
14 0.5006944444444444 0.419140625 0.10416666666666667 0.02578125
5 0.6940972222222223 0.33828125 0.18125 0.1359375
14 0.69375 0.419140625 0.12083333333333333 0.02578125
5 0.8871527777777778 0.33828125 0.18125 0.1359375
14 0.8868055555555555 0.419140625 0.10416666666666667 0.02578125
5 0.11493055555555555 0.541015625 0.18125 0.1359375
14 0.11458333333333333 0.621875 0.075 0.02578125
5 0.3079861111111111 0.541015625 0.18125 0.1359375
14 0.3076388888888889 0.621875 0.04861111111111111 0.02578125
5 0.5010416666666667 0.541015625 0.18125 0.1359375
14 0.5006944444444444 0.621875 0.08194444444444444 0.02578125
5 0.6940972222222223 0.541015625 0.18125 0.1359375
14 0.6940972222222223 0.621875 0.052083333333333336 0.02578125
5 0.8871527777777778 0.541015625 0.18125 0.1359375
14 0.8871527777777778 0.621875 0.10902777777777778 0.02578125
5 0.11493055555555555 0.74375 0.18125 0.1359375
14 0.11458333333333333 0.824609375 0.041666666666666664 0.02578125
5 0.3079861111111111 0.74375 0.18125 0.1359375
14 0.3079861111111111 0.824609375 0.06319444444444444 0.02578125
5 0.5010416666666667 0.74375 0.18125 0.1359375
14 0.5006944444444444 0.824609375 0.10277777777777777 0.02578125
5 0.6940972222222223 0.74375 0.18125 0.1359375
14 0.6940972222222223 0.824609375 0.06458333333333334 0.02578125
5 0.8871527777777778 0.74375 0.18125 0.1359375
14 0.8868055555555555 0.824609375 0.05416666666666667 0.02578125
