5 0.0 0.0 0.0 0.0
14 0.0 0.0 0.0 0.0
5 0.0 0.0 0.0 0.0
9 0.0 0.0 0.0 0.0
5 0.0 0.0 0.0 0.0
5 0.0 0.0 0.0 0.0
9 0.0 0.0 0.0 0.0
5 0.0 0.0 0.0 0.0
14 0.5 0.88515625 1.0 0.04375
14 0.09236111111111112 0.85703125 0.13333333333333333 0.02578125
9 0.5006944444444444 0.85703125 0.6833333333333333 0.028125
14 0.9090277777777778 0.85703125 0.13333333333333333 0.02578125
4 0.07708333333333334 0.9015625 0.07777777777777778 0.04375
4 0.36180555555555555 0.9015625 0.07777777777777778 0.04375
4 0.5006944444444444 0.9015625 0.07777777777777778 0.04375
4 0.6395833333333333 0.9015625 0.07777777777777778 0.04375
4 0.0 0.0 0.0 0.0
4 0.0 0.0 0.0 0.0
4 0.0 0.0 0.0 0.0
4 0.0 0.0 0.0 0.0
4 0.0 0.0 0.0 0.0
4 0.0 0.0 0.0 0.0
5 0.0 0.0 0.0 0.0
5 0.0 0.0 0.0 0.0
5 0.0 0.0 0.0 0.0
5 0.019444444444444445 0.0328125 0.03888888888888889 0.021875
5 0.06875 0.0328125 0.07777777777777778 0.04375
14 0.11736111111111111 0.0326171875 0.0 0.033203125
14 0.38055555555555554 0.0328125 0.5013888888888889 0.02578125
5 0.6861111111111111 0.0326171875 0.059722222222222225 0.018359375
14 0.7961805555555556 0.0328125 0.13541666666666666 0.02578125
0 0.9319444444444445 0.0328125 0.1361111111111111 0.065625
