14 0.27152777777777776 0.0736328125 0.4652777777777778 -0.071484375
14 0.8857638888888889 0.0703125 0.15069444444444444 -0.078125
14 0.13819444444444445 0.1171875 0.1986111111111111 0.015625
14 0.36006944444444444 0.1189453125 0.08402777777777778 0.019140625
14 0.5333333333333333 0.1189453125 0.18472222222222223 0.019140625
14 0.7496527777777777 0.1189453125 0.1701388888888889 0.019140625
14 0.07291666666666667 0.1859375 0.06805555555555555 0.03828125
14 0.4361111111111111 0.18359375 0.6041666666666666 0.0296875
14 0.8559027777777778 0.1857421875 0.21041666666666667 0.033203125
5 0.10451388888888889 0.2255859375 0.024305555555555556 0.013671875
14 0.4222222222222222 0.225390625 0.5722222222222222 0.0296875
5 0.10451388888888889 0.2607421875 0.024305555555555556 0.013671875
14 0.5315972222222223 0.29921875 0.7909722222222222 0.10703125
14 0.07291666666666667 0.4171875 0.06805555555555555 0.03828125
14 0.4361111111111111 0.41484375 0.6041666666666666 0.0296875
14 0.8559027777777778 0.4169921875 0.21041666666666667 0.033203125
5 0.10451388888888889 0.4568359375 0.024305555555555556 0.013671875
14 0.4222222222222222 0.456640625 0.5722222222222222 0.0296875
5 0.10451388888888889 0.4919921875 0.024305555555555556 0.013671875
14 0.5315972222222223 0.53046875 0.7909722222222222 0.10703125
14 0.07291666666666667 0.6484375 0.06805555555555555 0.03828125
14 0.4361111111111111 0.64609375 0.6041666666666666 0.0296875
14 0.8559027777777778 0.6482421875 0.21041666666666667 0.033203125
5 0.10451388888888889 0.6880859375 0.024305555555555556 0.013671875
14 0.4222222222222222 0.687890625 0.5722222222222222 0.0296875
5 0.10451388888888889 0.7232421875 0.024305555555555556 0.013671875
14 0.5315972222222223 0.76171875 0.7909722222222222 0.10703125
14 0.07743055555555556 0.8591796875 0.11597222222222223 0.019140625
14 0.33055555555555555 0.89609375 0.6222222222222222 0.0546875
0 0.8135416666666667 0.886328125 0.33402777777777776 0.065625
14 0.0 0.109375 0.0 0.0
0 0.0 0.109375 0.0 0.0
14 0.371875 0.0564453125 0.39375 0.036328125
4 0.06805555555555555 0.07109375 0.1361111111111111 0.0765625
14 0.3059027777777778 0.0892578125 0.26180555555555557 0.029296875
