14 0.465625 0.0509765625 0.39652777777777776 0.036328125
5 0.7479166666666667 0.04921875 0.16805555555555557 0.0328125
5 0.8611111111111112 0.04921875 0.058333333333333334 0.0328125
5 0.5003472222222223 0.225 0.24791666666666667 0.1375
5 0.5 0.226171875 0.49583333333333335 0.275
5 0.25 0.462890625 0.14583333333333334 0.08203125
14 0.25 0.516796875 0.19444444444444445 0.02578125
5 0.75 0.462890625 0.14583333333333334 0.08203125
14 0.75 0.5279296875 0.19444444444444445 0.048046875
5 0.25 0.619140625 0.14583333333333334 0.08203125
14 0.25 0.673046875 0.19444444444444445 0.02578125
5 0.75 0.619140625 0.14583333333333334 0.08203125
14 0.75 0.673046875 0.19444444444444445 0.02578125
