4 0.06805555555555555 0.07109375 0.1361111111111111 0.0765625
14 0.26458333333333334 0.0708984375 0.2375 0.036328125
5 0.13402777777777777 0.259765625 0.24305555555555555 0.13515625
5 0.94375 0.216796875 0.04861111111111111 0.02734375
14 0.6045138888888889 0.21796875 0.6298611111111111 0.0296875
14 0.36041666666666666 0.3044921875 0.14166666666666666 0.018359375
14 0.5024305555555556 0.3044921875 0.10347222222222222 0.018359375
14 0.6288194444444445 0.2640625 0.6784722222222223 0.0625
5 0.13402777777777777 0.407421875 0.24305555555555555 0.13515625
5 0.94375 0.364453125 0.04861111111111111 0.02734375
14 0.6045138888888889 0.365625 0.6298611111111111 0.0296875
14 0.35347222222222224 0.4521484375 0.12777777777777777 0.018359375
14 0.48159722222222223 0.4521484375 0.08958333333333333 0.018359375
14 0.6288194444444445 0.41171875 0.6784722222222223 0.0625
5 0.13402777777777777 0.555078125 0.24305555555555555 0.13515625
5 0.94375 0.512109375 0.04861111111111111 0.02734375
14 0.6045138888888889 0.51328125 0.6298611111111111 0.0296875
14 0.3659722222222222 0.5998046875 0.1527777777777778 0.018359375
14 0.4996527777777778 0.5998046875 0.07569444444444444 0.018359375
14 0.6288194444444445 0.559375 0.6784722222222223 0.0625
5 0.13402777777777777 0.702734375 0.24305555555555555 0.13515625
5 0.94375 0.659765625 0.04861111111111111 0.02734375
14 0.6045138888888889 0.6609375 0.6298611111111111 0.0296875
14 0.37083333333333335 0.7474609375 0.1625 0.018359375
14 0.509375 0.7474609375 0.07569444444444444 0.018359375
14 0.6288194444444445 0.70703125 0.6784722222222223 0.0625
5 0.13402777777777777 0.850390625 0.24305555555555555 0.13515625
5 0.94375 0.807421875 0.04861111111111111 0.02734375
14 0.6045138888888889 0.80859375 0.6298611111111111 0.0296875
14 0.3659722222222222 0.8951171875 0.1527777777777778 0.018359375
14 0.4996527777777778 0.8951171875 0.07569444444444444 0.018359375
14 0.6288194444444445 0.8546875 0.6784722222222223 0.0625
5 0.13402777777777777 0.932421875 0.24305555555555555 0.00390625
5 0.94375 0.937890625 0.04861111111111111 -0.00703125
14 0.6045138888888889 0.937890625 0.6298611111111111 -0.00703125
14 0.6288194444444445 0.952734375 0.6784722222222223 -0.03671875
14 0.13576388888888888 0.1419921875 0.27152777777777776 0.033203125
14 0.5003472222222223 0.1419921875 0.34097222222222223 0.033203125
14 0.8645833333333334 0.1419921875 0.2708333333333333 0.033203125
