14 0.453125 0.066796875 0.55625 0.0328125
4 0.06805555555555555 0.07109375 0.1361111111111111 0.0765625
14 0.5 0.228125 0.9027777777777778 0.0296875
14 0.5 0.28046875 0.9027777777777778 0.04765625
14 0.5 0.334375 0.9027777777777778 0.0328125
14 0.5 0.380859375 0.9027777777777778 0.0328125
14 0.5 0.42734375 0.9027777777777778 0.0328125
5 0.14583333333333334 0.4955078125 0.2916666666666667 0.045703125
14 0.5479166666666667 0.4474609375 0.4638888888888889 -0.050390625
5 0.9368055555555556 0.446484375 0.07777777777777778 -0.05234375
14 0.8388888888888889 0.4474609375 0.10555555555555556 -0.050390625
14 0.6458333333333334 0.470703125 0.6597222222222222 -0.00390625
14 0.3736111111111111 0.5037109375 0.11527777777777778 0.029296875
5 0.0 0.433984375 0.0 -0.07734375
5 0.14583333333333334 0.5814453125 0.2916666666666667 0.123046875
14 0.5479166666666667 0.5357421875 0.4638888888888889 0.022265625
5 0.9368055555555556 0.5359375 0.07777777777777778 0.01796875
14 0.8388888888888889 0.5357421875 0.10555555555555556 0.022265625
14 0.6458333333333334 0.57265625 0.6597222222222222 0.04140625
14 0.36527777777777776 0.6283203125 0.09861111111111111 0.029296875
5 0.0 0.519921875 0.0 0.0
5 0.14583333333333334 0.7892578125 0.2916666666666667 0.123046875
5 0.5 0.7060546875 0.45555555555555555 0.068359375
6 0.4996527777777778 0.934375 0.13958333333333334 0.0
14 0.5 0.934375 1.0 0.0
14 0.11736111111111111 0.150390625 0.18055555555555555 0.03515625
14 0.325 0.150390625 0.12638888888888888 0.03515625
5 0.43194444444444446 0.1517578125 0.0875 0.024609375
14 0.0 0.2744140625 0.0 0.073828125
14 0.0 0.3478515625 0.0 0.073828125
14 0.0 0.4212890625 0.0 0.073828125
14 0.0 0.4947265625 0.0 0.073828125
14 0.0 0.5681640625 0.0 0.073828125
14 0.0 0.6416015625 0.0 0.073828125
14 0.0 0.7150390625 0.0 0.073828125
