14 0.0 0.0654296875 0.0 0.033203125
4 0.0 0.065625 0.0 0.065625
4 0.058333333333333334 0.065625 0.11666666666666667 0.065625
14 0.3902777777777778 0.0654296875 0.5472222222222223 0.033203125
4 0.6055555555555555 0.065625 0.11666666666666667 0.065625
5 0.22083333333333333 0.11875 0.03888888888888889 0.021875
14 0.36319444444444443 0.11875 0.24583333333333332 0.02578125
14 0.3440972222222222 0.1634765625 0.6395833333333333 0.033203125
14 0.20069444444444445 0.2119140625 0.3527777777777778 0.033203125
14 0.16527777777777777 0.2603515625 0.28194444444444444 0.033203125
14 0.20069444444444445 0.3087890625 0.3527777777777778 0.033203125
14 0.2833333333333333 0.3572265625 0.5180555555555556 0.033203125
14 0.21736111111111112 0.4056640625 0.3861111111111111 0.033203125
14 0.19583333333333333 0.4541015625 0.34305555555555556 0.033203125
14 0.27118055555555554 0.5025390625 0.49375 0.033203125
14 0.2565972222222222 0.5509765625 0.46458333333333335 0.033203125
14 0.19236111111111112 0.5994140625 0.33611111111111114 0.033203125
14 0.2638888888888889 0.6478515625 0.4791666666666667 0.033203125
14 0.19756944444444444 0.6962890625 0.34652777777777777 0.033203125
14 0.17777777777777778 0.7447265625 0.30694444444444446 0.033203125
14 0.18784722222222222 0.7931640625 0.32708333333333334 0.033203125
4 0.6055555555555555 0.9056640625 0.11666666666666667 0.057421875
4 0.7222222222222222 0.065625 0.11666666666666667 0.065625
4 0.6638888888888889 0.0328125 0.0 0.0
5 0.7204861111111112 0.0654296875 0.04513888888888889 0.025390625
3 0.8829861111111111 0.065625 0.23402777777777778 0.05625
14 0.9965277777777778 0.111328125 0.006944444444444444 0.02578125
