14 0.2746527777777778 0.0708984375 0.19930555555555557 0.036328125
4 0.06805555555555555 0.07109375 0.1361111111111111 0.0765625
5 0.14583333333333334 0.1603515625 0.21805555555555556 0.081640625
14 0.3972222222222222 0.1603515625 0.17222222222222222 0.033203125
5 0.14583333333333334 0.2970703125 0.21805555555555556 0.081640625
14 0.4173611111111111 0.2970703125 0.2125 0.033203125
5 0.14583333333333334 0.4337890625 0.21805555555555556 0.081640625
14 0.44930555555555557 0.4337890625 0.2763888888888889 0.033203125
5 0.14583333333333334 0.5705078125 0.21805555555555556 0.081640625
14 0.44895833333333335 0.5705078125 0.27569444444444446 0.033203125
5 0.14583333333333334 0.7072265625 0.21805555555555556 0.081640625
14 0.43854166666666666 0.7072265625 0.2548611111111111 0.033203125
5 0.14583333333333334 0.8439453125 0.21805555555555556 0.081640625
14 0.45694444444444443 0.8439453125 0.2916666666666667 0.033203125
5 0.14583333333333334 0.937109375 0.21805555555555556 -0.00546875
14 0.34930555555555554 0.94921875 0.0763888888888889 -0.0296875
0 0.4027777777777778 0.0 -0.8055555555555556 0.0
5 0.0 0.1505859375 0.0 0.169140625
14 0.0 0.0 0.0 0.0
