6 0.5 0.521875 0.11666666666666667 0.065625
5 0.0 0.934375 0.0 0.0
5 0.0 0.934375 0.0 0.0
5 0.0 0.934375 0.0 0.0
5 0.0 0.934375 0.0 0.0
5 1.0 0.1509765625 0.0 0.083203125
14 1.0 0.24765625 0.0 0.071875
5 1.0 0.441796875 0.0 0.31640625
14 0.44027777777777777 0.109375 0.8805555555555555 0.0
5 0.9416666666666667 0.109375 0.11666666666666667 0.0
5 0.5 0.112890625 1.0 0.00703125
14 0.0 0.1380859375 0.0 0.057421875
14 0.0 0.32734375 0.0 0.05703125
14 0.0 0.384375 0.0 0.05703125
14 0.0 0.44140625 0.0 0.05703125
14 0.0 0.4984375 0.0 0.05703125
14 0.0 0.55546875 0.0 0.05703125
14 0.0 0.6125 0.0 0.05703125
14 0.0 0.66953125 0.0 0.05703125
14 0.0 0.7265625 0.0 0.05703125
14 0.0 0.84921875 0.0 0.05703125
14 0.0 0.9060546875 0.0 0.056640625
5 0.3732638888888889 0.0345703125 0.2604166666666667 -0.004296875
5 0.5774305555555556 0.0345703125 0.2604166666666667 -0.004296875
14 0.5774305555555556 0.1126953125 0.66875 -0.015234375
5 0.175 0.07109375 0.1361111111111111 0.06015625
4 0.05347222222222222 0.07109375 0.10694444444444444 0.0765625
5 0.9555555555555556 0.10703125 0.05416666666666667 -0.0421875
5 0.9559027777777778 0.0708984375 0.08819444444444445 0.030078125
