14 0.21493055555555557 0.0708984375 0.0798611111111111 0.036328125
4 0.06805555555555555 0.07109375 0.1361111111111111 0.0765625
5 0.5 0.521875 1.0 0.825
5 0.0 0.109375 0.0 0.0
14 0.0 0.109375 0.0 0.0
14 0.0 0.109375 0.0 0.0
5 0.0 0.109375 0.0 0.0
14 0.5 0.12578125 1.0 0.0328125
5 0.0875 0.191796875 0.09722222222222222 0.0546875
14 0.5680555555555555 0.1771484375 0.7861111111111111 0.033203125
14 0.515625 0.2119140625 0.68125 0.022265625
14 0.9086805555555556 0.2119140625 0.10486111111111111 0.018359375
14 0.0 0.43515625 0.0 0.06015625
5 0.0 0.465234375 0.0 0.0
