5 0.5 0.48359375 1.0 0.9015625
5 0.8298611111111112 0.490625 0.3402777777777778 0.5140625
5 0.875 0.491796875 0.25 0.45078125
5 0.7868055555555555 0.28359375 0.04861111111111111 0.021875
5 0.9267361111111111 0.2837890625 0.14652777777777778 0.008984375
3 0.88125 0.3208984375 0.2375 0.028515625
14 0.7944444444444444 0.3208984375 0.04861111111111111 0.013671875
14 0.878125 0.3431640625 0.24375 0.012890625
5 0.7590277777777777 0.354296875 0.0 0.0
14 0.9263888888888889 0.3646484375 0.14722222222222223 0.016015625
0 0.8826388888888889 0.49921875 0.23472222222222222 0.04375
5 0.06805555555555555 0.215625 0.0875 0.04921875
14 0.28402777777777777 0.215625 0.29583333333333334 0.0296875
5 0.06805555555555555 0.2921875 0.0875 0.04921875
14 0.28402777777777777 0.2921875 0.29583333333333334 0.0296875
5 0.06805555555555555 0.36875 0.0875 0.04921875
14 0.28402777777777777 0.36875 0.29583333333333334 0.0296875
5 0.06805555555555555 0.4453125 0.0875 0.04921875
14 0.28402777777777777 0.4453125 0.29583333333333334 0.0296875
5 0.06805555555555555 0.521875 0.0875 0.04921875
14 0.28402777777777777 0.521875 0.29583333333333334 0.0296875
5 0.06805555555555555 0.5984375 0.0875 0.04921875
14 0.28402777777777777 0.5984375 0.29583333333333334 0.0296875
5 0.06805555555555555 0.675 0.0875 0.04921875
14 0.28402777777777777 0.675 0.29583333333333334 0.0296875
5 0.06805555555555555 0.7515625 0.0875 0.04921875
14 0.28402777777777777 0.7515625 0.29583333333333334 0.0296875
