5 0.4996527777777778 0.25234375 0.49375 0.121875
14 0.4996527777777778 0.30859375 0.22291666666666668 0.02734375
5 0.0 0.109375 0.0 0.0
14 0.0 0.109375 0.0 0.0
5 0.0 0.109375 0.0 0.0
14 0.0 0.109375 0.0 0.0
14 0.0 0.109375 0.0 0.0
14 0.0 0.109375 0.0 0.0
4 0.0 0.109375 0.0 0.0
4 0.0 0.109375 0.0 0.0
4 0.0 0.109375 0.0 0.0
5 0.0 0.109375 0.0 0.0
4 0.0 0.109375 0.0 0.0
14 0.0 0.109375 0.0 0.0
14 0.0 0.109375 0.0 0.0
9 0.0 0.109375 0.0 0.0
4 0.0 0.109375 0.0 0.0
14 0.5104166666666666 0.412890625 0.9791666666666666 0.02578125
13 0.5 0.267578125 1.0 0.31640625
5 0.0 0.109375 0.0 0.0
5 0.0 0.109375 0.0 0.0
14 0.0 0.109375 0.0 0.0
5 0.0 0.109375 0.0 0.0
14 0.0 0.109375 0.0 0.0
14 0.0 0.109375 0.0 0.0
14 0.0 0.109375 0.0 0.0
14 0.5 0.4859375 0.9513888888888888 0.08984375
14 0.14340277777777777 0.5521484375 0.23819444444444443 0.042578125
5 0.0 0.42578125 0.0 0.0
14 0.5 0.62265625 1.0 0.065625
5 0.1701388888888889 0.723828125 0.2916666666666667 0.0984375
14 0.43333333333333335 0.680859375 0.16111111111111112 0.02265625
14 0.5277777777777778 0.680859375 0.027777777777777776 0.02265625
14 0.5666666666666667 0.680859375 0.05 0.02265625
14 0.6642361111111111 0.7220703125 0.6229166666666667 0.059765625
5 0.3697916666666667 0.7634765625 0.034027777777777775 0.019140625
5 0.1701388888888889 0.862109375 0.2916666666666667 0.0984375
14 0.42986111111111114 0.819140625 0.15416666666666667 0.02265625
14 0.5208333333333334 0.819140625 0.027777777777777776 0.02265625
14 0.5600694444444444 0.819140625 0.050694444444444445 0.02265625
14 0.6642361111111111 0.8603515625 0.6229166666666667 0.059765625
5 0.3697916666666667 0.9017578125 0.034027777777777775 0.019140625
5 0.1701388888888889 0.9427734375 0.2916666666666667 -0.016796875
14 0.42986111111111114 0.940234375 0.15416666666666667 -0.01171875
14 0.5208333333333334 0.940234375 0.027777777777777776 -0.01171875
14 0.5597222222222222 0.940234375 0.05 -0.01171875
14 0.6642361111111111 0.9515625 0.6229166666666667 -0.034375
5 0.5 0.7619140625 0.45 0.068359375
4 0.06805555555555555 0.07109375 0.1361111111111111 0.0765625
5 0.78125 0.07109375 0.16527777777777777 0.02734375
5 0.1361111111111111 0.049609375 0.0 0.0
5 0.1361111111111111 0.049609375 0.0 0.0
14 0.4149305555555556 0.07109375 0.5576388888888889 0.04296875
5 0.9319444444444445 0.07109375 0.07777777777777778 0.04375
5 0.8638888888888889 0.0328125 0.0 0.0
