14 0.2465277777777778 0.0708984375 0.14305555555555555 0.036328125
4 0.06805555555555555 0.07109375 0.1361111111111111 0.0765625
5 0.5 0.1796875 0.1527777777777778 0.0859375
14 0.18229166666666666 0.2630859375 0.3645833333333333 0.033203125
14 0.3940972222222222 0.2630859375 0.010416666666666666 0.033203125
14 0.5666666666666667 0.26328125 0.2861111111111111 0.05390625
14 0.0 0.13671875 0.0 0.0
14 0.0 0.13671875 0.0 0.0
14 0.0 0.13671875 0.0 0.0
14 0.18229166666666666 0.3169921875 0.3645833333333333 0.033203125
14 0.3940972222222222 0.3169921875 0.010416666666666666 0.033203125
14 0.4954861111111111 0.3171875 0.14375 0.05390625
14 0.18229166666666666 0.3708984375 0.3645833333333333 0.033203125
14 0.3940972222222222 0.3708984375 0.010416666666666666 0.033203125
14 0.6100694444444444 0.37109375 0.3729166666666667 0.05390625
14 0.18229166666666666 0.4248046875 0.3645833333333333 0.033203125
14 0.3940972222222222 0.4248046875 0.010416666666666666 0.033203125
14 0.4829861111111111 0.425 0.11875 0.05390625
14 0.5 0.828515625 0.2111111111111111 0.02578125
0 0.5 0.887890625 0.9513888888888888 0.065625
