14 0.25 0.0380859375 0.14027777777777778 0.027734375
14 0.7496527777777777 0.0380859375 0.09652777777777778 0.027734375
3 0.4965277777777778 0.0724609375 0.9194444444444444 -0.008203125
14 0.5 0.1548828125 0.9222222222222223 -0.156640625
14 0.5 0.18046875 0.9222222222222223 -0.2078125
5 0.10208333333333333 0.090234375 0.09722222222222222 0.02734375
14 0.5194444444444445 0.07890625 0.6597222222222222 0.0046875
14 0.5194444444444445 0.094140625 0.6597222222222222 0.02578125
12 0.9173611111111111 0.084765625 0.058333333333333334 0.01640625
5 0.140625 0.166796875 0.17430555555555555 0.0875
5 0.31979166666666664 0.166796875 0.17430555555555555 0.0875
5 0.49930555555555556 0.166796875 0.175 0.0875
5 0.6791666666666667 0.166796875 0.175 0.0875
5 0.8590277777777777 0.166796875 0.175 0.0875
5 0.10208333333333333 0.28984375 0.09722222222222222 0.0546875
14 0.5194444444444445 0.276953125 0.6597222222222222 0.03515625
14 0.5194444444444445 0.307421875 0.6597222222222222 0.02578125
12 0.9173611111111111 0.28984375 0.058333333333333334 0.0328125
5 0.140625 0.380078125 0.17430555555555555 0.0875
5 0.31979166666666664 0.380078125 0.17430555555555555 0.0875
5 0.49930555555555556 0.380078125 0.175 0.0875
5 0.6791666666666667 0.380078125 0.175 0.0875
5 0.8590277777777777 0.380078125 0.175 0.0875
5 0.10208333333333333 0.503125 0.09722222222222222 0.0546875
14 0.5194444444444445 0.490234375 0.6597222222222222 0.03515625
14 0.5194444444444445 0.520703125 0.6597222222222222 0.02578125
12 0.9173611111111111 0.503125 0.058333333333333334 0.0328125
5 0.140625 0.593359375 0.17430555555555555 0.0875
5 0.31979166666666664 0.593359375 0.17430555555555555 0.0875
5 0.49930555555555556 0.593359375 0.175 0.0875
5 0.6791666666666667 0.593359375 0.175 0.0875
5 0.8590277777777777 0.593359375 0.175 0.0875
5 0.10208333333333333 0.71640625 0.09722222222222222 0.0546875
14 0.5194444444444445 0.703515625 0.6597222222222222 0.03515625
14 0.5194444444444445 0.733984375 0.6597222222222222 0.02578125
12 0.9173611111111111 0.71640625 0.058333333333333334 0.0328125
5 0.140625 0.806640625 0.17430555555555555 0.0875
5 0.31979166666666664 0.806640625 0.17430555555555555 0.0875
5 0.49930555555555556 0.806640625 0.175 0.0875
5 0.6791666666666667 0.806640625 0.175 0.0875
5 0.8590277777777777 0.806640625 0.175 0.0875
5 0.10208333333333333 0.918359375 0.09722222222222222 0.03203125
14 0.5194444444444445 0.916796875 0.6597222222222222 0.03515625
14 0.5194444444444445 0.934375 0.6597222222222222 0.0
12 0.9173611111111111 0.923828125 0.058333333333333334 0.02109375
5 0.140625 0.9552734375 0.17430555555555555 -0.041796875
5 0.31979166666666664 0.9552734375 0.17430555555555555 -0.041796875
5 0.49930555555555556 0.9552734375 0.175 -0.041796875
5 0.6791666666666667 0.9552734375 0.175 -0.041796875
5 0.8590277777777777 0.9552734375 0.175 -0.041796875
