14 0.171875 0.0708984375 0.2659722222222222 0.036328125
5 0.8152777777777778 0.07109375 0.07777777777777778 0.04375
5 0.7472222222222222 0.0328125 0.0 0.0
14 0.21805555555555556 0.1423828125 0.4361111111111111 0.066015625
14 0.5163194444444444 0.1423828125 0.16041666666666668 0.066015625
14 0.6961805555555556 0.1423828125 0.19930555555555557 0.066015625
14 0.5 0.1927734375 1.0 0.034765625
14 0.5 0.456640625 1.0 0.49296875
5 0.5 0.2283203125 0.9902777777777778 0.105859375
0 0.5 0.8015625 1.0 0.065625
0 0.5 0.7359375 1.0 0.065625
