3 0.0 0.0328125 0.0 0.0
5 0.0 0.0328125 0.0 0.0
14 0.26145833333333335 0.0708984375 0.17291666666666666 0.036328125
4 0.06805555555555555 0.07109375 0.1361111111111111 0.0765625
14 0.10034722222222223 0.1421875 0.12291666666666666 0.065625
5 0.06805555555555555 0.2078125 0.058333333333333334 0.0328125
14 0.5486111111111112 0.2076171875 0.825 0.033203125
5 0.06805555555555555 0.2734375 0.058333333333333334 0.0328125
14 0.5486111111111112 0.2732421875 0.825 0.033203125
14 0.12118055555555556 0.3390625 0.16458333333333333 0.065625
5 0.06805555555555555 0.4046875 0.058333333333333334 0.0328125
14 0.5486111111111112 0.4044921875 0.825 0.033203125
