14 0.26979166666666665 0.0708984375 0.24791666666666667 0.036328125
4 0.06805555555555555 0.07109375 0.1361111111111111 0.0765625
5 0.0 0.0328125 0.0 0.0
14 0.0 0.0328125 0.0 0.0
14 0.0 0.0328125 0.0 0.0
14 0.5 0.155078125 0.9027777777777778 0.09140625
5 0.5 0.2921875 0.8055555555555556 0.1828125
14 0.44479166666666664 0.4314453125 0.6951388888888889 0.068359375
14 0.3871527777777778 0.5 0.5798611111111112 0.06875
14 0.32881944444444444 0.56875 0.46319444444444446 0.06875
14 0.39375 0.6375 0.5930555555555556 0.06875
0 0.20416666666666666 0.718359375 0.21388888888888888 0.065625
0 0.63125 0.718359375 0.5430555555555555 0.065625
5 0.8298611111111112 0.833203125 0.14583333333333334 0.1640625
14 0.6673611111111111 0.842578125 0.17916666666666667 0.02578125
5 0.3402777777777778 0.9001953125 0.6611111111111111 0.068359375
5 0.3402777777777778 0.0697265625 0.6805555555555556 0.073828125
14 0.3402777777777778 0.151953125 0.6027777777777777 0.065625
14 0.3402777777777778 0.239453125 0.6805555555555556 0.065625
14 0.3402777777777778 0.305078125 0.6027777777777777 0.065625
14 0.3402777777777778 0.370703125 0.6027777777777777 0.065625
14 0.3402777777777778 0.436328125 0.6027777777777777 0.065625
