14 0.5 0.0669921875 0.2986111111111111 0.045703125
0 0.04861111111111111 0.066796875 0.09722222222222222 0.0546875
5 0.5 0.4220703125 0.8944444444444445 0.582421875
0 0.5 0.71328125 0.8944444444444445 0.16640625
0 0.5 0.8654296875 0.8944444444444445 0.137890625
14 0.4996527777777778 0.3171875 0.8854166666666666 0.03984375
14 0.5 0.5736328125 0.39166666666666666 0.058203125
0 0.8357638888888889 0.5673828125 0.13402777777777777 0.075390625
0 0.1642361111111111 0.5673828125 0.13402777777777777 0.075390625
14 0.4996527777777778 0.178125 0.19236111111111112 0.03984375
