14 0.2798611111111111 0.0708984375 0.20972222222222223 0.036328125
4 0.06805555555555555 0.07109375 0.1361111111111111 0.0765625
0 0.5 0.1640625 0.9222222222222223 0.065625
14 0.5 0.21171875 0.9222222222222223 0.0296875
14 0.5 0.301953125 0.9222222222222223 0.10703125
0 0.5 0.401953125 0.9222222222222223 0.065625
0 0.5 0.474609375 0.9222222222222223 0.065625
14 0.0 0.2265625 0.0 0.0
14 0.0 0.2265625 0.0 0.0
14 0.0 0.2265625 0.0 0.0
14 0.0 0.2265625 0.0 0.0
5 0.0 0.2265625 0.0 0.0
14 0.0 0.2265625 0.0 0.0
5 0.0 0.2265625 0.0 0.0
14 0.0 0.2265625 0.0 0.0
5 0.0 0.2265625 0.0 0.0
14 0.0 0.2265625 0.0 0.0
5 0.0 0.2265625 0.0 0.0
14 0.0 0.2265625 0.0 0.0
14 0.0 0.2265625 0.0 0.0
14 0.0 0.2265625 0.0 0.0
0 0.0 0.2265625 0.0 0.0
14 0.0 0.2265625 0.0 0.0
14 0.0 0.2265625 0.0 0.0
14 0.0 0.2265625 0.0 0.0
14 0.0 0.2265625 0.0 0.0
14 0.0 0.2265625 0.0 0.0
5 0.0 0.2265625 0.0 0.0
14 0.0 0.2265625 0.0 0.0
5 0.0 0.2265625 0.0 0.0
14 0.0 0.2265625 0.0 0.0
14 0.0 0.2265625 0.0 0.0
5 0.0 0.2265625 0.0 0.0
14 0.0 0.2265625 0.0 0.0
5 0.0 0.2265625 0.0 0.0
14 0.0 0.2265625 0.0 0.0
14 0.0 0.2265625 0.0 0.0
14 0.0 0.2265625 0.0 0.0
0 0.0 0.2265625 0.0 0.0
