4 0.058333333333333334 0.065625 0.11666666666666667 0.065625
0 0.4996527777777778 0.065625 0.3923611111111111 0.065625
5 0.9416666666666667 0.065625 0.11666666666666667 0.065625
5 0.5 0.091796875 0.03888888888888889 -0.01640625
14 0.007638888888888889 0.07265625 0.0 -0.0546875
5 0.2545138888888889 0.2185546875 0.46875 0.237109375
14 0.4395833333333333 0.0556640625 0.09861111111111111 -0.088671875
5 0.4340277777777778 0.36953125 0.10972222222222222 0.06171875
14 0.08611111111111111 0.358203125 0.10694444444444444 0.034375
14 0.078125 0.3865234375 0.09097222222222222 0.022265625
5 0.7447916666666666 0.2185546875 0.46875 0.237109375
5 0.9243055555555556 0.36953125 0.10972222222222222 0.06171875
14 0.5763888888888888 0.36953125 0.10694444444444444 0.034375
5 0.2545138888888889 0.5921875 0.46875 0.353125
5 0.4340277777777778 0.801171875 0.10972222222222222 0.06171875
14 0.08611111111111111 0.801171875 0.10694444444444444 0.034375
5 0.7447916666666666 0.5921875 0.46875 0.353125
5 0.9243055555555556 0.801171875 0.10972222222222222 0.06171875
14 0.5763888888888888 0.801171875 0.10694444444444444 0.034375
5 0.2545138888888889 0.8908203125 0.46875 0.087109375
14 0.4395833333333333 0.8609375 0.09861111111111111 0.02734375
5 0.7447916666666666 0.8908203125 0.46875 0.087109375
14 0.9298611111111111 0.8609375 0.09861111111111111 0.02734375
5 0.5 0.942578125 0.03888888888888889 -0.01640625
14 0.007638888888888889 0.934375 0.0 0.0
14 0.11701388888888889 0.119921875 0.20902777777777778 0.02578125
14 0.6045138888888889 0.119921875 0.7659722222222223 0.02578125
7 0.14375 0.168359375 0.2875 0.05703125
7 0.4340277777777778 0.168359375 0.2875 0.05703125
7 0.7243055555555555 0.168359375 0.2875 0.05703125
5 0.9347222222222222 0.1669921875 0.03888888888888889 0.025390625
5 0.0 0.1 0.0 0.0
14 0.0 0.1 0.0 0.0
