14 0.5 0.1044921875 0.9027777777777778 0.088671875
14 0.5 0.1708984375 0.9027777777777778 0.030078125
5 0.5 0.5779296875 1.0 0.712890625
14 0.5 0.2650390625 0.5486111111111112 0.018359375
5 0.5006944444444444 0.3890625 0.4027777777777778 0.1328125
14 0.5003472222222223 0.4802734375 0.4270833333333333 0.022265625
14 0.42986111111111114 0.5154296875 0.03611111111111111 0.020703125
14 0.5184027777777778 0.515625 0.11597222222222223 0.02109375
14 0.5006944444444444 0.58125 0.19305555555555556 0.02578125
5 0.7184027777777777 0.3357421875 0.10902777777777778 0.061328125
14 0.71875 0.3349609375 0.025 0.024609375
5 0.11145833333333334 0.772265625 0.22291666666666668 0.1515625
14 0.03298611111111111 0.8634765625 0.06597222222222222 0.019140625
14 0.05381944444444445 0.93203125 0.1076388888888889 0.0046875
5 0.1527777777777778 0.7205078125 0.09861111111111111 0.055078125
14 0.153125 0.719921875 0.06736111111111111 0.021875
5 0.5003472222222223 0.7662109375 0.4951388888888889 0.168359375
14 0.43819444444444444 0.8673828125 0.03611111111111111 0.020703125
14 0.5184027777777778 0.867578125 0.09930555555555555 0.02109375
14 0.5003472222222223 0.9376953125 0.23819444444444443 -0.006640625
5 0.6697916666666667 0.7087890625 0.10902777777777778 0.061328125
14 0.6701388888888888 0.7080078125 0.05 0.024609375
5 0.8888888888888888 0.772265625 0.2222222222222222 0.1515625
14 0.9444444444444444 0.86328125 0.03194444444444444 0.01875
14 0.9861111111111112 0.8634765625 0.027777777777777776 0.019140625
14 0.9465277777777777 0.93203125 0.10694444444444444 0.0046875
