14 0.10625 0.07109375 0.13472222222222222 0.03203125
14 0.2545138888888889 0.1412109375 0.07291666666666667 0.028515625
14 0.2545138888888889 0.167578125 0.22569444444444445 0.01953125
14 0.7565972222222223 0.1412109375 0.07291666666666667 0.028515625
14 0.75625 0.167578125 0.20277777777777778 0.01953125
14 0.4996527777777778 0.223828125 0.19652777777777777 0.0375
14 0.1 0.2873046875 0.2 0.062890625
14 0.3 0.2873046875 0.2 0.062890625
14 0.5 0.2873046875 0.2 0.062890625
14 0.7 0.2873046875 0.2 0.062890625
14 0.9 0.2873046875 0.2 0.062890625
9 0.5 0.4392578125 0.7944444444444444 0.031640625
14 0.15208333333333332 0.4689453125 0.05 0.019140625
14 0.8395833333333333 0.4689453125 0.06666666666666667 0.019140625
14 0.4996527777777778 0.3837890625 0.17430555555555555 0.024609375
0 0.5 0.8794921875 0.9444444444444444 0.078515625
