14 0.29965277777777777 0.07109375 0.27847222222222223 0.03203125
4 0.06805555555555555 0.07109375 0.1361111111111111 0.0765625
0 0.9513888888888888 0.07109375 0.09722222222222222 0.065625
5 0.08819444444444445 0.171875 0.08055555555555556 0.0453125
14 0.24270833333333333 0.1515625 0.18819444444444444 0.02421875
14 0.5503472222222222 0.180859375 0.8034722222222223 0.034375
5 0.08819444444444445 0.265625 0.08055555555555556 0.0453125
14 0.21979166666666666 0.2453125 0.1423611111111111 0.02421875
14 0.25243055555555555 0.2798828125 0.2076388888888889 0.023828125
5 0.5618055555555556 0.265625 0.08055555555555556 0.0453125
14 0.7052083333333333 0.2453125 0.16597222222222222 0.02421875
14 0.7260416666666667 0.2798828125 0.2076388888888889 0.023828125
5 0.08611111111111111 0.35 0.0763888888888889 0.04296875
14 0.2152777777777778 0.3296875 0.14166666666666666 0.02421875
14 0.16180555555555556 0.362109375 0.034722222222222224 0.040625
5 0.46770833333333334 0.3728515625 0.021527777777777778 0.019140625
5 0.5621527777777777 0.3498046875 0.08125 0.045703125
14 0.6739583333333333 0.3296875 0.11597222222222223 0.02421875
14 0.6333333333333333 0.362109375 0.034722222222222224 0.040625
5 0.9413194444444445 0.3728515625 0.021527777777777778 0.019140625
5 0.08680555555555555 0.4390625 0.07777777777777778 0.04375
14 0.3597222222222222 0.4390625 0.42777777777777776 0.02421875
5 0.934375 0.4388671875 0.035416666666666666 0.019921875
0 0.5 0.8794921875 0.9444444444444444 0.078515625
