4 0.06805555555555555 0.07109375 0.1361111111111111 0.0765625
14 0.35381944444444446 0.0708984375 0.3576388888888889 0.036328125
14 0.5194444444444445 0.1501953125 0.9611111111111111 0.027734375
14 0.5194444444444445 0.2322265625 0.9611111111111111 0.027734375
14 0.5194444444444445 0.3142578125 0.9611111111111111 0.027734375
14 0.5194444444444445 0.3962890625 0.9611111111111111 0.027734375
14 0.5194444444444445 0.4783203125 0.9611111111111111 0.027734375
14 0.5194444444444445 0.5603515625 0.9611111111111111 0.027734375
14 0.5194444444444445 0.6423828125 0.9611111111111111 0.027734375
14 0.5194444444444445 0.7244140625 0.9611111111111111 0.027734375
14 0.5194444444444445 0.8064453125 0.9611111111111111 0.027734375
14 0.5194444444444445 0.8884765625 0.9611111111111111 0.027734375
5 0.7618055555555555 0.1416015625 0.03888888888888889 0.017578125
14 0.8006944444444445 0.1416015625 0.0 0.031640625
5 0.8347222222222223 0.1416015625 0.029166666666666667 0.017578125
14 0.86875 0.1416015625 0.0 0.031640625
5 0.9052083333333333 0.1416015625 0.034027777777777775 0.017578125
14 0.9416666666666667 0.1416015625 0.0 0.031640625
14 0.0 0.0328125 0.0 0.0
14 0.0 0.0328125 0.0 0.0
5 0.0 0.1056640625 0.0 0.211328125
5 0.0 0.171484375 0.0 0.0546875
