5 0.5 0.0546875 1.0 0.109375
4 0.06805555555555555 0.07109375 0.1361111111111111 0.0765625
5 0.140625 0.1248046875 0.1701388888888889 0.030859375
5 0.8958333333333334 0.087890625 0.058333333333333334 -0.04296875
14 0.5211805555555555 0.102734375 0.5520833333333334 -0.01328125
14 0.5850694444444444 0.1234375 0.6798611111111111 0.028125
0 0.8246527777777778 0.183984375 0.27847222222222223 0.065625
14 0.5 0.287109375 0.9277777777777778 0.0875
14 0.5 0.4896484375 0.9277777777777778 0.314453125
14 0.14444444444444443 0.681640625 0.1388888888888889 0.02578125
14 0.29131944444444446 0.681640625 0.15486111111111112 0.02578125
14 0.5 0.751953125 0.9416666666666667 0.028125
5 0.18611111111111112 0.79140625 0.24305555555555555 -0.05078125
14 0.18611111111111112 0.859765625 0.24305555555555555 -0.1875
5 0.5 0.79140625 0.24305555555555555 -0.05078125
14 0.5 0.859765625 0.24305555555555555 -0.1875
5 0.8138888888888889 0.79140625 0.24305555555555555 -0.05078125
14 0.8138888888888889 0.859765625 0.24305555555555555 -0.1875
5 0.0 0.0 0.0 0.0
5 0.0 0.0 0.0 0.0
14 0.0 0.0 0.0 0.0
14 0.0 0.0 0.0 0.0
