5 0.5 0.0546875 1.0 0.109375
4 0.06805555555555555 0.07109375 0.1361111111111111 0.0765625
0 0.8246527777777778 0.0876953125 0.27847222222222223 -0.043359375
14 0.5 0.1447265625 0.9277777777777778 0.070703125
14 0.5 0.35 0.9277777777777778 0.33671875
14 0.14444444444444443 0.553125 0.1388888888888889 0.02578125
14 0.3385416666666667 0.553125 0.24930555555555556 0.02578125
14 0.5 0.648828125 0.9416666666666667 0.07890625
5 0.18611111111111112 0.756640625 0.24305555555555555 0.13671875
14 0.18611111111111112 0.843359375 0.24305555555555555 0.03671875
5 0.5 0.756640625 0.24305555555555555 0.13671875
14 0.5 0.843359375 0.24305555555555555 0.03671875
5 0.8138888888888889 0.756640625 0.24305555555555555 0.13671875
14 0.8138888888888889 0.843359375 0.24305555555555555 0.03671875
5 0.0 0.0 0.0 0.0
5 0.0 0.0 0.0 0.0
14 0.0 0.0 0.0 0.0
14 0.0 0.0 0.0 0.0
