14 0.28541666666666665 0.0708984375 0.22083333333333333 0.040234375
4 0.06805555555555555 0.07109375 0.1361111111111111 0.0765625
14 0.5 0.253515625 0.9611111111111111 0.28828125
5 0.06701388888888889 0.068359375 0.09513888888888888 -0.08203125
14 0.05625 0.057421875 0.016666666666666666 -0.10390625
14 0.5 0.6265625 0.9611111111111111 0.4359375
5 0.06701388888888889 0.44140625 0.09513888888888888 0.065625
14 0.05625 0.4412109375 0.016666666666666666 0.022265625
14 0.5 0.859375 0.9611111111111111 0.0078125
5 0.06701388888888889 0.859375 0.09513888888888888 0.0078125
14 0.05625 0.8701171875 0.016666666666666666 -0.013671875
14 0.3402777777777778 0.065625 0.5180555555555556 0.04375
14 0.3402777777777778 0.175 0.6027777777777777 0.065625
14 0.3402777777777778 0.240625 0.6027777777777777 0.065625
14 0.3402777777777778 0.30625 0.6027777777777777 0.065625
14 0.3402777777777778 0.371875 0.6027777777777777 0.065625
14 0.3402777777777778 0.4375 0.6027777777777777 0.065625
14 0.3402777777777778 0.503125 0.6027777777777777 0.065625
14 0.3402777777777778 0.56875 0.6027777777777777 0.065625
14 0.3402777777777778 0.634375 0.6027777777777777 0.065625
