14 0.18055555555555555 0.159375 0.3611111111111111 0.0453125
14 0.1517361111111111 0.2146484375 0.22569444444444445 0.037890625
11 0.9034722222222222 0.2146484375 0.11527777777777778 0.037109375
14 0.5 0.28515625 1.0 0.07578125
14 0.1527777777777778 0.407421875 0.3055555555555556 0.0453125
14 0.17673611111111112 0.4626953125 0.27569444444444446 0.037890625
14 0.7461805555555555 0.4626953125 0.3951388888888889 0.037890625
14 0.1920138888888889 0.5279296875 0.30625 0.037890625
14 0.8625 0.5279296875 0.1625 0.037890625
14 0.11597222222222223 0.5931640625 0.15416666666666667 0.037890625
14 0.8458333333333333 0.5931640625 0.19583333333333333 0.037890625
14 0.11180555555555556 0.6583984375 0.14583333333333334 0.037890625
14 0.8458333333333333 0.6583984375 0.19583333333333333 0.037890625
14 0.5 0.730859375 1.0 0.02734375
14 0.2861111111111111 0.0708984375 0.2222222222222222 0.036328125
4 0.06805555555555555 0.07109375 0.1361111111111111 0.0765625
