6 0.5 0.4671875 0.11666666666666667 0.065625
14 0.0 0.109375 0.0 0.0
14 0.0 0.109375 0.0 0.0
6 0.0 0.109375 0.0 0.0
5 0.0 0.109375 0.0 0.0
14 0.0 0.109375 0.0 0.0
14 0.0 0.109375 0.0 0.0
14 0.0 0.109375 0.0 0.0
14 0.9006944444444445 0.3138671875 0.12083333333333333 0.038671875
14 0.20729166666666668 0.3138671875 0.3368055555555556 0.033203125
14 0.9006944444444445 0.7197265625 0.12083333333333333 0.038671875
14 0.34097222222222223 0.7197265625 0.6041666666666666 0.033203125
5 1.0 0.109375 0.0 0.0
14 1.0 0.109375 0.0 0.0
14 1.0 0.109375 0.0 0.0
14 1.0 0.109375 0.0 0.0
6 1.0 0.109375 0.0 0.0
14 1.0 0.109375 0.0 0.0
14 1.0 0.109375 0.0 0.0
5 1.0 0.109375 0.0 0.0
5 1.0 0.109375 0.0 0.0
14 1.0 0.109375 0.0 0.0
14 1.0 0.109375 0.0 0.0
5 1.0 0.109375 0.0 0.0
5 1.0 0.109375 0.0 0.0
14 1.0 0.109375 0.0 0.0
14 1.0 0.109375 0.0 0.0
5 0.08263888888888889 0.07109375 0.12638888888888888 0.0765625
5 0.20902777777777778 0.07109375 0.12638888888888888 0.0765625
5 0.33541666666666664 0.07109375 0.12638888888888888 0.0765625
5 0.6597222222222222 0.133984375 0.5638888888888889 0.13671875
5 0.6597222222222222 0.133984375 0.5638888888888889 0.13671875
14 0.3194444444444444 0.0328125 0.0 0.0
5 0.3194444444444444 0.0328125 0.0 0.0
14 0.3194444444444444 0.0328125 0.0 0.0
5 0.3194444444444444 0.0328125 0.0 0.0
14 0.3194444444444444 0.0328125 0.0 0.0
14 0.3194444444444444 0.0328125 0.0 0.0
14 0.6597222222222222 0.26796875 0.6805555555555556 0.065625
14 0.6597222222222222 0.33359375 0.6805555555555556 0.065625
14 0.6597222222222222 0.39921875 0.6805555555555556 0.065625
14 0.6597222222222222 0.46484375 0.6805555555555556 0.065625
