0 0.9194444444444444 0.830078125 0.09722222222222222 0.0546875
14 0.0 0.1447265625 0.0 0.033203125
14 0.0 0.2162109375 0.0 0.033203125
14 0.0 0.2876953125 0.0 0.033203125
14 0.0 0.3591796875 0.0 0.033203125
14 0.0 0.4306640625 0.0 0.033203125
14 0.0 0.5021484375 0.0 0.033203125
14 0.0 0.5736328125 0.0 0.033203125
14 0.0 0.6451171875 0.0 0.033203125
14 0.0 0.7166015625 0.0 0.033203125
14 0.0 0.7880859375 0.0 0.033203125
14 0.0 0.8595703125 0.0 0.033203125
14 0.0 0.9244140625 0.0 0.019921875
14 0.23125 0.0708984375 0.1125 0.036328125
4 0.06805555555555555 0.07109375 0.1361111111111111 0.0765625
