14 0.5 0.1859375 1.0 0.04375
14 0.5 0.240625 1.0 0.065625
14 0.5 0.29609375 1.0 0.04375
14 0.5 0.35078125 1.0 0.065625
14 0.5 0.40625 1.0 0.04375
14 0.5 0.4609375 1.0 0.065625
14 0.5 0.51640625 1.0 0.04375
14 0.5 0.5833984375 1.0 0.090234375
14 0.5 0.651171875 1.0 0.04375
14 0.5 0.7609375 1.0 0.17578125
14 0.5 0.871484375 1.0 0.04375
14 0.5 0.9138671875 1.0 0.041015625
14 0.5 0.54921875 1.0 0.7703125
5 0.06875 0.065625 0.07777777777777778 0.04375
0 0.9319444444444445 0.065625 0.1361111111111111 0.065625
14 0.23055555555555557 0.065625 0.2263888888888889 0.065625
5 0.12638888888888888 0.13125 0.07777777777777778 0.04375
5 0.3763888888888889 0.13125 0.09166666666666666 0.0515625
5 0.6263888888888889 0.13125 0.07777777777777778 0.04375
5 0.8770833333333333 0.13125 0.07777777777777778 0.04375
5 0.9038194444444444 0.1212890625 0.052083333333333336 0.029296875
14 0.903125 0.1212890625 0.052083333333333336 0.029296875
