4 0.06805555555555555 0.07109375 0.1361111111111111 0.0765625
14 0.26458333333333334 0.0708984375 0.2375 0.036328125
12 0.09722222222222222 0.175 0.15555555555555556 0.0875
14 0.9409722222222222 0.1349609375 0.11805555555555555 0.018359375
5 0.9416666666666667 0.166015625 0.07777777777777778 0.04375
5 0.9416666666666667 0.209765625 0.07777777777777778 0.04375
14 0.5381944444444444 0.1478515625 0.6875 0.033203125
14 0.5486111111111112 0.175 0.7083333333333334 0.02578125
5 0.4996527777777778 0.5873046875 0.20902777777777778 0.117578125
5 0.5 0.5599609375 1.0 0.117578125
6 0.5 0.5599609375 1.0 0.117578125
14 0.5 0.64609375 1.0 0.0546875
5 0.5 0.5498046875 1.0 0.117578125
14 0.5 0.6462890625 1.0 0.075390625
0 0.5 0.87421875 0.1361111111111111 0.0765625
14 0.0 0.0328125 0.0 0.0
5 0.2916666666666667 0.0609375 0.5833333333333334 0.121875
5 0.2232638888888889 0.084765625 0.36875 0.04140625
14 0.2916666666666667 0.1509765625 0.5833333333333334 0.055078125
14 0.2916666666666667 0.204296875 0.5833333333333334 0.0515625
14 0.2916666666666667 0.257421875 0.5833333333333334 0.0515625
14 0.2916666666666667 0.310546875 0.5833333333333334 0.0515625
14 0.2916666666666667 0.363671875 0.5833333333333334 0.0515625
14 0.2916666666666667 0.416796875 0.5833333333333334 0.0515625
14 0.2916666666666667 0.484375 0.5833333333333334 0.08359375
14 0.2916666666666667 0.5552734375 0.5833333333333334 0.055078125
14 0.1125 0.8958984375 0.225 0.033203125
5 0.5152777777777777 0.89609375 0.1361111111111111 0.0765625
5 0.37916666666666665 0.89609375 0.1361111111111111 0.0765625
14 0.29131944444444446 0.4669921875 0.3090277777777778 0.033203125
6 0.2916666666666667 0.406640625 0.11666666666666667 0.065625
