14 0.65625 0.365625 0.6875 0.02578125
14 0.5097222222222222 0.405859375 0.9805555555555555 0.0546875
14 0.1684027777777778 0.44609375 0.29791666666666666 0.02578125
14 0.5097222222222222 0.4818359375 0.9805555555555555 0.034765625
14 0.12152777777777778 0.63515625 0.24305555555555555 0.02578125
14 0.3645833333333333 0.63515625 0.24305555555555555 0.02578125
14 0.6076388888888888 0.63515625 0.24305555555555555 0.02578125
14 0.8506944444444444 0.63515625 0.24305555555555555 0.02578125
14 0.9861111111111112 0.63515625 0.027777777777777776 0.02578125
14 0.5 0.714453125 1.0 0.03671875
14 0.21319444444444444 0.7822265625 0.17916666666666667 0.029296875
5 0.35694444444444445 0.78203125 0.03611111111111111 0.0109375
10 0.24930555555555556 0.7822265625 0.2513888888888889 0.029296875
14 0.7142361111111111 0.7822265625 0.25069444444444444 0.029296875
5 0.89375 0.78203125 0.03611111111111111 0.0109375
10 0.7503472222222223 0.7822265625 0.3229166666666667 0.029296875
14 0.22013888888888888 0.8482421875 0.39166666666666666 0.033203125
14 0.2947916666666667 0.884765625 0.5409722222222222 0.02578125
14 0.10208333333333333 0.9228515625 0.15555555555555556 0.023046875
14 0.32881944444444444 0.9251953125 0.29791666666666666 0.018359375
14 0.2677083333333333 0.9462890625 0.48680555555555555 -0.023828125
14 0.7451388888888889 0.9462890625 0.46111111111111114 -0.023828125
14 0.0 0.746484375 0.0 0.0
14 0.0 0.866015625 0.0 0.0
14 0.53125 0.9001953125 0.19305555555555556 0.029296875
14 0.5048611111111111 0.9603515625 0.09722222222222222 -0.051953125
