5 0.5 0.48359375 1.0 0.9015625
14 0.22395833333333334 0.1587890625 0.21875 0.066015625
14 0.5 0.2484375 0.8736111111111111 0.11328125
5 0.5 0.4943359375 0.8736111111111111 0.378515625
14 0.5 0.71328125 0.8736111111111111 0.059375
14 0.4756944444444444 0.7908203125 0.12916666666666668 0.033203125
5 0.5767361111111111 0.790625 0.024305555555555556 0.02890625
5 1.0 0.48359375 0.0 0.9015625
5 0.48333333333333334 0.88828125 0.016666666666666666 0.00703125
5 0.5 0.88828125 0.016666666666666666 0.00703125
5 0.5166666666666667 0.88828125 0.016666666666666666 0.00703125
