4 0.0875 0.07109375 0.175 0.0765625
14 0.5875 0.0708984375 0.825 0.036328125
5 0.0 0.0328125 0.0 0.0
14 0.0 0.0708984375 0.0 0.036328125
5 0.10034722222222223 0.1408203125 0.06458333333333334 0.020703125
14 0.20972222222222223 0.140625 0.10555555555555556 0.02578125
5 0.4125 0.1408203125 0.059722222222222225 0.014453125
14 0.5413194444444445 0.140625 0.14930555555555555 0.02578125
5 0.75625 0.1408203125 0.0375 0.020703125
14 0.8649305555555555 0.140625 0.13125 0.02578125
5 0.0 0.0 0.0 0.0
3 0.0 0.0 0.0 0.0
0 0.0 0.0 0.0 0.0
14 0.0 0.0 0.0 0.0
5 0.0 0.0 0.0 0.0
14 0.0 0.0 0.0 0.0
14 0.0 0.0 0.0 0.0
5 0.11458333333333333 0.232421875 0.13055555555555556 0.0734375
14 0.4270833333333333 0.198046875 0.42083333333333334 0.0296875
14 0.9236111111111112 0.19921875 0.07916666666666666 0.02578125
8 0.3138888888888889 0.23203125 0.19444444444444445 0.021875
14 0.49027777777777776 0.2322265625 0.13333333333333333 0.022265625
14 0.28229166666666666 0.2615234375 0.13125 0.022265625
14 0.2847222222222222 0.2837890625 0.1361111111111111 0.022265625
14 0.5520833333333334 0.2615234375 0.1736111111111111 0.022265625
14 0.5173611111111112 0.2837890625 0.10416666666666667 0.022265625
14 0.21666666666666667 0.243359375 0.0 0.0
5 0.21666666666666667 0.243359375 0.0 0.0
5 0.21666666666666667 0.243359375 0.0 0.0
5 0.21666666666666667 0.243359375 0.0 0.0
14 0.7645833333333333 0.2615234375 0.10138888888888889 0.022265625
14 0.7416666666666667 0.2837890625 0.05555555555555555 0.022265625
5 0.11458333333333333 0.371484375 0.13055555555555556 0.0734375
14 0.325 0.337109375 0.21666666666666667 0.0296875
14 0.9236111111111112 0.33828125 0.07916666666666666 0.02578125
8 0.3138888888888889 0.37109375 0.19444444444444445 0.021875
14 0.4930555555555556 0.3712890625 0.1388888888888889 0.022265625
14 0.28229166666666666 0.4005859375 0.13125 0.022265625
14 0.2847222222222222 0.4228515625 0.1361111111111111 0.022265625
14 0.5520833333333334 0.4005859375 0.1736111111111111 0.022265625
14 0.5173611111111112 0.4228515625 0.10416666666666667 0.022265625
14 0.21666666666666667 0.382421875 0.0 0.0
5 0.21666666666666667 0.382421875 0.0 0.0
5 0.21666666666666667 0.382421875 0.0 0.0
5 0.21666666666666667 0.382421875 0.0 0.0
14 0.7645833333333333 0.4005859375 0.10138888888888889 0.022265625
14 0.7416666666666667 0.4228515625 0.05555555555555555 0.022265625
5 0.11458333333333333 0.510546875 0.13055555555555556 0.0734375
14 0.3232638888888889 0.476171875 0.21319444444444444 0.0296875
14 0.9236111111111112 0.47734375 0.07916666666666666 0.02578125
8 0.3138888888888889 0.51015625 0.19444444444444445 0.021875
14 0.4930555555555556 0.5103515625 0.1388888888888889 0.022265625
14 0.28229166666666666 0.5396484375 0.13125 0.022265625
14 0.2847222222222222 0.5619140625 0.1361111111111111 0.022265625
14 0.5520833333333334 0.5396484375 0.1736111111111111 0.022265625
14 0.5173611111111112 0.5619140625 0.10416666666666667 0.022265625
14 0.21666666666666667 0.521484375 0.0 0.0
5 0.21666666666666667 0.521484375 0.0 0.0
5 0.21666666666666667 0.521484375 0.0 0.0
5 0.21666666666666667 0.521484375 0.0 0.0
14 0.7645833333333333 0.5396484375 0.10138888888888889 0.022265625
14 0.7416666666666667 0.5619140625 0.05555555555555555 0.022265625
5 0.11458333333333333 0.649609375 0.13055555555555556 0.0734375
14 0.4777777777777778 0.615234375 0.5222222222222223 0.0296875
14 0.9236111111111112 0.61640625 0.07916666666666666 0.02578125
8 0.3138888888888889 0.64921875 0.19444444444444445 0.021875
14 0.4986111111111111 0.6494140625 0.15 0.022265625
14 0.28229166666666666 0.6787109375 0.13125 0.022265625
14 0.2847222222222222 0.7009765625 0.1361111111111111 0.022265625
14 0.5520833333333334 0.6787109375 0.1736111111111111 0.022265625
14 0.5173611111111112 0.7009765625 0.10416666666666667 0.022265625
14 0.21666666666666667 0.660546875 0.0 0.0
5 0.21666666666666667 0.660546875 0.0 0.0
5 0.21666666666666667 0.660546875 0.0 0.0
5 0.21666666666666667 0.660546875 0.0 0.0
14 0.7645833333333333 0.6787109375 0.10138888888888889 0.022265625
14 0.7416666666666667 0.7009765625 0.05555555555555555 0.022265625
5 0.11458333333333333 0.788671875 0.13055555555555556 0.0734375
14 0.43194444444444446 0.754296875 0.4305555555555556 0.0296875
14 0.9236111111111112 0.75546875 0.07916666666666666 0.02578125
8 0.3138888888888889 0.78828125 0.19444444444444445 0.021875
14 0.5069444444444444 0.7884765625 0.16666666666666666 0.022265625
14 0.28229166666666666 0.8177734375 0.13125 0.022265625
14 0.2847222222222222 0.8400390625 0.1361111111111111 0.022265625
14 0.5520833333333334 0.8177734375 0.1736111111111111 0.022265625
14 0.5173611111111112 0.8400390625 0.10416666666666667 0.022265625
14 0.21666666666666667 0.799609375 0.0 0.0
5 0.21666666666666667 0.799609375 0.0 0.0
5 0.21666666666666667 0.799609375 0.0 0.0
5 0.21666666666666667 0.799609375 0.0 0.0
14 0.7645833333333333 0.8177734375 0.10138888888888889 0.022265625
14 0.7416666666666667 0.8400390625 0.05555555555555555 0.022265625
5 0.11458333333333333 0.9126953125 0.13055555555555556 0.043359375
14 0.3302083333333333 0.893359375 0.22708333333333333 0.0296875
14 0.9236111111111112 0.89453125 0.07916666666666666 0.02578125
8 0.3138888888888889 0.925390625 0.19444444444444445 0.01796875
14 0.4986111111111111 0.925390625 0.15 0.01796875
14 0.28229166666666666 0.9400390625 0.13125 -0.011328125
14 0.29305555555555557 0.951171875 0.1527777777777778 -0.03359375
14 0.5520833333333334 0.9400390625 0.1736111111111111 -0.011328125
14 0.5173611111111112 0.951171875 0.10416666666666667 -0.03359375
14 0.21666666666666667 0.9365234375 0.0 -0.004296875
5 0.21666666666666667 0.9365234375 0.0 -0.004296875
5 0.21666666666666667 0.9365234375 0.0 -0.004296875
5 0.21666666666666667 0.9365234375 0.0 -0.004296875
14 0.7645833333333333 0.9400390625 0.10138888888888889 -0.011328125
14 0.7416666666666667 0.951171875 0.05555555555555555 -0.03359375
