4 0.08993055555555556 0.0708984375 0.1798611111111111 0.073828125
14 0.5802083333333333 0.0708984375 0.8006944444444445 0.036328125
14 0.0 0.0708984375 0.0 0.036328125
5 0.4996527777777778 0.2298828125 0.18958333333333333 0.106640625
14 0.5 0.319921875 1.0 0.0296875
14 0.5 0.3962890625 1.0 0.068359375
5 0.09652777777777778 0.5177734375 0.0763888888888889 0.039453125
14 0.2899305555555556 0.51796875 0.27152777777777776 0.04375
5 0.8961805555555555 0.51796875 0.03263888888888889 0.025
5 0.09652777777777778 0.5888671875 0.0763888888888889 0.039453125
14 0.296875 0.5890625 0.28541666666666665 0.04375
5 0.8961805555555555 0.5890625 0.03263888888888889 0.025
5 0.0 0.46875 0.0 0.0
14 0.0 0.46875 0.0 0.0
5 0.0 0.46875 0.0 0.0
0 0.5 0.66015625 0.9222222222222223 0.0546875
5 0.4222222222222222 0.01640625 0.8444444444444444 0.0328125
5 0.7784722222222222 0.07109375 0.058333333333333334 0.0328125
5 0.10347222222222222 0.07109375 0.10972222222222222 0.06171875
14 0.2815972222222222 0.058203125 0.14930555555555555 0.0296875
5 0.22534722222222223 0.0888671875 0.03680555555555556 0.020703125
14 0.29305555555555557 0.0880859375 0.05416666666666667 0.022265625
5 0.07777777777777778 0.147265625 0.058333333333333334 0.0328125
14 0.20798611111111112 0.147265625 0.10486111111111111 0.0296875
5 0.07777777777777778 0.223828125 0.058333333333333334 0.0328125
14 0.2454861111111111 0.223828125 0.1798611111111111 0.0296875
5 0.07777777777777778 0.300390625 0.058333333333333334 0.0328125
14 0.21006944444444445 0.300390625 0.10902777777777778 0.0296875
5 0.07777777777777778 0.376953125 0.058333333333333334 0.0328125
14 0.2673611111111111 0.376953125 0.22361111111111112 0.0296875
5 0.07777777777777778 0.47421875 0.058333333333333334 0.0328125
14 0.23645833333333333 0.47421875 0.16180555555555556 0.0296875
14 0.10104166666666667 0.571484375 0.10486111111111111 0.0296875
14 0.13819444444444445 0.648046875 0.17916666666666667 0.0296875
