5 0.5 0.0369140625 1.0 0.008203125
0 0.35381944444444446 0.0736328125 0.6104166666666667 0.051953125
0 0.9513888888888888 0.073828125 0.09722222222222222 0.065625
14 0.26944444444444443 0.2271484375 0.4027777777777778 0.033203125
14 0.26944444444444443 0.25859375 0.4027777777777778 0.0296875
0 0.26944444444444443 0.20234375 0.46111111111111114 0.18046875
14 0.7305555555555555 0.2271484375 0.4027777777777778 0.033203125
14 0.7305555555555555 0.25859375 0.4027777777777778 0.0296875
0 0.7305555555555555 0.20234375 0.46111111111111114 0.18046875
14 0.26944444444444443 0.4185546875 0.4027777777777778 0.033203125
14 0.26944444444444443 0.45 0.4027777777777778 0.0296875
0 0.26944444444444443 0.39375 0.46111111111111114 0.18046875
14 0.7305555555555555 0.4185546875 0.4027777777777778 0.033203125
14 0.7305555555555555 0.45 0.4027777777777778 0.0296875
0 0.7305555555555555 0.39375 0.46111111111111114 0.18046875
14 0.26944444444444443 0.6099609375 0.4027777777777778 0.033203125
14 0.26944444444444443 0.64140625 0.4027777777777778 0.0296875
0 0.26944444444444443 0.58515625 0.46111111111111114 0.18046875
14 0.7305555555555555 0.6099609375 0.4027777777777778 0.033203125
14 0.7305555555555555 0.64140625 0.4027777777777778 0.0296875
0 0.7305555555555555 0.58515625 0.46111111111111114 0.18046875
0 0.5 0.8892578125 0.8444444444444444 0.073828125
