4 0.06805555555555555 0.07109375 0.1361111111111111 0.0765625
14 0.40555555555555556 0.0708984375 0.46111111111111114 0.036328125
5 0.5 0.209375 0.24305555555555555 0.13671875
14 0.5 0.306640625 0.8930555555555556 0.0578125
14 0.5 0.36875 0.8930555555555556 0.06640625
14 0.44340277777777776 0.465234375 0.7798611111111111 0.021875
14 0.44340277777777776 0.4921875 0.7798611111111111 0.03203125
14 0.8996527777777777 0.4703125 0.09375 0.03203125
14 0.5 0.55390625 0.9708333333333333 0.04765625
14 0.0 0.109375 0.0 0.0
14 0.0 0.109375 0.0 0.0
14 0.0 0.109375 0.0 0.0
14 0.0 0.109375 0.0 0.0
14 0.42986111111111114 0.619140625 0.7527777777777778 0.021875
14 0.42986111111111114 0.64609375 0.7527777777777778 0.03203125
14 0.8861111111111111 0.62421875 0.12083333333333333 0.03203125
14 0.5 0.7078125 0.9708333333333333 0.04765625
14 0.5 0.78359375 0.8930555555555556 0.04296875
5 0.16527777777777777 0.86796875 0.14583333333333334 0.08203125
14 0.4565972222222222 0.8568359375 0.28125 0.039453125
14 0.5645833333333333 0.8876953125 0.49722222222222223 0.022265625
5 0.16527777777777777 0.9326171875 0.14583333333333334 0.003515625
14 0.3875 0.9376953125 0.14305555555555555 -0.006640625
14 0.5753472222222222 0.957421875 0.51875 -0.04609375
