14 0.0 0.0 0.0 0.0
14 0.1361111111111111 0.0873046875 0.0 0.036328125
5 0.18958333333333333 0.0873046875 0.07777777777777778 0.029296875
5 0.8833333333333333 0.0875 0.06805555555555555 0.04921875
4 0.06805555555555555 0.0875 0.1361111111111111 0.0765625
5 0.03888888888888889 0.1763671875 0.0 0.068359375
14 0.4829861111111111 0.1763671875 0.8881944444444444 0.068359375
5 0.03888888888888889 0.2451171875 0.0 0.068359375
14 0.4829861111111111 0.2451171875 0.8881944444444444 0.068359375
5 0.03888888888888889 0.3138671875 0.0 0.068359375
14 0.4829861111111111 0.3138671875 0.8881944444444444 0.068359375
5 0.03888888888888889 0.3826171875 0.0 0.068359375
14 0.4829861111111111 0.3826171875 0.8881944444444444 0.068359375
5 0.03888888888888889 0.4513671875 0.0 0.068359375
14 0.4829861111111111 0.4513671875 0.8881944444444444 0.068359375
5 0.03888888888888889 0.5201171875 0.0 0.068359375
14 0.4829861111111111 0.5201171875 0.8881944444444444 0.068359375
5 0.03888888888888889 0.5888671875 0.0 0.068359375
14 0.4829861111111111 0.5888671875 0.8881944444444444 0.068359375
5 0.03888888888888889 0.6576171875 0.0 0.068359375
14 0.4829861111111111 0.6576171875 0.8881944444444444 0.068359375
5 0.03888888888888889 0.7263671875 0.0 0.068359375
14 0.4829861111111111 0.7263671875 0.8881944444444444 0.068359375
5 0.03888888888888889 0.7951171875 0.0 0.068359375
14 0.4829861111111111 0.7951171875 0.8881944444444444 0.068359375
5 0.03888888888888889 0.8478515625 0.0 0.036328125
14 0.4829861111111111 0.8478515625 0.8881944444444444 0.036328125
5 0.0 0.1421875 0.0 0.0
14 0.0 0.1421875 0.0 0.0
5 0.0 0.1421875 0.0 0.0
14 0.0 0.1421875 0.0 0.0
5 0.0 0.1421875 0.0 0.0
14 0.0 0.1421875 0.0 0.0
0 0.8659722222222223 0.292578125 0.19444444444444445 0.109375
14 0.0 0.0546875 0.0 0.04375
14 0.0 0.29375 0.0 0.04375
14 0.0 0.467578125 0.0 0.04375
14 0.0 0.576171875 0.0 0.04375
14 0.0 0.75 0.0 0.04375
