5 0.5 0.1208984375 1.0 0.036328125
11 0.5 0.1208984375 1.0 0.036328125
14 0.5 0.1861328125 1.0 0.044921875
11 0.5 0.1861328125 1.0 0.044921875
5 0.43993055555555555 0.2916015625 0.01597222222222222 0.008984375
5 0.46979166666666666 0.2916015625 0.01597222222222222 0.008984375
5 0.4996527777777778 0.2916015625 0.01597222222222222 0.008984375
5 0.5295138888888888 0.2916015625 0.01597222222222222 0.008984375
5 0.559375 0.2916015625 0.01597222222222222 0.008984375
5 0.5 0.6017578125 1.0 0.535546875
5 1.0 0.6017578125 0.0 0.535546875
0 0.24930555555555556 0.901953125 0.4986111111111111 0.06484375
0 0.7506944444444444 0.901953125 0.4986111111111111 0.06484375
14 0.0 0.0328125 0.0 0.0
