5 0.029166666666666667 0.05 0.03888888888888889 0.021875
14 0.528125 0.0494140625 0.9145833333333333 0.031640625
14 0.5 0.0908203125 1.0 0.047265625
14 0.5 0.12734375 1.0 0.02578125
5 0.058333333333333334 0.1470703125 0.10694444444444444 -0.021484375
14 0.4354166666666667 0.1455078125 0.6472222222222223 -0.024609375
14 0.30069444444444443 0.1583984375 0.37777777777777777 0.001171875
5 0.8979166666666667 0.1853515625 0.19444444444444445 0.055078125
14 0.5 0.2591796875 0.9902777777777778 0.092578125
5 0.058333333333333334 0.328125 0.10694444444444444 0.0328125
14 0.4010416666666667 0.3265625 0.5784722222222223 0.0296875
14 0.30069444444444443 0.354296875 0.37777777777777777 0.02578125
5 0.8979166666666667 0.36640625 0.19444444444444445 0.109375
14 0.5 0.4673828125 0.9902777777777778 0.092578125
5 0.058333333333333334 0.536328125 0.10694444444444444 0.0328125
14 0.38993055555555556 0.534765625 0.55625 0.0296875
14 0.30069444444444443 0.5625 0.37777777777777777 0.02578125
5 0.8979166666666667 0.574609375 0.19444444444444445 0.109375
14 0.5 0.664453125 0.9902777777777778 0.0703125
5 0.058333333333333334 0.722265625 0.10694444444444444 0.0328125
14 0.3861111111111111 0.720703125 0.5486111111111112 0.0296875
14 0.30069444444444443 0.7484375 0.37777777777777777 0.02578125
5 0.8979166666666667 0.760546875 0.19444444444444445 0.109375
14 0.5 0.826953125 0.9902777777777778 0.0234375
14 0.45381944444444444 0.853125 0.9076388888888889 0.02578125
