14 0.5 0.0609375 1.0 0.0421875
4 0.18888888888888888 0.90078125 0.15555555555555556 0.0671875
4 0.34444444444444444 0.90078125 0.15555555555555556 0.0671875
4 0.5 0.90078125 0.15555555555555556 0.0671875
4 0.6555555555555556 0.90078125 0.15555555555555556 0.0671875
4 0.8111111111111111 0.90078125 0.15555555555555556 0.0671875
14 0.5 0.1353515625 1.0 0.095703125
5 0.5 0.429296875 0.5347222222222222 0.30078125
4 0.2635416666666667 0.6365234375 0.13402777777777777 0.075390625
4 0.421875 0.6365234375 0.13402777777777777 0.075390625
4 0.5802083333333333 0.6365234375 0.13402777777777777 0.075390625
4 0.7385416666666667 0.6365234375 0.13402777777777777 0.075390625
14 0.4996527777777778 0.709765625 0.6826388888888889 0.02734375
14 0.4996527777777778 0.737109375 0.8159722222222222 0.02734375
