14 0.36701388888888886 0.1498046875 0.7090277777777778 0.036328125
0 0.17847222222222223 0.2693359375 0.30833333333333335 0.108984375
0 0.49930555555555556 0.2693359375 0.30833333333333335 0.108984375
0 0.8201388888888889 0.2693359375 0.30833333333333335 0.108984375
0 0.17847222222222223 0.405859375 0.30833333333333335 0.109375
0 0.49930555555555556 0.405859375 0.30833333333333335 0.109375
0 0.8201388888888889 0.405859375 0.30833333333333335 0.109375
0 0.790625 0.74453125 0.39375 0.065625
5 0.06875 0.065625 0.07777777777777778 0.04375
14 0.2875 0.0654296875 0.3402777777777778 0.033203125
