14 0.13472222222222222 0.07109375 0.22083333333333333 0.0765625
14 0.8690972222222222 0.07109375 0.21319444444444444 0.0765625
0 0.0875 0.903515625 0.175 0.06171875
0 0.5 0.903515625 0.175 0.06171875
0 0.70625 0.903515625 0.175 0.06171875
0 0.9125 0.903515625 0.175 0.06171875
14 0.36493055555555554 0.35859375 0.6520833333333333 0.07734375
5 0.8454861111111112 0.3736328125 0.23125 0.101171875
14 0.07916666666666666 0.41640625 0.08055555555555556 0.021875
14 0.4222222222222222 0.4162109375 0.5375 0.018359375
14 0.36493055555555554 0.5046875 0.6520833333333333 0.07734375
5 0.8454861111111112 0.5197265625 0.23125 0.101171875
14 0.07222222222222222 0.5625 0.06666666666666667 0.021875
14 0.4152777777777778 0.5623046875 0.5513888888888889 0.018359375
14 0.36493055555555554 0.65078125 0.6520833333333333 0.07734375
5 0.8454861111111112 0.6658203125 0.23125 0.101171875
14 0.07222222222222222 0.70859375 0.06666666666666667 0.021875
14 0.4152777777777778 0.7083984375 0.5513888888888889 0.018359375
14 0.0 0.7390625 0.0 0.0
14 0.5 0.78515625 0.9222222222222223 0.059375
5 0.18819444444444444 0.84921875 0.2986111111111111 0.046875
5 0.4996527777777778 0.84921875 0.29930555555555555 0.046875
5 0.8114583333333333 0.84921875 0.29930555555555555 0.046875
14 0.36493055555555554 0.9205078125 0.6520833333333333 -0.095703125
5 0.8454861111111112 0.9220703125 0.23125 -0.098828125
14 0.5 0.2994140625 0.9611111111111111 -0.002734375
5 0.4996527777777778 0.1109375 0.2965277777777778 0.0546875
5 0.9465277777777777 0.07109375 0.09722222222222222 0.0546875
4 0.9513888888888888 0.2748046875 0.09722222222222222 0.051953125
14 0.07430555555555556 0.274609375 0.1486111111111111 0.02578125
14 0.26493055555555556 0.274609375 0.07430555555555556 0.02578125
14 0.43993055555555555 0.274609375 0.09097222222222222 0.02578125
14 0.6260416666666667 0.274609375 0.13819444444444445 0.02578125
14 0.8135416666666667 0.274609375 0.12013888888888889 0.02578125
0 0.0875 0.903515625 0.175 0.06171875
0 0.29375 0.903515625 0.175 0.06171875
11 0.29375 0.903515625 0.175 0.06171875
0 0.5 0.903515625 0.175 0.06171875
0 0.70625 0.903515625 0.175 0.06171875
0 0.9125 0.903515625 0.175 0.06171875
5 0.07777777777777778 0.0708984375 0.15555555555555556 0.076171875
14 0.175 0.0708984375 0.0 0.076171875
14 0.9315972222222222 0.0708984375 0.13680555555555557 0.076171875
5 0.0 0.0328125 0.0 0.0
14 0.0 0.0328125 0.0 0.0
14 0.5 0.138671875 0.9458333333333333 0.05859375
14 0.13576388888888888 0.199609375 0.19236111111111112 0.04921875
14 0.3704861111111111 0.199609375 0.22708333333333333 0.04921875
14 0.6368055555555555 0.199609375 0.25555555555555554 0.04921875
14 0.13506944444444444 0.2625 0.1909722222222222 0.04921875
14 0.3524305555555556 0.2625 0.19375 0.04921875
14 0.5642361111111112 0.2625 0.1798611111111111 0.04921875
14 0.18680555555555556 0.325390625 0.29444444444444445 0.04921875
14 0.43506944444444445 0.325390625 0.15208333333333332 0.04921875
14 0.6204861111111111 0.325390625 0.16875 0.04921875
14 0.14756944444444445 0.38828125 0.21597222222222223 0.04921875
14 0.37916666666666665 0.38828125 0.19722222222222222 0.04921875
14 0.5 0.448828125 0.9458333333333333 0.05859375
14 0.1388888888888889 0.509765625 0.1986111111111111 0.04921875
14 0.36180555555555555 0.509765625 0.19722222222222222 0.04921875
14 0.5590277777777778 0.509765625 0.14722222222222223 0.04921875
14 0.7350694444444444 0.509765625 0.15486111111111112 0.04921875
14 0.11458333333333333 0.57265625 0.15 0.04921875
14 0.3034722222222222 0.57265625 0.17777777777777778 0.04921875
14 0.5086805555555556 0.57265625 0.18263888888888888 0.04921875
14 0.7104166666666667 0.57265625 0.17083333333333334 0.04921875
14 0.10451388888888889 0.635546875 0.12986111111111112 0.04921875
14 0.2861111111111111 0.635546875 0.18333333333333332 0.04921875
14 0.5003472222222223 0.635546875 0.1951388888888889 0.04921875
14 0.7361111111111112 0.635546875 0.2263888888888889 0.04921875
