5 0.32430555555555557 0.73203125 0.058333333333333334 0.0328125
14 0.5482638888888889 0.73203125 0.31180555555555556 0.02578125
5 0.3236111111111111 0.80859375 0.058333333333333334 0.0328125
14 0.5486111111111112 0.80859375 0.3138888888888889 0.02578125
14 0.5 0.88515625 0.8444444444444444 0.0546875
5 0.31319444444444444 0.34140625 0.6263888888888889 0.6828125
5 0.5 0.34140625 1.0 0.6828125
5 0.5 0.280859375 1.0 0.56171875
14 0.5 0.589453125 0.8833333333333333 0.05546875
5 0.38333333333333336 0.65546875 0.058333333333333334 0.0328125
5 0.44166666666666665 0.65546875 0.058333333333333334 0.0328125
5 0.5 0.65546875 0.058333333333333334 0.0328125
5 0.5583333333333333 0.65546875 0.058333333333333334 0.0328125
5 0.6166666666666667 0.65546875 0.058333333333333334 0.0328125
