14 0.40520833333333334 0.14609375 0.7326388888888888 0.0296875
14 0.8663194444444444 0.1455078125 0.18958333333333333 0.028515625
3 0.5 0.2119140625 0.9222222222222223 0.058203125
14 0.09131944444444444 0.285546875 0.18263888888888888 0.02578125
1 0.07777777777777778 0.351953125 0.07777777777777778 0.04375
14 0.34444444444444444 0.351953125 0.45555555555555555 0.0296875
1 0.07777777777777778 0.440234375 0.07777777777777778 0.04375
14 0.2590277777777778 0.440234375 0.2847222222222222 0.0296875
1 0.07777777777777778 0.528515625 0.07777777777777778 0.04375
14 0.5388888888888889 0.541015625 0.8444444444444444 0.05546875
1 0.07777777777777778 0.6421875 0.07777777777777778 0.04375
14 0.490625 0.6421875 0.7479166666666667 0.0296875
1 0.07777777777777778 0.73046875 0.07777777777777778 0.04375
14 0.5388888888888889 0.74296875 0.8444444444444444 0.05546875
14 0.1 0.822265625 0.2 0.02578125
1 0.07777777777777778 0.888671875 0.07777777777777778 0.04375
14 0.20833333333333334 0.888671875 0.18333333333333332 0.0296875
1 0.07777777777777778 0.9447265625 0.07777777777777778 -0.020703125
14 0.4309027777777778 0.9482421875 0.6284722222222222 -0.027734375
14 0.240625 0.0708984375 0.18958333333333333 0.036328125
4 0.06805555555555555 0.07109375 0.1361111111111111 0.0765625
