5 0.0 0.0328125 0.0 0.0
5 0.0 0.0328125 0.0 0.0
14 0.0 0.0328125 0.0 0.0
14 0.5 0.8416015625 1.0 0.044140625
5 0.06597222222222222 0.89609375 0.058333333333333334 0.0328125
14 0.11354166666666667 0.89609375 0.021527777777777778 0.0296875
5 0.17847222222222223 0.89609375 0.058333333333333334 0.0328125
14 0.22604166666666667 0.89609375 0.021527777777777778 0.0296875
4 0.3173611111111111 0.89609375 0.0875 0.04921875
5 0.42916666666666664 0.89609375 0.0875 0.04921875
5 0.840625 0.8962890625 0.06319444444444444 0.035546875
14 0.9215277777777777 0.89609375 0.08333333333333333 0.0296875
4 0.058333333333333334 0.065625 0.11666666666666667 0.065625
