5 0.06805555555555555 0.07109375 0.1361111111111111 0.0765625
5 0.9319444444444445 0.07109375 0.1361111111111111 0.0765625
5 0.8152777777777778 0.07109375 0.1361111111111111 0.0765625
14 0.7590277777777777 0.07421875 0.45694444444444443 0.07109375
14 0.7590277777777777 0.1453125 0.45694444444444443 0.07109375
14 0.5 0.1900390625 0.8833333333333333 0.117578125
5 0.11666666666666667 0.330859375 0.11666666666666667 0.065625
14 0.5875 0.330859375 0.7083333333333334 0.065625
5 0.11666666666666667 0.445703125 0.11666666666666667 0.065625
14 0.5875 0.445703125 0.7083333333333334 0.065625
5 0.11666666666666667 0.560546875 0.11666666666666667 0.065625
14 0.5072916666666667 0.560546875 0.5479166666666667 0.065625
0 0.5 0.86875 0.8833333333333333 0.0875
14 0.5 0.41875 0.9555555555555556 0.56875
14 0.4111111111111111 0.790625 0.6888888888888889 0.0875
5 0.5 0.2126953125 0.8666666666666667 0.181640625
14 0.5 0.525390625 0.8666666666666667 0.46796875
5 0.9 0.790625 0.15555555555555556 0.0875
0 0.9 0.790625 0.15555555555555556 0.0875
5 0.06805555555555555 0.07109375 0.1361111111111111 0.0765625
5 0.9319444444444445 0.07109375 0.1361111111111111 0.0765625
5 0.8055555555555556 0.07109375 0.11666666666666667 0.0765625
14 0.3590277777777778 0.97265625 0.24305555555555555 0.0546875
14 0.6409722222222223 0.97265625 0.24305555555555555 0.0546875
5 0.06805555555555555 0.03828125 0.1361111111111111 0.0765625
14 0.2298611111111111 0.03828125 0.1875 0.0765625
14 0.5097222222222222 0.1130859375 0.7472222222222222 0.067578125
5 0.5 0.1849609375 1.0 0.000390625
14 0.0 0.0 0.0 0.0
14 0.0 0.0 0.0 0.0
14 0.0 0.0 0.0 0.0
14 0.0 0.0 0.0 0.0
