5 0.49027777777777776 0.07109375 0.2916666666666667 0.065625
5 0.8145833333333333 0.07109375 0.0875 0.04921875
14 0.9194444444444444 0.0708984375 0.09305555555555556 0.043359375
4 0.06805555555555555 0.07109375 0.1361111111111111 0.0765625
14 0.0875 0.1421875 0.09722222222222222 0.02578125
14 0.2625 0.1421875 0.09444444444444444 0.02578125
14 0.4618055555555556 0.1421875 0.16527777777777777 0.02578125
14 0.6611111111111111 0.1421875 0.09722222222222222 0.02578125
14 0.8420138888888888 0.1421875 0.1284722222222222 0.02578125
14 0.9822916666666667 0.1421875 0.035416666666666666 0.02578125
5 0.18472222222222223 0.1849609375 0.28194444444444444 0.019921875
14 0.5920138888888888 0.1505859375 0.45902777777777776 -0.048828125
14 0.3902777777777778 0.1609375 0.05555555555555555 -0.028125
14 0.4486111111111111 0.1609375 0.06111111111111111 -0.028125
5 0.18472222222222223 0.276953125 0.28194444444444444 0.109375
5 0.184375 0.2767578125 0.07291666666666667 0.041015625
14 0.659375 0.2541015625 0.59375 0.063671875
14 0.6052083333333333 0.295703125 0.48541666666666666 0.01953125
5 0.18472222222222223 0.413671875 0.28194444444444444 0.109375
14 0.659375 0.3908203125 0.59375 0.063671875
14 0.38298611111111114 0.43359375 0.04097222222222222 0.01953125
14 0.4340277777777778 0.4330078125 0.06111111111111111 0.020703125
5 0.18472222222222223 0.550390625 0.28194444444444444 0.109375
5 0.184375 0.5501953125 0.07291666666666667 0.041015625
14 0.659375 0.5275390625 0.59375 0.063671875
14 0.3902777777777778 0.5703125 0.05555555555555555 0.01953125
14 0.4486111111111111 0.5697265625 0.06111111111111111 0.020703125
5 0.18472222222222223 0.680859375 0.28194444444444444 0.096875
14 0.5 0.6642578125 0.9125 0.063671875
14 0.2864583333333333 0.705859375 0.48541666666666666 0.01953125
5 0.18472222222222223 0.79765625 0.28194444444444444 0.109375
14 0.659375 0.7748046875 0.59375 0.063671875
14 0.38333333333333336 0.817578125 0.041666666666666664 0.01953125
14 0.43472222222222223 0.8169921875 0.06111111111111111 0.020703125
14 0.5 0.203515625 0.9125 0.02421875
5 0.9368055555555556 0.20234375 0.03888888888888889 0.021875
