6 0.0 0.175 0.0 0.0
5 0.16666666666666666 0.5271484375 0.3333333333333333 0.157421875
14 0.6666666666666666 0.4826171875 0.6666666666666666 0.068359375
14 0.6666666666666666 0.548046875 0.6666666666666666 0.0890625
5 0.16666666666666666 0.6861328125 0.3333333333333333 0.157421875
14 0.6666666666666666 0.6416015625 0.6666666666666666 0.068359375
14 0.6666666666666666 0.70703125 0.6666666666666666 0.0890625
5 0.16666666666666666 0.8451171875 0.3333333333333333 0.157421875
14 0.6666666666666666 0.8005859375 0.6666666666666666 0.068359375
14 0.6666666666666666 0.866015625 0.6666666666666666 0.0890625
5 0.16666666666666666 0.9298828125 0.3333333333333333 0.008984375
14 0.6666666666666666 0.9298828125 0.6666666666666666 0.008984375
14 0.6666666666666666 0.9396484375 0.6666666666666666 -0.010546875
0 0.0 0.175 0.0 0.0
0 0.0 0.175 0.0 0.0
0 0.0 0.175 0.0 0.0
4 0.4996527777777778 0.2947265625 0.18263888888888888 0.102734375
9 0.5 0.3787109375 1.0 0.024609375
14 0.13368055555555555 0.4279296875 0.21875 0.041015625
14 0.865625 0.4279296875 0.21875 0.041015625
14 0.5 0.2091796875 0.9513888888888888 0.041015625
0 0.0 0.904296875 0.0 0.06015625
14 0.14131944444444444 0.0708984375 0.2048611111111111 0.036328125
14 0.1517361111111111 0.1421875 0.19375 0.065625
14 0.4576388888888889 0.1421875 0.175 0.065625
14 0.7642361111111111 0.1421875 0.22569444444444445 0.065625
