5 0.5 0.48359375 1.0 0.9015625
5 0.08159722222222222 0.09140625 0.08541666666666667 0.034375
0 0.08784722222222222 0.09140625 0.09791666666666667 0.06484375
5 0.9076388888888889 0.09140625 0.058333333333333334 0.0328125
5 0.4996527777777778 0.0787109375 0.6479166666666667 0.048046875
14 0.5 0.115625 0.7666666666666667 0.02578125
14 0.0 0.0328125 0.0 0.0
5 0.0 0.0328125 0.0 0.0
5 0.5 0.795703125 1.0 0.00078125
7 0.12638888888888888 0.899609375 0.25277777777777777 0.06953125
7 0.3840277777777778 0.899609375 0.2625 0.06953125
7 0.6326388888888889 0.899609375 0.23472222222222222 0.06953125
7 0.875 0.899609375 0.25 0.06953125
5 0.08541666666666667 0.6744140625 0.14583333333333334 0.030078125
5 0.0 0.150390625 0.0 0.0
5 0.0 0.150390625 0.0 0.0
5 0.0 0.150390625 0.0 0.0
5 0.0 0.150390625 0.0 0.0
5 0.5 0.4728515625 1.0 0.644921875
4 0.05486111111111111 0.7712890625 0.10972222222222222 0.048046875
12 0.25833333333333336 0.7712890625 0.06666666666666667 0.041015625
5 0.3128472222222222 0.7712890625 0.003472222222222222 0.026171875
12 0.3857638888888889 0.7712890625 0.10347222222222222 0.041015625
12 0.4996527777777778 0.7712890625 0.08541666666666667 0.048046875
14 0.7163194444444444 0.77109375 0.34791666666666665 0.02265625
4 0.9451388888888889 0.7712890625 0.10972222222222222 0.048046875
12 0.035416666666666666 0.72109375 0.07083333333333333 0.04921875
5 0.5354166666666667 0.72109375 0.9291666666666667 0.04921875
5 0.0 0.1326171875 0.0 0.199609375
