14 0.3375 0.0708984375 0.325 0.036328125
4 0.06805555555555555 0.07109375 0.1361111111111111 0.0765625
14 0.125 0.1380859375 0.25 0.057421875
14 0.375 0.1380859375 0.25 0.057421875
14 0.625 0.1380859375 0.25 0.057421875
14 0.875 0.1380859375 0.25 0.057421875
5 0.25 0.1734375 0.49027777777777776 0.01328125
5 0.06736111111111111 0.18828125 0.10972222222222222 0.04296875
14 0.4354166666666667 0.1982421875 0.09444444444444444 0.022265625
5 0.75 0.226171875 0.49027777777777776 0.11875
5 0.5673611111111111 0.284375 0.10972222222222222 0.06171875
14 0.9354166666666667 0.3037109375 0.09444444444444444 0.022265625
5 0.25 0.3625 0.49027777777777776 0.28125
5 0.06736111111111111 0.501953125 0.10972222222222222 0.06171875
14 0.4354166666666667 0.5212890625 0.09444444444444444 0.022265625
5 0.75 0.46796875 0.49027777777777776 0.28125
5 0.5673611111111111 0.607421875 0.10972222222222222 0.06171875
14 0.9354166666666667 0.6267578125 0.09444444444444444 0.022265625
5 0.25 0.685546875 0.49027777777777776 0.28125
5 0.06736111111111111 0.825 0.10972222222222222 0.06171875
14 0.4354166666666667 0.8443359375 0.09444444444444444 0.022265625
5 0.75 0.791015625 0.49027777777777776 0.28125
5 0.5673611111111111 0.9169921875 0.10972222222222222 0.034765625
14 0.9354166666666667 0.9365234375 0.09444444444444444 -0.004296875
5 0.25 0.901171875 0.49027777777777776 0.06640625
0 0.9076388888888889 0.882421875 0.10694444444444444 0.06015625
5 0.0 0.1189453125 0.0 0.172265625
5 0.0 0.1189453125 0.0 0.172265625
