14 0.38055555555555554 0.122265625 0.7222222222222222 0.04765625
14 0.246875 0.1626953125 0.4548611111111111 0.033203125
14 0.6006944444444444 0.1626953125 0.25277777777777777 0.033203125
14 0.7524305555555556 0.1626953125 0.050694444444444445 0.033203125
14 0.8791666666666667 0.1626953125 0.20277777777777778 0.033203125
14 0.246875 0.212109375 0.4548611111111111 0.065625
14 0.6006944444444444 0.212109375 0.25277777777777777 0.065625
0 0.8791666666666667 0.212109375 0.20277777777777778 0.065625
14 0.246875 0.278515625 0.4548611111111111 0.065625
14 0.6006944444444444 0.278515625 0.25277777777777777 0.065625
0 0.8791666666666667 0.278515625 0.20277777777777778 0.065625
14 0.246875 0.344921875 0.4548611111111111 0.065625
14 0.6006944444444444 0.344921875 0.25277777777777777 0.065625
0 0.8791666666666667 0.344921875 0.20277777777777778 0.065625
14 0.246875 0.411328125 0.4548611111111111 0.065625
14 0.6006944444444444 0.411328125 0.25277777777777777 0.065625
0 0.8791666666666667 0.411328125 0.20277777777777778 0.065625
14 0.246875 0.477734375 0.4548611111111111 0.065625
14 0.6006944444444444 0.477734375 0.25277777777777777 0.065625
0 0.8791666666666667 0.477734375 0.20277777777777778 0.065625
14 0.5 0.8435546875 0.9611111111111111 0.027734375
0 0.5 0.9015625 1.0 0.065625
5 0.06875 0.065625 0.07777777777777778 0.04375
14 0.22708333333333333 0.0654296875 0.21944444444444444 0.033203125
0 0.9319444444444445 0.065625 0.1361111111111111 0.065625
