5 0.08576388888888889 0.0828125 0.13402777777777777 0.06015625
14 0.010069444444444445 0.2251953125 0.02013888888888889 0.072265625
5 0.4809027777777778 0.2974609375 0.15069444444444444 0.013671875
14 0.278125 0.36640625 0.55625 0.065625
14 0.278125 0.43203125 0.55625 0.065625
14 0.278125 0.49765625 0.55625 0.065625
14 0.278125 0.56328125 0.55625 0.065625
14 0.278125 0.62890625 0.55625 0.065625
14 0.278125 0.69453125 0.55625 0.065625
14 0.278125 0.76015625 0.55625 0.065625
14 0.005902777777777778 0.8291015625 0.011805555555555555 0.072265625
14 0.0 0.0984375 0.0 0.0
5 0.5 0.25703125 1.0 0.31640625
5 0.5 0.2568359375 0.2222222222222222 0.100390625
14 0.5 0.4703125 0.9694444444444444 0.0921875
5 0.30972222222222223 0.58046875 0.6194444444444445 0.0890625
5 0.7319444444444444 0.5875 0.1125 0.06328125
14 0.8680555555555556 0.58046875 0.15 0.0546875
5 0.16527777777777777 0.692578125 0.2916666666666667 0.10859375
14 0.6458333333333334 0.692578125 0.6208333333333333 0.059375
5 0.16527777777777777 0.8142578125 0.2916666666666667 0.103515625
14 0.6458333333333334 0.816796875 0.6208333333333333 0.08125
14 0.2125 0.1513671875 0.35138888888888886 0.064453125
14 0.5 0.25234375 0.9263888888888889 0.1375
14 0.0 0.0984375 0.0 0.0
5 0.5 0.25703125 1.0 0.31640625
14 0.5 0.490625 0.9694444444444444 0.1328125
14 0.459375 0.5814453125 0.8729166666666667 0.031640625
5 0.16527777777777777 0.6734375 0.2916666666666667 0.10859375
14 0.6458333333333334 0.6734375 0.6208333333333333 0.059375
5 0.16527777777777777 0.79765625 0.2916666666666667 0.10859375
14 0.6458333333333334 0.79765625 0.6208333333333333 0.08125
5 0.16527777777777777 0.866796875 0.2916666666666667 -0.0015625
14 0.6458333333333334 0.8791015625 0.6208333333333333 -0.026171875
5 0.04618055555555556 0.0654296875 0.09236111111111112 0.051953125
5 0.5 0.065625 0.49027777777777776 0.065625
5 0.9315972222222222 0.0654296875 0.08819444444444445 0.049609375
14 0.93125 0.065234375 0.03194444444444444 0.0421875
