14 0.3684027777777778 0.0708984375 0.44513888888888886 0.031640625
4 0.06805555555555555 0.07109375 0.1361111111111111 0.0765625
14 0.5 0.1443359375 0.9263888888888889 0.028515625
14 0.10208333333333333 0.1904296875 0.13055555555555556 0.022265625
3 0.1701388888888889 0.226953125 0.26666666666666666 0.05078125
14 0.3888888888888889 0.1904296875 0.09722222222222222 0.022265625
3 0.6513888888888889 0.226953125 0.6222222222222222 0.05078125
14 0.13333333333333333 0.2841796875 0.19305555555555556 0.022265625
0 0.16666666666666666 0.33515625 0.3333333333333333 0.065625
0 0.5 0.33515625 0.3333333333333333 0.065625
0 0.8333333333333334 0.33515625 0.3333333333333333 0.065625
0 0.5 0.4228515625 0.9263888888888889 0.068359375
14 0.21041666666666667 0.4888671875 0.3472222222222222 0.022265625
14 0.17881944444444445 0.5328125 0.28402777777777777 0.0515625
14 0.4996527777777778 0.5328125 0.28402777777777777 0.0515625
14 0.8208333333333333 0.5328125 0.2847222222222222 0.0515625
14 0.12881944444444443 0.5904296875 0.1840277777777778 0.022265625
3 0.5 0.637109375 0.9263888888888889 0.05703125
1 0.33402777777777776 0.7 0.5944444444444444 0.02734375
4 0.07326388888888889 0.7837890625 0.07291666666666667 0.041015625
14 0.5548611111111111 0.8205078125 0.8166666666666667 0.114453125
5 0.8298611111111112 0.930859375 0.24305555555555555 0.00703125
14 0.7861111111111111 0.9373046875 0.10694444444444444 -0.005859375
5 0.8833333333333333 0.9376953125 0.03888888888888889 -0.006640625
0 0.8298611111111112 0.930859375 0.24305555555555555 0.00703125
