14 0.0 0.125 0.0 0.053125
14 0.5 0.125 1.0 0.053125
14 1.0 0.125 0.0 0.053125
5 0.5 0.2310546875 0.9805555555555555 0.155859375
14 0.2670138888888889 0.2302734375 0.46597222222222223 0.058203125
14 0.2670138888888889 0.2787109375 0.46597222222222223 0.038671875
5 0.5 0.45625 0.9805555555555555 0.2953125
14 0.2604166666666667 0.5375 0.4527777777777778 0.03359375
14 0.2670138888888889 0.5736328125 0.46597222222222223 0.038671875
5 0.5 0.751171875 0.9805555555555555 0.2953125
14 0.18020833333333333 0.832421875 0.2923611111111111 0.03359375
14 0.2670138888888889 0.8685546875 0.46597222222222223 0.038671875
5 0.5 0.91640625 0.9805555555555555 0.0359375
14 0.28680555555555554 0.13125 0.5152777777777777 0.0296875
14 0.28680555555555554 0.196875 0.5152777777777777 0.0296875
14 0.3548611111111111 0.2841796875 0.6513888888888889 0.022265625
14 0.28680555555555554 0.328125 0.5152777777777777 0.0296875
14 0.28680555555555554 0.39375 0.5152777777777777 0.0296875
14 0.28680555555555554 0.459375 0.5152777777777777 0.0296875
14 0.28680555555555554 0.525 0.5152777777777777 0.0296875
14 0.28680555555555554 0.590625 0.5152777777777777 0.0296875
14 0.28680555555555554 0.65625 0.5152777777777777 0.0296875
14 0.28680555555555554 0.721875 0.5152777777777777 0.0296875
14 0.28680555555555554 0.7875 0.5152777777777777 0.0296875
14 0.28680555555555554 0.853125 0.5152777777777777 0.0296875
14 0.28680555555555554 0.91875 0.5152777777777777 0.0296875
6 0.3402777777777778 0.51640625 0.11666666666666667 0.065625
0 1.0 0.9015625 0.0 0.065625
14 1.0 0.0984375 0.0 0.0
14 1.0 0.0984375 0.0 0.0
14 1.0 0.0984375 0.0 0.0
14 1.0 0.0984375 0.0 0.0
14 1.0 0.0984375 0.0 0.0
14 1.0 0.0984375 0.0 0.0
14 1.0 0.819140625 0.0 0.0
14 1.0 0.819140625 0.0 0.0
5 0.019444444444444445 0.065625 0.03888888888888889 0.021875
5 0.06875 0.065625 0.07777777777777778 0.04375
5 0.5236111111111111 0.065625 0.1361111111111111 0.065625
5 0.6597222222222222 0.065625 0.1361111111111111 0.065625
5 0.7958333333333333 0.065625 0.1361111111111111 0.065625
5 0.9319444444444445 0.065625 0.1361111111111111 0.065625
