14 0.5 0.133203125 0.9611111111111111 0.02578125
14 0.5 0.158984375 0.9611111111111111 0.02578125
14 0.5 0.184765625 0.9611111111111111 0.02578125
14 0.128125 0.230078125 0.21736111111111112 0.053125
3 0.6086805555555556 0.228515625 0.74375 0.06171875
14 0.128125 0.291796875 0.21736111111111112 0.053125
3 0.6086805555555556 0.290234375 0.74375 0.06171875
14 0.44166666666666665 0.34765625 0.8444444444444444 0.053125
5 0.9222222222222223 0.35390625 0.11666666666666667 0.065625
14 0.14618055555555556 0.420703125 0.2534722222222222 0.053125
14 0.5684027777777778 0.41953125 0.5909722222222222 0.065625
10 0.6267361111111112 0.41953125 0.7076388888888889 0.065625
14 0.17916666666666667 0.47890625 0.3194444444444444 0.053125
1 0.6597222222222222 0.47890625 0.6416666666666667 0.04375
14 0.5 0.53203125 0.9611111111111111 0.053125
14 0.44166666666666665 0.58515625 0.8444444444444444 0.053125
5 0.9222222222222223 0.59140625 0.11666666666666667 0.065625
14 0.44166666666666665 0.65078125 0.8444444444444444 0.053125
5 0.9222222222222223 0.65703125 0.11666666666666667 0.065625
14 0.19444444444444445 0.71640625 0.35 0.053125
14 0.6166666666666667 0.715234375 0.49444444444444446 0.0296875
10 0.675 0.715234375 0.6111111111111112 0.0328125
14 0.24270833333333333 0.76953125 0.4465277777777778 0.053125
14 0.6649305555555556 0.768359375 0.39791666666666664 0.0296875
10 0.7232638888888889 0.768359375 0.5145833333333333 0.0328125
14 0.24270833333333333 0.82265625 0.4465277777777778 0.053125
14 0.6649305555555556 0.821484375 0.39791666666666664 0.0296875
10 0.7232638888888889 0.821484375 0.5145833333333333 0.0328125
14 0.24270833333333333 0.858984375 0.4465277777777778 0.01953125
14 0.6649305555555556 0.8642578125 0.39791666666666664 0.008984375
10 0.7232638888888889 0.8634765625 0.5145833333333333 0.010546875
14 0.24270833333333333 0.885546875 0.4465277777777778 -0.03359375
1 0.7232638888888889 0.887890625 0.5145833333333333 -0.03828125
14 0.019444444444444445 0.74296875 0.0 0.0
3 0.019444444444444445 0.74296875 0.0 0.0
14 0.44166666666666665 0.912109375 0.8444444444444444 -0.08671875
5 0.9222222222222223 0.912109375 0.11666666666666667 -0.08671875
0 0.2777777777777778 0.9015625 0.21388888888888888 0.065625
14 0.3888888888888889 0.9015625 0.008333333333333333 0.02578125
0 0.5 0.9015625 0.21388888888888888 0.065625
14 0.6111111111111112 0.9015625 0.008333333333333333 0.02578125
0 0.7222222222222222 0.9015625 0.21388888888888888 0.065625
14 0.12881944444444443 0.0708984375 0.1798611111111111 0.036328125
