5 0.7284722222222222 0.0693359375 0.03888888888888889 0.020703125
5 0.2861111111111111 0.0693359375 0.11666666666666667 0.046484375
5 0.22777777777777777 0.04609375 0.0 0.0
14 0.4791666666666667 0.0693359375 0.26944444444444443 0.046484375
5 0.9208333333333333 0.06953125 0.06111111111111111 0.0234375
14 0.1361111111111111 0.0697265625 0.0 0.036328125
4 0.06805555555555555 0.0703125 0.1361111111111111 0.07265625
14 0.0 0.106640625 0.0 0.0
14 0.0 0.106640625 0.0 0.0
5 0.0 0.106640625 0.0 0.0
5 0.0 0.106640625 0.0 0.0
14 0.0 0.106640625 0.0 0.0
14 0.0 0.106640625 0.0 0.0
14 0.0 0.106640625 0.0 0.0
14 0.0 0.106640625 0.0 0.0
14 0.0 0.106640625 0.0 0.0
14 0.0 0.106640625 0.0 0.0
14 0.0 0.106640625 0.0 0.0
14 0.0 0.106640625 0.0 0.0
5 0.0 0.106640625 0.0 0.0
14 0.0 0.106640625 0.0 0.0
14 0.0 0.106640625 0.0 0.0
14 0.0 0.106640625 0.0 0.0
14 0.0 0.106640625 0.0 0.0
5 0.5 0.1080078125 1.0 0.002734375
5 0.0 0.390625 0.0 0.5625
5 0.5 0.390625 1.0 0.5625
5 1.0 0.390625 0.0 0.5625
14 0.5 0.7572265625 0.9513888888888888 0.093359375
14 0.6545138888888888 0.820703125 0.18680555555555556 0.03359375
14 0.8739583333333333 0.820703125 0.2520833333333333 0.03359375
14 0.5 0.8609375 0.9513888888888888 0.046875
6 0.18263888888888888 0.9162109375 0.31666666666666665 0.036328125
14 0.6583333333333333 0.9162109375 0.6347222222222222 0.036328125
14 0.5121527777777778 0.923046875 0.9756944444444444 0.02265625
5 0.22256944444444443 0.9556640625 0.39652777777777776 -0.042578125
5 0.6677083333333333 0.9556640625 0.39652777777777776 -0.042578125
5 0.9572916666666667 0.9556640625 0.08541666666666667 -0.042578125
5 0.07534722222222222 0.0841796875 0.10208333333333333 0.057421875
14 0.024305555555555556 0.046484375 0.0 0.0
14 0.024305555555555556 0.046484375 0.0 0.0
14 0.024305555555555556 0.046484375 0.0 0.0
14 0.27847222222222223 0.084375 0.25555555555555554 0.07578125
14 0.13159722222222223 0.16015625 0.21458333333333332 0.02109375
14 0.07118055555555555 0.1931640625 0.09375 0.025390625
14 0.0 0.0328125 0.0 0.0
14 0.0 0.0328125 0.0 0.0
14 0.0 0.0328125 0.0 0.0
14 0.0 0.0328125 0.0 0.0
14 0.0 0.0328125 0.0 0.0
14 0.0 0.0328125 0.0 0.0
14 0.0 0.0328125 0.0 0.0
14 0.0 0.0328125 0.0 0.0
14 0.0 0.0328125 0.0 0.0
14 0.0 0.0328125 0.0 0.0
14 0.0 0.0328125 0.0 0.0
0 0.13368055555555555 0.2578125 0.21875 0.04921875
14 0.278125 0.257421875 0.04513888888888889 0.03359375
14 0.43506944444444445 0.257421875 0.24375 0.03359375
5 0.06493055555555556 0.3326171875 0.08125 0.045703125
14 0.4357638888888889 0.3326171875 0.6354166666666666 0.033984375
5 0.06493055555555556 0.4056640625 0.08125 0.045703125
14 0.4357638888888889 0.4056640625 0.6354166666666666 0.033984375
5 0.06493055555555556 0.4787109375 0.08125 0.045703125
14 0.4357638888888889 0.4787109375 0.6354166666666666 0.033984375
14 0.3951388888888889 0.5466796875 0.7166666666666667 0.033984375
14 0.3951388888888889 0.6080078125 0.7166666666666667 0.033984375
14 0.3951388888888889 0.6693359375 0.7166666666666667 0.033984375
14 0.3951388888888889 0.7306640625 0.7166666666666667 0.033984375
14 0.3951388888888889 0.7919921875 0.7166666666666667 0.033984375
