14 0.0 0.0984375 0.0 0.0
14 0.0 0.0984375 0.0 0.0
14 0.0 0.0984375 0.0 0.0
14 0.0 0.0984375 0.0 0.0
5 0.5 0.4375 0.6597222222222222 0.48671875
5 0.10902777777777778 0.127734375 0.19305555555555556 0.04453125
3 0.5 0.81015625 0.9902777777777778 0.06171875
5 0.059722222222222225 0.81015625 0.10972222222222222 0.06171875
5 0.9402777777777778 0.81015625 0.10972222222222222 0.06171875
5 0.09027777777777778 0.887890625 0.11666666666666667 0.065625
5 0.25555555555555554 0.887890625 0.11666666666666667 0.065625
5 0.42083333333333334 0.887890625 0.11666666666666667 0.065625
5 0.5861111111111111 0.887890625 0.11666666666666667 0.065625
5 0.7513888888888889 0.887890625 0.11666666666666667 0.065625
5 0.0 0.7765625 0.0 0.0
5 0.0 0.7765625 0.0 0.0
5 0.0 0.7765625 0.0 0.0
5 0.0 0.7765625 0.0 0.0
5 0.0 0.7765625 0.0 0.0
5 0.0 0.0984375 0.0 0.0
5 0.0 0.0984375 0.0 0.0
5 0.0 0.0984375 0.0 0.0
5 0.28125 0.1462890625 0.0 0.068359375
5 0.5625 0.1462890625 0.0 0.068359375
5 0.671875 0.14609375 0.21875 0.04375
5 0.890625 0.14609375 0.21875 0.04375
5 0.10034722222222223 0.81328125 0.1701388888888889 0.06171875
5 0.2857638888888889 0.81328125 0.1701388888888889 0.06171875
5 0.47118055555555555 0.81328125 0.1701388888888889 0.06171875
5 0.6565972222222223 0.81328125 0.1701388888888889 0.06171875
5 0.8420138888888888 0.81328125 0.1701388888888889 0.06171875
14 0.17152777777777778 0.1537109375 0.15138888888888888 0.091015625
14 0.49930555555555556 0.1537109375 0.15138888888888888 0.091015625
14 0.8270833333333333 0.1537109375 0.14305555555555555 0.091015625
14 0.17152777777777778 0.2447265625 0.15138888888888888 0.091015625
14 0.49930555555555556 0.2447265625 0.15138888888888888 0.091015625
14 0.8270833333333333 0.2447265625 0.15138888888888888 0.091015625
14 0.17152777777777778 0.3357421875 0.15138888888888888 0.091015625
14 0.49930555555555556 0.3357421875 0.15138888888888888 0.091015625
14 0.8270833333333333 0.3357421875 0.15138888888888888 0.091015625
14 0.17152777777777778 0.4267578125 0.15138888888888888 0.091015625
14 0.49930555555555556 0.4267578125 0.15138888888888888 0.091015625
14 0.8270833333333333 0.4267578125 0.15138888888888888 0.091015625
14 0.17152777777777778 0.5177734375 0.15138888888888888 0.091015625
14 0.49930555555555556 0.5177734375 0.15138888888888888 0.091015625
14 0.8270833333333333 0.5177734375 0.14305555555555555 0.091015625
14 0.17152777777777778 0.6087890625 0.15138888888888888 0.091015625
14 0.49930555555555556 0.6087890625 0.15138888888888888 0.091015625
14 0.8270833333333333 0.6087890625 0.14305555555555555 0.091015625
14 0.17152777777777778 0.6998046875 0.15138888888888888 0.091015625
14 0.49930555555555556 0.6998046875 0.14305555555555555 0.091015625
14 0.8270833333333333 0.6998046875 0.15138888888888888 0.091015625
14 0.17152777777777778 0.7638671875 0.15138888888888888 0.037109375
14 0.49930555555555556 0.7638671875 0.14305555555555555 0.037109375
14 0.8270833333333333 0.7638671875 0.15138888888888888 0.037109375
14 0.0 0.0328125 0.0 0.0
