5 0.0 0.0328125 0.0 0.0
14 0.0 0.0328125 0.0 0.0
14 0.0 0.0328125 0.0 0.0
5 0.0 0.0328125 0.0 0.0
0 0.0 0.0328125 0.0 0.0
0 0.0 0.0328125 0.0 0.0
0 0.0 0.0328125 0.0 0.0
0 0.0 0.0328125 0.0 0.0
0 0.0 0.0328125 0.0 0.0
0 0.0 0.0328125 0.0 0.0
0 0.0 0.0328125 0.0 0.0
14 0.0 0.0328125 0.0 0.0
0 0.0 0.0328125 0.0 0.0
0 0.0 0.0328125 0.0 0.0
0 0.0 0.0328125 0.0 0.0
0 0.0 0.0328125 0.0 0.0
0 0.0 0.0328125 0.0 0.0
5 0.07083333333333333 0.0654296875 0.11666666666666667 0.051953125
14 0.11527777777777778 0.0654296875 0.019444444444444445 0.051953125
14 0.5868055555555556 0.065625 0.8013888888888889 0.065625
14 0.0 0.0984375 0.0 0.0
0 0.0 0.0984375 0.0 0.0
5 0.5 0.51640625 1.0 0.8359375
14 0.5 0.4708984375 0.7569444444444444 0.068359375
0 0.5 0.5642578125 0.8541666666666666 0.063671875
14 0.175 0.13203125 0.3013888888888889 0.03984375
14 0.8993055555555556 0.13203125 0.1527777777777778 0.03984375
0 0.3659722222222222 0.825 0.24305555555555555 0.13671875
0 0.6333333333333333 0.825 0.24305555555555555 0.13671875
0 0.08506944444444445 0.8865234375 0.12152777777777778 0.068359375
