5 0.08229166666666667 0.0767578125 0.12152777777777778 0.068359375
14 0.37395833333333334 0.065625 0.41875 0.03203125
14 0.37395833333333334 0.0927734375 0.41875 0.022265625
5 0.6590277777777778 0.0767578125 0.14027777777777778 0.087890625
0 0.3645833333333333 0.15234375 0.7291666666666666 0.06328125
0 0.3645833333333333 0.215625 0.7291666666666666 0.06328125
0 0.3645833333333333 0.27890625 0.7291666666666666 0.06328125
0 0.3645833333333333 0.3421875 0.7291666666666666 0.06328125
0 0.3645833333333333 0.40546875 0.7291666666666666 0.06328125
0 0.3645833333333333 0.46875 0.7291666666666666 0.06328125
0 0.3645833333333333 0.53203125 0.7291666666666666 0.06328125
14 0.6579861111111112 0.533203125 0.09375 0.03828125
0 0.3645833333333333 0.5953125 0.7291666666666666 0.06328125
0 0.3645833333333333 0.65859375 0.7291666666666666 0.06328125
0 0.3645833333333333 0.721875 0.7291666666666666 0.06328125
0 0.3645833333333333 0.78515625 0.7291666666666666 0.06328125
0 0.3645833333333333 0.851171875 0.7291666666666666 0.0546875
5 0.7993055555555556 0.0654296875 0.11666666666666667 0.051953125
14 0.84375 0.0654296875 0.019444444444444445 0.051953125
14 0.9572916666666667 0.065625 0.08541666666666667 0.065625
5 0.8625 0.173828125 0.24305555555555555 0.13671875
0 0.7284722222222222 0.0984375 0.0 0.0
0 0.7284722222222222 0.0984375 0.0 0.0
14 0.7284722222222222 0.0984375 0.0 0.0
0 0.7284722222222222 0.0984375 0.0 0.0
14 0.7284722222222222 0.0984375 0.0 0.0
5 0.7284722222222222 0.0984375 0.0 0.0
