14 0.5 0.1599609375 0.8722222222222222 0.051953125
14 0.5 0.1923828125 0.8722222222222222 0.048046875
5 0.8875 0.175 0.04861111111111111 0.08203125
14 0.5 0.2431640625 0.8722222222222222 0.051953125
14 0.5 0.2755859375 0.8722222222222222 0.048046875
5 0.8875 0.258203125 0.04861111111111111 0.08203125
14 0.5 0.3263671875 0.8722222222222222 0.051953125
14 0.5 0.3587890625 0.8722222222222222 0.048046875
5 0.8875 0.34140625 0.04861111111111111 0.08203125
14 0.5 0.4095703125 0.8722222222222222 0.051953125
14 0.5 0.4419921875 0.8722222222222222 0.048046875
5 0.8875 0.424609375 0.04861111111111111 0.08203125
14 0.5 0.4927734375 0.8722222222222222 0.051953125
14 0.5 0.5251953125 0.8722222222222222 0.048046875
5 0.8875 0.5078125 0.04861111111111111 0.08203125
14 0.5 0.5759765625 0.8722222222222222 0.051953125
14 0.5 0.6083984375 0.8722222222222222 0.048046875
5 0.8875 0.591015625 0.04861111111111111 0.08203125
14 0.5 0.6591796875 0.8722222222222222 0.051953125
14 0.5 0.6916015625 0.8722222222222222 0.048046875
5 0.8875 0.67421875 0.04861111111111111 0.08203125
14 0.5 0.7423828125 0.8722222222222222 0.051953125
14 0.5 0.7748046875 0.8722222222222222 0.048046875
5 0.8875 0.757421875 0.04861111111111111 0.08203125
14 0.5 0.8255859375 0.8722222222222222 0.051953125
14 0.5 0.8580078125 0.8722222222222222 0.048046875
5 0.8875 0.840625 0.04861111111111111 0.08203125
14 0.5 0.903125 0.8722222222222222 0.040625
14 0.5 0.9203125 0.8722222222222222 0.00625
5 0.8875 0.903125 0.04861111111111111 0.040625
