0 0.0 0.0984375 0.0 0.0
0 0.0 0.0984375 0.0 0.0
14 0.16493055555555555 0.1291015625 0.21319444444444444 0.033203125
14 0.3836805555555556 0.15859375 0.6506944444444445 0.02578125
1 0.8784722222222222 0.1421875 0.07777777777777778 0.04375
14 0.16458333333333333 0.2173828125 0.2125 0.033203125
14 0.3177083333333333 0.246875 0.51875 0.02578125
1 0.8784722222222222 0.23046875 0.07777777777777778 0.04375
14 0.171875 0.3185546875 0.22708333333333333 0.033203125
1 0.8784722222222222 0.31875 0.07777777777777778 0.04375
14 0.24895833333333334 0.4068359375 0.38125 0.033203125
1 0.8784722222222222 0.40703125 0.07777777777777778 0.04375
14 0.31319444444444444 0.4822265625 0.5097222222222222 0.033203125
14 0.215625 0.51171875 0.3145833333333333 0.02578125
1 0.8784722222222222 0.4953125 0.07777777777777778 0.04375
14 0.24444444444444444 0.5833984375 0.37222222222222223 0.033203125
14 0.2951388888888889 0.6716796875 0.4736111111111111 0.033203125
14 0.5 0.73828125 0.9222222222222223 0.04375
14 0.2864583333333333 0.8044921875 0.45625 0.033203125
1 0.8784722222222222 0.8046875 0.07777777777777778 0.04375
14 0.271875 0.8927734375 0.4270833333333333 0.033203125
1 0.8784722222222222 0.89296875 0.07777777777777778 0.04375
0 0.0 0.0984375 0.0 0.0
0 0.0 0.0984375 0.0 0.0
5 0.06875 0.065625 0.07777777777777778 0.04375
14 0.196875 0.0654296875 0.15902777777777777 0.033203125
