3 0.46111111111111114 0.07109375 0.8444444444444444 0.0765625
4 0.9416666666666667 0.07109375 0.11666666666666667 0.0765625
14 0.5 0.140625 0.9513888888888888 0.0484375
5 0.18263888888888888 0.2701171875 0.31666666666666665 0.180078125
14 0.18263888888888888 0.38515625 0.31666666666666665 0.065625
5 0.49930555555555556 0.2701171875 0.31666666666666665 0.180078125
14 0.49930555555555556 0.38515625 0.31666666666666665 0.065625
5 0.8159722222222222 0.2701171875 0.31666666666666665 0.180078125
14 0.8159722222222222 0.38515625 0.31666666666666665 0.065625
5 0.18263888888888888 0.5236328125 0.31666666666666665 0.180078125
14 0.18263888888888888 0.638671875 0.31666666666666665 0.065625
5 0.49930555555555556 0.5236328125 0.31666666666666665 0.180078125
14 0.49930555555555556 0.638671875 0.31666666666666665 0.065625
5 0.8159722222222222 0.5236328125 0.31666666666666665 0.180078125
14 0.8159722222222222 0.638671875 0.31666666666666665 0.065625
5 0.18263888888888888 0.7724609375 0.31666666666666665 0.170703125
14 0.18263888888888888 0.85859375 0.31666666666666665 -0.0015625
5 0.49930555555555556 0.7724609375 0.31666666666666665 0.170703125
14 0.49930555555555556 0.85859375 0.31666666666666665 -0.0015625
5 0.8159722222222222 0.7724609375 0.31666666666666665 0.170703125
14 0.8159722222222222 0.85859375 0.31666666666666665 -0.0015625
6 0.5 0.8578125 1.0 0.0
5 0.09583333333333334 0.89609375 0.19166666666666668 0.04921875
5 0.2878472222222222 0.89609375 0.19236111111111112 0.04921875
5 0.4996527777777778 0.89609375 0.19236111111111112 0.0625
5 0.7114583333333333 0.89609375 0.19236111111111112 0.04921875
5 0.9038194444444444 0.89609375 0.19236111111111112 0.04921875
14 0.0 0.0328125 0.0 0.0
14 0.0 0.0328125 0.0 0.0
14 0.5 0.7703125 1.0 0.065625
14 0.5 0.8359375 1.0 0.065625
5 0.07083333333333333 0.903125 0.06805555555555555 0.03828125
14 0.5524305555555555 0.90234375 0.8951388888888889 0.0640625
14 0.5729166666666666 0.9359375 0.8541666666666666 -0.003125
14 0.5 0.2158203125 0.7083333333333334 0.041015625
14 0.5 0.2568359375 0.7083333333333334 0.041015625
5 0.3229166666666667 0.351171875 0.11666666666666667 0.065625
14 0.3229166666666667 0.4345703125 0.3541666666666667 0.101171875
5 0.6770833333333334 0.351171875 0.11666666666666667 0.065625
14 0.6770833333333334 0.4345703125 0.3541666666666667 0.101171875
5 0.14583333333333334 0.318359375 0.0 0.0
14 0.14583333333333334 0.318359375 0.0 0.0
14 0.5 0.5365234375 0.7083333333333334 0.075390625
14 0.5003472222222223 0.07109375 0.1701388888888889 0.0375
4 0.06805555555555555 0.07109375 0.1361111111111111 0.0765625
