5 0.5 0.48359375 1.0 0.9015625
14 0.0 0.565234375 0.0 0.0
5 0.0 0.565234375 0.0 0.0
5 0.0 0.565234375 0.0 0.0
14 0.0 0.565234375 0.0 0.0
14 0.0 0.565234375 0.0 0.0
4 0.12291666666666666 0.62265625 0.12638888888888888 0.07109375
14 0.12291666666666666 0.6828125 0.12777777777777777 0.02421875
4 0.3111111111111111 0.62265625 0.12638888888888888 0.07109375
14 0.3111111111111111 0.6828125 0.1597222222222222 0.02421875
4 0.4986111111111111 0.62265625 0.12638888888888888 0.07109375
14 0.4986111111111111 0.6828125 0.10833333333333334 0.02421875
4 0.6670138888888889 0.6224609375 0.12152777777777778 0.068359375
14 0.6666666666666666 0.68125 0.10833333333333334 0.02421875
4 0.8361111111111111 0.62265625 0.12638888888888888 0.07109375
14 0.8361111111111111 0.6828125 0.12777777777777777 0.02421875
4 0.9736111111111111 0.6224609375 0.05277777777777778 0.068359375
14 0.9722222222222222 0.68125 0.05555555555555555 0.02421875
5 0.5 0.717578125 1.0 0.00078125
4 0.12291666666666666 0.775390625 0.12638888888888888 0.07109375
14 0.12291666666666666 0.835546875 0.12777777777777777 0.02421875
4 0.29444444444444445 0.775390625 0.12638888888888888 0.07109375
14 0.29444444444444445 0.835546875 0.03611111111111111 0.02421875
4 0.4652777777777778 0.775390625 0.12638888888888888 0.07109375
14 0.4652777777777778 0.835546875 0.03194444444444444 0.02421875
4 0.6361111111111111 0.775390625 0.12638888888888888 0.07109375
14 0.6361111111111111 0.835546875 0.06388888888888888 0.02421875
4 0.8069444444444445 0.775390625 0.12638888888888888 0.07109375
14 0.8069444444444445 0.835546875 0.06388888888888888 0.02421875
5 0.5 0.870703125 1.0 0.0015625
14 0.5 0.9029296875 1.0 0.062890625
