4 0.04618055555555556 0.06640625 0.09236111111111112 0.05625
14 0.14583333333333334 0.066796875 0.10694444444444444 0.06796875
13 0.4996527777777778 0.47578125 0.9993055555555556 0.5625
14 0.0 0.19453125 0.0 0.0
14 0.0 0.19453125 0.0 0.0
14 0.0 0.19453125 0.0 0.0
14 0.0 0.19453125 0.0 0.0
14 0.0 0.19453125 0.0 0.0
5 0.06493055555555556 0.8056640625 0.034027777777777775 0.048046875
14 0.23125 0.8056640625 0.2986111111111111 0.046484375
14 0.5 0.84296875 1.0 0.0265625
5 0.058680555555555555 0.869140625 0.11736111111111111 -0.02578125
14 0.16215277777777778 0.8716796875 0.08958333333333333 -0.030859375
5 0.271875 0.8720703125 0.12986111111111112 -0.031640625
14 0.37222222222222223 0.8716796875 0.07083333333333333 -0.030859375
5 0.9243055555555556 0.8763671875 0.15138888888888888 -0.040234375
14 0.0 0.0328125 0.0 0.0
7 0.10798611111111112 0.8953125 0.19652777777777777 0.0671875
7 0.30486111111111114 0.8953125 0.19722222222222222 0.0671875
7 0.49930555555555556 0.8953125 0.19166666666666668 0.0671875
7 0.69375 0.8953125 0.19722222222222222 0.0671875
7 0.8909722222222223 0.8953125 0.19722222222222222 0.0671875
14 0.3625 0.873828125 0.7055555555555556 0.02421875
14 0.2 0.8953125 0.4 0.078125
5 0.5 0.8953125 0.05138888888888889 0.078125
14 0.8 0.8953125 0.4 0.078125
14 0.14652777777777778 0.0669921875 0.10694444444444444 0.068359375
14 0.4878472222222222 0.066796875 0.17152777777777778 0.0609375
5 0.6197916666666666 0.0666015625 0.09236111111111112 0.035546875
5 0.9267361111111111 0.0666015625 0.09791666666666667 0.055078125
14 0.3267361111111111 0.086328125 0.5076388888888889 0.046875
14 0.3267361111111111 0.133203125 0.5076388888888889 0.046875
14 0.3267361111111111 0.180078125 0.5076388888888889 0.046875
14 0.3267361111111111 0.226953125 0.5076388888888889 0.046875
14 0.3267361111111111 0.2853515625 0.5076388888888889 0.069921875
14 0.3267361111111111 0.3431640625 0.5076388888888889 0.045703125
14 0.3267361111111111 0.3888671875 0.5076388888888889 0.045703125
14 0.3267361111111111 0.4345703125 0.5076388888888889 0.045703125
14 0.3267361111111111 0.4802734375 0.5076388888888889 0.045703125
14 0.3267361111111111 0.5259765625 0.5076388888888889 0.045703125
14 0.3267361111111111 0.5716796875 0.5076388888888889 0.045703125
14 0.3267361111111111 0.6173828125 0.5076388888888889 0.045703125
14 0.3267361111111111 0.6630859375 0.5076388888888889 0.045703125
14 0.3267361111111111 0.7087890625 0.5076388888888889 0.045703125
14 0.3267361111111111 0.7544921875 0.5076388888888889 0.045703125
14 0.3267361111111111 0.8001953125 0.5076388888888889 0.045703125
14 0.3267361111111111 0.8458984375 0.5076388888888889 0.045703125
14 0.3267361111111111 0.8916015625 0.5076388888888889 0.045703125
14 0.3267361111111111 0.9244140625 0.5076388888888889 0.019921875
14 0.3267361111111111 0.947265625 0.5076388888888889 -0.02578125
4 0.9409722222222222 0.066015625 0.11805555555555555 0.06640625
14 0.0 0.0328125 0.0 0.0
