14 0.2701388888888889 0.0708984375 0.24861111111111112 0.036328125
4 0.06805555555555555 0.07109375 0.1361111111111111 0.0765625
5 0.9416666666666667 0.07109375 0.11666666666666667 0.065625
5 0.8833333333333333 0.03828125 0.0 0.0
14 0.3451388888888889 0.1712890625 0.5930555555555556 0.040234375
14 0.14618055555555556 0.211328125 0.1951388888888889 0.02578125
14 0.109375 0.2857421875 0.12152777777777778 0.068359375
14 0.5850694444444444 0.2708984375 0.7326388888888888 0.033203125
14 0.32048611111111114 0.30234375 0.20347222222222222 0.0296875
14 0.109375 0.3830078125 0.12152777777777778 0.068359375
14 0.5850694444444444 0.3681640625 0.7326388888888888 0.033203125
14 0.32048611111111114 0.399609375 0.20347222222222222 0.0296875
14 0.109375 0.4802734375 0.12152777777777778 0.068359375
14 0.5850694444444444 0.4654296875 0.7326388888888888 0.033203125
14 0.32048611111111114 0.496875 0.20347222222222222 0.0296875
14 0.109375 0.5775390625 0.12152777777777778 0.068359375
14 0.5850694444444444 0.5626953125 0.7326388888888888 0.033203125
14 0.32048611111111114 0.594140625 0.20347222222222222 0.0296875
14 0.109375 0.6748046875 0.12152777777777778 0.068359375
14 0.5850694444444444 0.6599609375 0.7326388888888888 0.033203125
14 0.32048611111111114 0.69140625 0.20347222222222222 0.0296875
14 0.109375 0.7720703125 0.12152777777777778 0.068359375
14 0.5850694444444444 0.7572265625 0.7326388888888888 0.033203125
14 0.32048611111111114 0.788671875 0.20347222222222222 0.0296875
14 0.109375 0.8470703125 0.12152777777777778 0.023828125
14 0.5850694444444444 0.8484375 0.7326388888888888 0.02109375
14 0.32048611111111114 0.8650390625 0.20347222222222222 -0.012109375
14 0.0 0.623828125 0.0 0.065625
