5 0.5 0.4671875 1.0 0.934375
14 0.5 0.1798828125 0.8736111111111111 0.075390625
14 0.5 0.3158203125 0.5194444444444445 0.066015625
5 0.4996527777777778 0.0916015625 0.16041666666666668 0.090234375
14 0.21944444444444444 0.4046875 0.3611111111111111 0.0296875
0 0.5 0.4564453125 0.9125 0.046484375
0 0.08368055555555555 0.45625 0.04097222222222222 0.021875
14 0.30520833333333336 0.45625 0.3770833333333333 0.02578125
5 0.1361111111111111 0.58359375 0.20416666666666666 0.1640625
5 0.07291666666666667 0.52890625 0.09722222222222222 0.0546875
14 0.621875 0.5244140625 0.7076388888888889 0.045703125
14 0.621875 0.6044921875 0.7076388888888889 0.048046875
5 0.1361111111111111 0.77109375 0.20416666666666666 0.1640625
5 0.07291666666666667 0.71640625 0.09722222222222222 0.0546875
14 0.621875 0.7119140625 0.7076388888888889 0.045703125
14 0.47465277777777776 0.780859375 0.4131944444444444 0.02578125
5 0.1361111111111111 0.91328125 0.20416666666666666 0.0421875
5 0.07291666666666667 0.91328125 0.09722222222222222 0.0421875
14 0.621875 0.9185546875 0.7076388888888889 0.031640625
14 0.5600694444444444 0.9580078125 0.5840277777777778 -0.047265625
14 0.5 0.4259765625 1.0 0.060546875
5 0.05590277777777778 0.065625 0.11180555555555556 0.065625
14 0.5 0.0654296875 0.03888888888888889 0.036328125
