4 0.9319444444444445 0.07109375 0.1361111111111111 0.0765625
4 0.06805555555555555 0.07109375 0.1361111111111111 0.0765625
4 0.32916666666666666 0.07109375 0.1361111111111111 0.0765625
14 0.5 0.07109375 0.28194444444444444 0.0765625
4 0.6708333333333333 0.07109375 0.1361111111111111 0.0765625
14 0.16666666666666666 0.1439453125 0.3333333333333333 0.068359375
14 0.5 0.1439453125 0.3333333333333333 0.068359375
14 0.8333333333333334 0.1439453125 0.3333333333333333 0.068359375
5 0.10451388888888889 0.241015625 0.12152777777777778 0.08203125
14 0.30069444444444443 0.21484375 0.2222222222222222 0.02421875
14 0.2420138888888889 0.2451171875 0.10486111111111111 0.036328125
14 0.3715277777777778 0.2494140625 0.125 0.022265625
14 0.27361111111111114 0.2796875 0.06944444444444445 0.02421875
5 0.014583333333333334 0.197265625 0.0 0.0
5 0.014583333333333334 0.197265625 0.0 0.0
5 0.0 0.178125 0.0 0.0
14 0.0 0.178125 0.0 0.0
14 0.0 0.178125 0.0 0.0
14 0.0 0.178125 0.0 0.0
5 0.0 0.178125 0.0 0.0
14 0.0 0.178125 0.0 0.0
5 0.0 0.178125 0.0 0.0
14 0.0 0.178125 0.0 0.0
14 0.0 0.178125 0.0 0.0
14 0.0 0.178125 0.0 0.0
0 0.890625 0.8044921875 0.1701388888888889 0.095703125
14 0.21319444444444444 0.800390625 0.32916666666666666 0.0296875
14 0.7065972222222222 0.6375 0.19791666666666666 0.04609375
0 0.890625 0.6376953125 0.13125 0.073828125
14 0.7041666666666667 0.716796875 0.20277777777777778 0.04609375
0 0.890625 0.7169921875 0.13125 0.073828125
14 0.7336805555555556 0.804296875 0.14375 0.04609375
0 0.890625 0.8044921875 0.1701388888888889 0.095703125
14 0.8065972222222222 0.1427734375 0.3729166666666667 0.073828125
