5 0.08541666666666667 0.9123046875 0.14583333333333334 0.030078125
5 0.0 0.0 0.0 0.0
5 0.0 0.0 0.0 0.0
5 0.0 0.0 0.0 0.0
5 0.0 0.0 0.0 0.0
14 0.058333333333333334 0.07109375 0.11666666666666667 0.0765625
14 0.5388888888888889 0.07109375 0.7666666666666667 0.0765625
14 0.9611111111111111 0.07109375 0.07777777777777778 0.0765625
5 0.07118055555555555 0.131640625 0.027083333333333334 -0.04453125
14 0.12222222222222222 0.1150390625 0.0 -0.011328125
14 0.12222222222222222 0.1150390625 0.0 -0.011328125
14 0.4829861111111111 0.1279296875 0.7215277777777778 -0.037109375
14 0.9118055555555555 0.1150390625 0.1361111111111111 -0.011328125
14 0.12222222222222222 0.1533203125 0.0 -0.087890625
14 0.12222222222222222 0.1533203125 0.0 -0.087890625
14 0.4829861111111111 0.1662109375 0.7215277777777778 -0.113671875
14 0.9118055555555555 0.1533203125 0.1361111111111111 -0.087890625
5 0.0 0.109375 0.0 0.0
14 0.0 0.109375 0.0 0.0
14 0.0 0.109375 0.0 0.0
14 0.0 0.109375 0.0 0.0
14 0.0 0.109375 0.0 0.0
14 0.0 0.109375 0.0 0.0
14 0.0 0.109375 0.0 0.0
14 0.0 0.109375 0.0 0.0
14 0.044444444444444446 0.8984375 0.0 0.021875
14 0.5121527777777778 0.8982421875 0.9354166666666667 0.048828125
14 0.049305555555555554 0.943359375 0.0 -0.01796875
14 0.35868055555555556 0.9330078125 0.5604166666666667 0.002734375
14 0.07847222222222222 0.931640625 0.0 0.0
14 0.07847222222222222 0.931640625 0.0 0.0
14 0.6729166666666667 0.946484375 0.029166666666666667 -0.02421875
14 0.7777777777777778 0.9447265625 0.041666666666666664 -0.020703125
14 0.8868055555555555 0.94375 0.12777777777777777 -0.01875
14 0.0 0.0 0.0 0.0
14 0.0 0.0 0.0 0.0
14 0.0 0.934375 0.0 0.0
14 0.0 0.934375 0.0 0.0
14 0.9326388888888889 0.9349609375 0.10972222222222222 -0.001171875
14 0.0125 0.934375 0.0 0.0
14 0.0125 0.934375 0.0 0.0
5 0.5 0.4671875 1.0 0.934375
5 0.5 0.4669921875 0.029166666666666667 0.019140625
5 0.4996527777777778 0.4369140625 0.07291666666666667 0.041015625
14 0.29305555555555557 0.40390625 0.0 0.0
14 0.29305555555555557 0.40390625 0.0 0.0
5 0.29305555555555557 0.40390625 0.0 0.0
14 0.29305555555555557 0.40390625 0.0 0.0
14 0.45625 0.428515625 0.26805555555555555 0.04921875
14 0.0 0.0 0.0 0.0
14 0.0 0.0 0.0 0.0
14 0.05 0.408203125 0.0 0.0
14 0.05 0.408203125 0.0 0.0
5 0.5 0.4328125 0.42777777777777776 0.04921875
5 0.5 0.4671875 1.0 0.934375
14 0.4996527777777778 0.2837890625 0.15069444444444444 0.085546875
14 0.5 0.4041015625 0.7708333333333334 0.078515625
14 0.5 0.493359375 0.825 0.06015625
14 0.4829861111111111 0.69140625 0.8826388888888889 0.05
10 0.5 0.69296875 0.9166666666666666 0.065625
5 0.0 0.4671875 0.0 0.934375
14 0.0 0.428515625 0.0 0.08203125
14 0.0 0.510546875 0.0 0.08203125
14 0.0 0.592578125 0.0 0.08203125
14 0.0 0.674609375 0.0 0.08203125
14 0.0 0.756640625 0.0 0.08203125
14 0.0 0.838671875 0.0 0.08203125
