14 0.5 0.063671875 1.0 0.06171875
5 0.5 0.108203125 1.0 0.02734375
3 0.5 0.1455078125 0.975 0.047265625
5 0.0125 0.21015625 0.0 0.0
14 0.5038194444444445 0.2103515625 0.9673611111111111 0.068359375
5 0.0125 0.27890625 0.0 0.0
14 0.5038194444444445 0.2791015625 0.9673611111111111 0.068359375
5 0.0125 0.34765625 0.0 0.0
14 0.5038194444444445 0.3478515625 0.9673611111111111 0.068359375
5 0.0125 0.41640625 0.0 0.0
14 0.5038194444444445 0.4166015625 0.9673611111111111 0.068359375
5 0.0125 0.48515625 0.0 0.0
14 0.5038194444444445 0.4853515625 0.9673611111111111 0.068359375
5 0.0125 0.55390625 0.0 0.0
14 0.5038194444444445 0.5541015625 0.9673611111111111 0.068359375
5 0.0125 0.62265625 0.0 0.0
14 0.5038194444444445 0.6228515625 0.9673611111111111 0.068359375
5 0.0125 0.69140625 0.0 0.0
14 0.5038194444444445 0.6916015625 0.9673611111111111 0.068359375
5 0.0125 0.76015625 0.0 0.0
14 0.5038194444444445 0.7603515625 0.9673611111111111 0.068359375
5 0.0125 0.82890625 0.0 0.0
14 0.5038194444444445 0.8291015625 0.9673611111111111 0.068359375
5 0.0125 0.8818359375 0.0 -0.031640625
14 0.5038194444444445 0.86484375 0.9673611111111111 0.00234375
