14 0.3451388888888889 0.0708984375 0.3402777777777778 0.036328125
4 0.06805555555555555 0.07109375 0.1361111111111111 0.0765625
14 0.08194444444444444 0.13203125 0.1638888888888889 0.02578125
14 0.5 0.13203125 0.16944444444444445 0.02578125
14 0.9635416666666666 0.13203125 0.07291666666666667 0.02578125
14 0.4083333333333333 0.187890625 0.7388888888888889 0.02578125
14 0.5 0.2392578125 0.9222222222222223 0.027734375
3 0.5 0.283984375 0.9222222222222223 0.06171875
14 0.5 0.3533203125 0.9222222222222223 0.027734375
3 0.5 0.398046875 0.9222222222222223 0.06171875
1 0.159375 0.4890625 0.24097222222222223 0.04375
