5 0.5 0.23515625 1.0 0.2734375
14 0.5 0.4021484375 0.9513888888888888 0.033203125
14 0.5 0.437890625 0.9513888888888888 0.0296875
5 0.5 0.471484375 0.9513888888888888 0.0015625
14 0.5 0.5025390625 0.9513888888888888 0.033203125
14 0.5 0.535546875 0.9513888888888888 0.0296875
14 0.5 0.5806640625 0.9513888888888888 0.033203125
14 0.5 0.72265625 0.9513888888888888 0.24765625
14 0.5 0.8767578125 0.9513888888888888 0.033203125
14 0.5 0.9146484375 0.9513888888888888 0.039453125
5 0.06875 0.065625 0.07777777777777778 0.04375
14 0.3038194444444444 0.0654296875 0.3729166666666667 0.033203125
0 0.9319444444444445 0.065625 0.1361111111111111 0.065625
