14 0.23506944444444444 0.07109375 0.12013888888888889 0.0765625
14 0.45625 0.3658203125 0.5097222222222222 0.022265625
14 0.4392361111111111 0.397265625 0.54375 0.0296875
14 0.39791666666666664 0.5029296875 0.6263888888888889 0.224609375
14 0.8045138888888889 0.44375 0.18680555555555556 0.04375
14 0.4392361111111111 0.61796875 0.54375 0.0703125
14 0.28888888888888886 0.8359375 0.04722222222222222 0.021875
14 0.42465277777777777 0.8359375 0.07569444444444444 0.021875
14 0.5680555555555555 0.8359375 0.13055555555555556 0.021875
14 0.7111111111111111 0.8359375 0.0625 0.021875
14 0.0 0.109375 0.0 0.0
14 0.0 0.109375 0.0 0.0
14 0.0 0.109375 0.0 0.0
14 0.0 0.109375 0.0 0.0
14 0.8444444444444444 0.8359375 0.0 0.0
5 0.8444444444444444 0.8359375 0.0 0.0
14 0.5388888888888889 0.9015625 0.2722222222222222 0.02578125
0 0.8930555555555556 0.86328125 0.1361111111111111 0.0765625
5 0.11666666666666667 0.0984375 0.15555555555555556 0.0875
14 0.3402777777777778 0.176953125 0.6027777777777777 0.02578125
14 0.3402777777777778 0.235546875 0.6027777777777777 0.02578125
14 0.37430555555555556 0.31015625 0.39861111111111114 0.02578125
14 0.37430555555555556 0.37578125 0.39861111111111114 0.02578125
14 0.37430555555555556 0.44140625 0.39861111111111114 0.02578125
14 0.37430555555555556 0.50703125 0.39861111111111114 0.02578125
14 0.37430555555555556 0.57265625 0.39861111111111114 0.02578125
14 0.37430555555555556 0.63828125 0.39861111111111114 0.02578125
14 0.37430555555555556 0.70390625 0.39861111111111114 0.02578125
