14 0.0 0.0 0.0 0.0
14 0.23958333333333334 0.064453125 0.40555555555555556 -0.08984375
14 0.10659722222222222 0.09140625 0.13958333333333334 -0.0359375
3 0.5 0.1255859375 0.9263888888888889 0.032421875
14 0.39375 0.16171875 0.7138888888888889 0.02578125
14 0.1329861111111111 0.2119140625 0.19236111111111112 0.033203125
3 0.5 0.2626953125 0.9263888888888889 0.068359375
14 0.5 0.3279296875 0.9263888888888889 0.048046875
14 0.2048611111111111 0.3892578125 0.33611111111111114 0.033203125
3 0.5 0.4400390625 0.9263888888888889 0.068359375
14 0.20729166666666668 0.5115234375 0.34097222222222223 0.033203125
14 0.5 0.562109375 0.9263888888888889 0.0296875
10 0.5 0.5623046875 0.9263888888888889 0.068359375
14 0.19305555555555556 0.6337890625 0.3125 0.033203125
3 0.5 0.6845703125 0.9263888888888889 0.068359375
1 0.20243055555555556 0.761328125 0.33125 0.04375
14 0.5048611111111111 0.7611328125 0.25833333333333336 0.033203125
0 0.5 0.8587890625 0.9263888888888889 0.068359375
14 0.3246527777777778 0.2287109375 0.5756944444444444 0.033203125
14 0.0875 0.2826171875 0.10138888888888889 0.033203125
14 0.5 0.333203125 0.9263888888888889 0.065625
10 0.5 0.3333984375 0.9263888888888889 0.068359375
14 0.10520833333333333 0.4048828125 0.13680555555555557 0.033203125
14 0.5 0.45546875 0.9263888888888889 0.065625
10 0.5 0.4556640625 0.9263888888888889 0.068359375
14 0.21666666666666667 0.5271484375 0.3597222222222222 0.033203125
14 0.21284722222222222 0.556640625 0.20625 0.02578125
14 0.5 0.6283203125 0.9263888888888889 0.090234375
0 0.5 0.7490234375 0.9263888888888889 0.068359375
14 0.0 0.109375 0.0 0.0
14 0.0 0.109375 0.0 0.0
14 0.0 0.109375 0.0 0.0
14 0.0 0.109375 0.0 0.0
14 0.0 0.109375 0.0 0.0
14 0.0 0.109375 0.0 0.0
14 0.0 0.109375 0.0 0.0
14 0.0 0.109375 0.0 0.0
14 0.0 0.109375 0.0 0.0
14 0.0 0.109375 0.0 0.0
14 0.0 0.109375 0.0 0.0
14 0.0 0.109375 0.0 0.0
14 0.0 0.109375 0.0 0.0
14 0.0 0.109375 0.0 0.0
14 0.0 0.109375 0.0 0.0
14 0.0 0.109375 0.0 0.0
14 0.0 0.109375 0.0 0.0
14 0.0 0.109375 0.0 0.0
14 0.0 0.109375 0.0 0.0
14 0.0 0.109375 0.0 0.0
14 0.0 0.109375 0.0 0.0
14 0.0 0.109375 0.0 0.0
14 0.0 0.109375 0.0 0.0
14 0.0 0.109375 0.0 0.0
14 0.0 0.109375 0.0 0.0
0 0.0 0.109375 0.0 0.0
14 0.0 0.109375 0.0 0.0
14 0.0 0.109375 0.0 0.0
14 0.0 0.109375 0.0 0.0
0 0.0 0.109375 0.0 0.0
14 0.3350694444444444 0.0708984375 0.3784722222222222 0.036328125
4 0.06805555555555555 0.07109375 0.1361111111111111 0.0765625
