4 0.0 0.0328125 0.0 0.0
4 0.0 0.0328125 0.0 0.0
4 0.0 0.0328125 0.0 0.0
4 0.0 0.0328125 0.0 0.0
4 0.0 0.0328125 0.0 0.0
4 0.0 0.0328125 0.0 0.0
14 0.24930555555555556 0.0568359375 0.08333333333333333 0.022265625
14 0.75 0.0568359375 0.125 0.022265625
5 0.06458333333333334 0.1150390625 0.10972222222222222 0.068359375
14 0.5 0.1158203125 0.7125 0.033203125
5 0.9354166666666667 0.1150390625 0.10972222222222222 0.068359375
4 0.08333333333333333 0.9103515625 0.16666666666666666 0.048046875
4 0.25 0.9103515625 0.16666666666666666 0.048046875
4 0.4166666666666667 0.9103515625 0.16666666666666666 0.048046875
4 0.5833333333333334 0.9103515625 0.16666666666666666 0.048046875
4 0.75 0.9103515625 0.16666666666666666 0.048046875
4 0.9166666666666666 0.9103515625 0.16666666666666666 0.048046875
9 0.0 0.0328125 0.0 0.0
4 0.5 0.78515625 0.175 0.0875
4 0.8163194444444445 0.8103515625 0.1798611111111111 0.090234375
