4 0.06805555555555555 0.07109375 0.1361111111111111 0.0765625
14 0.309375 0.0708984375 0.26875 0.036328125
5 0.5 0.521875 1.0 0.825
14 0.17847222222222223 0.1623046875 0.2388888888888889 0.068359375
14 0.6045138888888889 0.1623046875 0.5159722222222223 0.068359375
5 0.9263888888888889 0.1630859375 0.030555555555555555 0.015234375
3 0.5003472222222223 0.1486328125 0.9770833333333333 0.068359375
14 0.0 0.109375 0.0 0.0
14 0.0 0.109375 0.0 0.0
3 0.43680555555555556 0.1435546875 0.8736111111111111 0.068359375
4 0.9368055555555556 0.1435546875 0.12638888888888888 0.068359375
14 0.5 0.5568359375 0.9513888888888888 0.075390625
0 0.0 0.889453125 0.0 0.0546875
0 0.0 0.9255859375 0.0 0.017578125
0 0.0 0.9529296875 0.0 -0.037109375
