14 0.0 0.0 0.0 0.0
14 0.1361111111111111 0.0873046875 0.0 0.036328125
5 0.18958333333333333 0.0873046875 0.07777777777777778 0.029296875
5 0.8833333333333333 0.0875 0.06805555555555555 0.04921875
4 0.06805555555555555 0.0875 0.1361111111111111 0.0765625
14 0.44583333333333336 0.176171875 0.8138888888888889 0.04140625
5 0.9631944444444445 0.176171875 0.07361111111111111 0.04140625
14 0.0 0.1421875 0.0 0.0
5 0.0 0.1421875 0.0 0.0
14 0.3645833333333333 0.0546875 0.7291666666666666 0.04375
5 0.059722222222222225 0.108984375 0.06111111111111111 0.02734375
14 0.18333333333333332 0.108984375 0.36666666666666664 0.065625
5 0.059722222222222225 0.17421875 0.06111111111111111 0.02734375
14 0.22013888888888888 0.17421875 0.44027777777777777 0.065625
5 0.059722222222222225 0.239453125 0.06111111111111111 0.02734375
14 0.2326388888888889 0.239453125 0.4652777777777778 0.065625
14 0.3645833333333333 0.29375 0.7291666666666666 0.04375
5 0.059722222222222225 0.348046875 0.06111111111111111 0.02734375
14 0.15694444444444444 0.348046875 0.3138888888888889 0.065625
5 0.059722222222222225 0.41328125 0.06111111111111111 0.02734375
14 0.17569444444444443 0.41328125 0.35138888888888886 0.065625
14 0.3645833333333333 0.467578125 0.7291666666666666 0.04375
5 0.059722222222222225 0.521875 0.06111111111111111 0.02734375
14 0.23368055555555556 0.521875 0.4673611111111111 0.065625
14 0.3645833333333333 0.576171875 0.7291666666666666 0.04375
5 0.059722222222222225 0.63046875 0.06111111111111111 0.02734375
14 0.22743055555555555 0.63046875 0.4548611111111111 0.065625
5 0.059722222222222225 0.695703125 0.06111111111111111 0.02734375
14 0.14618055555555556 0.695703125 0.2923611111111111 0.065625
14 0.3645833333333333 0.75 0.7291666666666666 0.04375
5 0.059722222222222225 0.804296875 0.06111111111111111 0.02734375
14 0.16701388888888888 0.804296875 0.33402777777777776 0.065625
5 0.059722222222222225 0.86953125 0.06111111111111111 0.02734375
14 0.246875 0.86953125 0.49375 0.065625
5 0.059722222222222225 0.927734375 0.06111111111111111 0.01328125
14 0.13645833333333332 0.9181640625 0.27291666666666664 0.032421875
