14 0.23576388888888888 0.0708984375 0.1798611111111111 0.036328125
4 0.06805555555555555 0.07109375 0.1361111111111111 0.0765625
5 0.08020833333333334 0.0587890625 0.06319444444444444 -0.101171875
14 0.17604166666666668 0.0572265625 0.1284722222222222 -0.104296875
7 0.9173611111111111 0.0587890625 0.06805555555555555 -0.101171875
14 0.5 0.0837890625 0.9513888888888888 -0.051171875
14 0.5 0.109765625 0.9027777777777778 0.00078125
5 0.08020833333333334 0.1306640625 0.06319444444444444 0.035546875
14 0.22291666666666668 0.13046875 0.2222222222222222 0.0296875
7 0.9173611111111111 0.129296875 0.06805555555555555 0.03828125
5 0.08020833333333334 0.1759765625 0.06319444444444444 0.035546875
14 0.17604166666666668 0.17578125 0.1284722222222222 0.0296875
7 0.9173611111111111 0.174609375 0.06805555555555555 0.03828125
14 0.5 0.2255859375 0.9513888888888888 0.036328125
14 0.5 0.2697265625 0.9027777777777778 0.051953125
5 0.08020833333333334 0.3162109375 0.06319444444444444 0.035546875
14 0.22291666666666668 0.316015625 0.2222222222222222 0.0296875
7 0.9173611111111111 0.31484375 0.06805555555555555 0.03828125
5 0.08020833333333334 0.3615234375 0.06319444444444444 0.035546875
14 0.17604166666666668 0.361328125 0.1284722222222222 0.0296875
7 0.9173611111111111 0.36015625 0.06805555555555555 0.03828125
14 0.5 0.4111328125 0.9513888888888888 0.036328125
14 0.5 0.4552734375 0.9027777777777778 0.051953125
5 0.08020833333333334 0.5017578125 0.06319444444444444 0.035546875
14 0.22291666666666668 0.5015625 0.2222222222222222 0.0296875
7 0.9173611111111111 0.500390625 0.06805555555555555 0.03828125
5 0.08020833333333334 0.5470703125 0.06319444444444444 0.035546875
14 0.17604166666666668 0.546875 0.1284722222222222 0.0296875
7 0.9173611111111111 0.545703125 0.06805555555555555 0.03828125
14 0.5 0.5966796875 0.9513888888888888 0.036328125
14 0.5 0.63828125 0.9027777777777778 0.0296875
7 0.9173611111111111 0.633984375 0.06805555555555555 0.03828125
14 0.5 0.6765625 0.9027777777777778 0.0296875
7 0.9173611111111111 0.672265625 0.06805555555555555 0.03828125
14 0.5 0.71484375 0.9027777777777778 0.0296875
7 0.9173611111111111 0.710546875 0.06805555555555555 0.03828125
14 0.5 0.7615234375 0.9513888888888888 0.036328125
14 0.5 0.8056640625 0.9027777777777778 0.051953125
14 0.5 0.853125 0.9027777777777778 0.02578125
7 0.9173611111111111 0.848828125 0.06805555555555555 0.034375
14 0.5 0.872265625 0.9027777777777778 -0.0125
7 0.9173611111111111 0.86796875 0.06805555555555555 -0.00390625
14 0.5 0.8939453125 0.9513888888888888 -0.055859375
14 0.5 0.912109375 0.9027777777777778 -0.0921875
5 0.5 0.8853515625 0.475 0.030078125
5 0.4996527777777778 0.9150390625 0.4215277777777778 0.030078125
0 0.0 0.065625 0.0 0.065625
0 0.0 0.131640625 0.0 0.065625
0 0.0 0.19765625 0.0 0.065625
0 0.0 0.263671875 0.0 0.065625
0 0.0 0.3296875 0.0 0.065625
0 0.0 0.395703125 0.0 0.065625
0 0.0 0.46171875 0.0 0.065625
0 0.0 0.527734375 0.0 0.065625
0 0.0 0.59375 0.0 0.065625
0 0.0 0.659765625 0.0 0.065625
0 0.0 0.72578125 0.0 0.065625
14 0.0 0.79140625 0.0 0.065625
0 0.0 0.85703125 0.0 0.065625
