5 0.5 0.4357421875 1.0 0.871484375
5 0.5 0.4357421875 1.0 0.871484375
5 0.5 0.01640625 1.0 0.0328125
5 0.03888888888888889 0.065625 0.07777777777777778 0.04375
14 0.03854166666666667 0.0654296875 0.03819444444444445 0.022265625
14 0.2677083333333333 0.065625 0.32569444444444445 0.02578125
14 0.48993055555555554 0.0654296875 0.11875 0.033203125
5 0.5725694444444445 0.0654296875 0.04652777777777778 0.024609375
14 0.7590277777777777 0.065625 0.3263888888888889 0.02578125
5 0.9611111111111111 0.065625 0.07777777777777778 0.04375
5 0.3298611111111111 0.0984375 0.14583333333333334 0.0
14 0.5729166666666666 0.0779296875 0.3402777777777778 -0.041015625
14 0.5729166666666666 0.0984375 0.3402777777777778 0.0
14 0.5 0.1505859375 0.0 0.104296875
14 0.5 0.2755859375 0.21944444444444444 0.145703125
14 0.6458333333333334 0.2755859375 0.07222222222222222 0.145703125
14 0.5 0.3755859375 0.30694444444444446 0.040234375
5 0.31180555555555556 0.4265625 0.022222222222222223 0.01640625
14 0.3611111111111111 0.4265625 0.05138888888888889 0.02578125
5 0.41041666666666665 0.4265625 0.022222222222222223 0.01640625
14 0.4597222222222222 0.4265625 0.05138888888888889 0.02578125
14 0.5725694444444445 0.4265625 0.14930555555555555 0.02578125
14 0.3236111111111111 0.0 -0.6472222222222223 0.0
5 0.32395833333333335 0.4462890625 0.05625 -0.013671875
14 0.5402777777777777 0.447265625 0.3277777777777778 -0.015625
14 0.5 0.533203125 0.0 0.1875
14 0.5 0.63984375 0.3388888888888889 0.02578125
5 0.16597222222222222 0.703515625 0.04861111111111111 0.02734375
14 0.16631944444444444 0.730078125 0.17847222222222223 0.02578125
14 0.16597222222222222 0.7541015625 0.06527777777777778 0.022265625
5 0.3329861111111111 0.727734375 0.0006944444444444445 0.0953125
5 0.49930555555555556 0.703515625 0.04861111111111111 0.02734375
14 0.49930555555555556 0.730078125 0.06388888888888888 0.02578125
14 0.49930555555555556 0.7541015625 0.11666666666666667 0.022265625
5 0.6663194444444445 0.727734375 0.0006944444444444445 0.0953125
5 0.8333333333333334 0.703515625 0.04861111111111111 0.02734375
14 0.8329861111111111 0.730078125 0.11458333333333333 0.02578125
14 0.8329861111111111 0.7541015625 0.10902777777777778 0.022265625
5 0.5 0.7755859375 1.0 0.000390625
5 0.16597222222222222 0.799609375 0.04861111111111111 0.02734375
14 0.16631944444444444 0.826171875 0.15486111111111112 0.02578125
14 0.16597222222222222 0.8501953125 0.11527777777777778 0.022265625
5 0.3329861111111111 0.8236328125 0.0006944444444444445 0.095703125
5 0.49930555555555556 0.799609375 0.04861111111111111 0.02734375
14 0.49930555555555556 0.826171875 0.019444444444444445 0.02578125
14 0.49930555555555556 0.8501953125 0.0375 0.022265625
5 0.6663194444444445 0.8236328125 0.0006944444444444445 0.095703125
5 0.8333333333333334 0.7984375 0.04861111111111111 0.02734375
14 0.8329861111111111 0.8259765625 0.26180555555555557 0.022265625
14 0.8329861111111111 0.8509765625 0.19791666666666666 0.022265625
14 0.5 0.88515625 1.0 -0.02734375
5 0.5 0.9125 1.0 -0.08203125
5 1.0 0.01640625 0.0 0.0328125
5 1.0 0.19140625 0.0 0.21328125
5 1.0 0.30078125 0.0 0.00546875
5 1.0 0.39453125 0.0 0.00546875
14 0.5 0.8693359375 1.0 0.004296875
5 0.24965277777777778 0.8904296875 0.05347222222222222 0.030078125
14 0.25 0.9193359375 0.10694444444444444 0.022265625
5 0.7496527777777777 0.8904296875 0.05347222222222222 0.030078125
14 0.75 0.9193359375 0.10555555555555556 0.022265625
5 0.5 0.4671875 1.0 0.934375
5 0.5184027777777778 0.3669921875 0.16180555555555556 0.091015625
5 0.5184027777777778 0.3669921875 0.16180555555555556 0.091015625
14 0.4996527777777778 0.43984375 0.4326388888888889 0.0546875
14 0.5 0.70078125 0.0 0.4671875
5 0.5 0.378125 1.0 0.75625
5 0.5 0.01640625 1.0 0.0328125
14 0.3385416666666667 0.065625 0.6770833333333334 0.02578125
14 0.8013888888888889 0.0658203125 0.20972222222222223 0.022265625
14 0.9350694444444444 0.0658203125 0.052083333333333336 0.022265625
14 0.5 0.1599609375 1.0 0.144140625
5 0.5 0.3619140625 1.0 0.259765625
14 0.5 0.5884765625 1.0 0.193359375
14 0.8434027777777777 0.7205078125 0.11736111111111111 0.033203125
5 0.9388888888888889 0.720703125 0.04861111111111111 0.02734375
5 0.2722222222222222 0.8453125 0.14583333333333334 0.08203125
14 0.58125 0.825 0.4375 0.0546875
14 0.5277777777777778 0.8720703125 0.33055555555555555 0.041796875
