14 0.3072916666666667 0.074609375 0.5895833333333333 0.0296875
14 0.06076388888888889 0.1396484375 0.12152777777777778 0.018359375
5 0.06979166666666667 0.2029296875 0.13958333333333334 0.078515625
14 0.21597222222222223 0.2029296875 0.1527777777777778 0.022265625
5 0.06979166666666667 0.2822265625 0.13958333333333334 0.078515625
14 0.240625 0.2822265625 0.20208333333333334 0.022265625
5 0.06979166666666667 0.3615234375 0.13958333333333334 0.078515625
14 0.20069444444444445 0.3615234375 0.12222222222222222 0.022265625
14 0.08125 0.4248046875 0.1625 0.018359375
5 0.06979166666666667 0.4880859375 0.13958333333333334 0.078515625
14 0.23194444444444445 0.4880859375 0.18472222222222223 0.022265625
14 0.04756944444444444 0.5513671875 0.09513888888888888 0.018359375
5 0.06979166666666667 0.6146484375 0.13958333333333334 0.078515625
14 0.19305555555555556 0.6146484375 0.10694444444444444 0.022265625
5 0.06979166666666667 0.6939453125 0.13958333333333334 0.078515625
14 0.24583333333333332 0.6939453125 0.2125 0.022265625
5 0.6982638888888889 0.051953125 -0.5965277777777778 -0.03828125
14 0.42743055555555554 0.0828125 -0.05486111111111111 -0.1
4 0.09270833333333334 0.069921875 0.16041666666666668 0.06015625
5 0.5552083333333333 0.0669921875 0.07291666666666667 0.041015625
5 0.6524305555555555 0.0669921875 0.07291666666666667 0.041015625
5 0.5 0.1677734375 1.0 0.003515625
4 0.09270833333333334 0.1353515625 0.16041666666666668 0.054296875
5 0.0 0.101171875 0.0 0.0
5 0.0 0.101171875 0.0 0.0
4 0.0920138888888889 0.13515625 0.16875 0.04296875
4 0.2607638888888889 0.13515625 0.16875 0.04296875
4 0.42916666666666664 0.13515625 0.16805555555555557 0.04296875
4 0.5972222222222222 0.13515625 0.16805555555555557 0.04296875
5 0.16666666666666666 0.2720703125 0.3333333333333333 0.205078125
5 0.5 0.2720703125 0.3333333333333333 0.205078125
5 0.8333333333333334 0.2720703125 0.3333333333333333 0.205078125
5 0.16666666666666666 0.4908203125 0.3333333333333333 0.205078125
5 0.5 0.4908203125 0.3333333333333333 0.205078125
5 0.8333333333333334 0.4908203125 0.3333333333333333 0.205078125
5 0.16666666666666666 0.7095703125 0.3333333333333333 0.205078125
5 0.5 0.7095703125 0.3333333333333333 0.205078125
5 0.8333333333333334 0.7095703125 0.3333333333333333 0.205078125
14 0.4996527777777778 0.934375 0.13958333333333334 0.0
5 0.8361111111111111 0.23515625 0.09722222222222222 0.0546875
14 0.4513888888888889 0.2935546875 0.7930555555555555 0.048046875
5 0.8444444444444444 0.1052734375 0.3111111111111111 0.144921875
4 1.0 0.0328125 0.0 0.0
5 1.0 0.0328125 0.0 0.0
14 1.0 0.0328125 0.0 0.0
5 0.0 0.0328125 0.0 0.0
5 0.0 0.0328125 0.0 0.0
5 0.0 0.0328125 0.0 0.0
5 0.0 0.0328125 0.0 0.0
5 0.0 0.0328125 0.0 0.0
5 0.0 0.0328125 0.0 0.0
5 0.0 0.0328125 0.0 0.0
5 0.0 0.0328125 0.0 0.0
5 0.0 0.0328125 0.0 0.0
5 0.0 0.0328125 0.0 0.0
5 0.0 0.0328125 0.0 0.0
5 0.0 0.0328125 0.0 0.0
5 0.0 0.0328125 0.0 0.0
5 0.0 0.0328125 0.0 0.0
14 0.5 0.2708984375 0.8388888888888889 0.046484375
14 0.5 0.329296875 0.8388888888888889 0.0703125
5 0.4996527777777778 0.5447265625 0.41875 0.132421875
5 0.5 0.544921875 0.5027777777777778 0.1625
5 0.5 0.544921875 0.5027777777777778 0.1625
5 0.5 0.544921875 0.3597222222222222 0.1625
14 0.4996527777777778 0.6728515625 0.3284722222222222 0.093359375
0 0.0 0.0328125 0.0 0.0
14 0.0 0.0328125 0.0 0.0
14 0.0 0.0328125 0.0 0.0
