5 0.49027777777777776 0.07109375 0.2916666666666667 0.065625
5 0.8159722222222222 0.07109375 0.0875 0.04921875
14 0.9201388888888888 0.0708984375 0.09166666666666666 0.043359375
4 0.06805555555555555 0.07109375 0.1361111111111111 0.0765625
14 0.0875 0.1421875 0.09722222222222222 0.02578125
14 0.3090277777777778 0.1421875 0.20972222222222223 0.02578125
14 0.5364583333333334 0.1421875 0.1284722222222222 0.02578125
14 0.7173611111111111 0.1421875 0.09722222222222222 0.02578125
14 0.9170138888888889 0.1421875 0.16597222222222222 0.02578125
14 0.5 0.203515625 0.9125 0.02421875
5 0.9368055555555556 0.20234375 0.03888888888888889 0.021875
5 0.5 0.3892578125 1.0 0.314453125
14 0.5 0.5951171875 1.0 0.097265625
14 0.0625 0.6546875 0.0375 0.01953125
14 0.11180555555555556 0.6541015625 0.06111111111111111 0.020703125
5 0.18472222222222223 0.7546875 0.28194444444444444 0.109375
5 0.184375 0.7544921875 0.07291666666666667 0.041015625
14 0.659375 0.7318359375 0.59375 0.063671875
14 0.38125 0.774609375 0.0375 0.01953125
14 0.4305555555555556 0.7740234375 0.06111111111111111 0.020703125
5 0.18472222222222223 0.8513671875 0.28194444444444444 0.029296875
14 0.5253472222222222 0.8513671875 0.32569444444444445 0.029296875
14 0.38125 0.872265625 0.0375 -0.0125
14 0.4305555555555556 0.8716796875 0.06111111111111111 -0.011328125
14 0.5 0.203515625 0.9125 0.02421875
5 0.9368055555555556 0.20234375 0.03888888888888889 0.021875
