14 0.5 0.056640625 1.0 0.04765625
14 0.23020833333333332 0.11875 0.38263888888888886 0.0296875
14 0.2635416666666667 0.146484375 0.44930555555555557 0.02578125
1 0.9222222222222223 0.131640625 0.07777777777777778 0.04375
14 0.1638888888888889 0.21953125 0.25 0.0296875
14 0.2604166666666667 0.29453125 0.44305555555555554 0.0296875
14 0.43333333333333335 0.322265625 0.7888888888888889 0.02578125
1 0.9222222222222223 0.307421875 0.07777777777777778 0.04375
14 0.2569444444444444 0.3953125 0.4361111111111111 0.0296875
14 0.44166666666666665 0.4341796875 0.8055555555555556 0.048046875
1 0.9222222222222223 0.419140625 0.07777777777777778 0.04375
14 0.10208333333333333 0.518359375 0.12638888888888888 0.0296875
14 0.44166666666666665 0.5572265625 0.8055555555555556 0.048046875
1 0.9222222222222223 0.5421875 0.07777777777777778 0.04375
14 0.3128472222222222 0.64140625 0.5479166666666667 0.0296875
14 0.44166666666666665 0.6802734375 0.8055555555555556 0.048046875
1 0.9222222222222223 0.665234375 0.07777777777777778 0.04375
14 0.20451388888888888 0.764453125 0.33125 0.0296875
14 0.44166666666666665 0.8033203125 0.8055555555555556 0.048046875
1 0.9222222222222223 0.78828125 0.07777777777777778 0.04375
14 0.28055555555555556 0.8875 0.48333333333333334 0.0296875
14 0.359375 0.915234375 0.6409722222222223 0.02578125
1 0.9222222222222223 0.900390625 0.07777777777777778 0.04375
0 0.0 0.0328125 0.0 0.0
0 0.0 0.0328125 0.0 0.0
