14 0.0 0.0587890625 0.0 0.051953125
14 0.0 0.1861328125 0.0 0.051953125
14 0.0 0.2462890625 0.0 0.068359375
14 0.0 0.3201171875 0.0 0.068359375
14 0.0 0.3939453125 0.0 0.068359375
14 0.0 0.4541015625 0.0 0.051953125
14 0.0 0.5142578125 0.0 0.068359375
14 0.0 0.5880859375 0.0 0.068359375
14 0.0 0.6619140625 0.0 0.068359375
14 0.0 0.7357421875 0.0 0.068359375
14 0.0 0.8095703125 0.0 0.068359375
14 0.0 0.8833984375 0.0 0.068359375
14 0.0 0.9287109375 0.0 0.011328125
14 0.0 0.962890625 0.0 -0.05703125
5 0.06145833333333333 0.063671875 0.12291666666666666 0.06171875
5 0.12430555555555556 0.0634765625 0.002777777777777778 0.041015625
14 0.21736111111111112 0.063671875 0.18333333333333332 0.0421875
5 0.9451388888888889 0.063671875 0.10972222222222222 0.06171875
3 0.5 0.15 0.9513888888888888 0.06953125
3 0.5 0.233203125 0.9513888888888888 0.06953125
14 0.19027777777777777 0.2828125 0.29305555555555557 0.0296875
0 0.5 0.3734375 0.9513888888888888 0.06953125
14 0.5 0.44296875 0.12222222222222222 0.0421875
0 0.5 0.5125 0.9513888888888888 0.06953125
14 0.5 0.626953125 1.0 0.05546875
5 0.1 0.72578125 0.2 0.065625
5 0.3 0.72578125 0.2 0.065625
5 0.5 0.72578125 0.2 0.065625
5 0.7 0.72578125 0.2 0.065625
5 0.9 0.72578125 0.2 0.065625
14 0.5 0.841015625 0.9513888888888888 0.10703125
