14 0.5 0.4267578125 1.0 0.853515625
14 1.0 0.4267578125 0.0 0.853515625
5 0.5 0.175 1.0 0.35
5 0.5 0.175 0.24305555555555555 0.13671875
14 0.46770833333333334 0.0708984375 0.5854166666666667 0.036328125
14 0.175 0.0712890625 0.0 0.036328125
4 0.06805555555555555 0.07109375 0.1361111111111111 0.0765625
14 0.16666666666666666 0.3171875 0.1361111111111111 0.02578125
14 0.4996527777777778 0.3171875 0.20347222222222222 0.02578125
14 0.8333333333333334 0.3169921875 0.24305555555555555 0.022265625
4 0.14479166666666668 0.8658203125 0.04375 0.024609375
5 0.0 0.853515625 0.0 0.0
14 0.0 0.853515625 0.0 0.0
14 0.0 0.853515625 0.0 0.0
4 0.0 0.853515625 0.0 0.0
