5 0.16493055555555555 0.184765625 0.3298611111111111 0.10390625
14 0.6611111111111111 0.145703125 0.6625 0.02578125
14 0.3298611111111111 0.1328125 0.0 0.0
14 0.3298611111111111 0.1328125 0.0 0.0
14 0.6649305555555556 0.1833984375 0.6701388888888888 0.033203125
5 0.16493055555555555 0.309375 0.3298611111111111 0.1296875
14 0.6649305555555556 0.3091796875 0.6701388888888888 0.040234375
14 0.0 0.2375 0.0 0.0
14 0.0 0.2375 0.0 0.0
14 0.0 0.2375 0.0 0.0
14 0.0 0.2375 0.0 0.0
14 0.0 0.2375 0.0 0.0
14 0.0 0.2375 0.0 0.0
14 0.0 0.2375 0.0 0.0
14 0.0 0.2375 0.0 0.0
14 0.0 0.2375 0.0 0.0
5 0.17118055555555556 0.446875 0.3173611111111111 0.08203125
14 0.6649305555555556 0.4466796875 0.6701388888888888 0.040234375
14 0.0 0.375 0.0 0.0
14 0.0 0.375 0.0 0.0
14 0.0 0.375 0.0 0.0
14 0.0 0.375 0.0 0.0
14 0.0 0.375 0.0 0.0
14 0.0 0.375 0.0 0.0
14 0.0 0.375 0.0 0.0
14 0.0 0.375 0.0 0.0
14 0.0 0.375 0.0 0.0
14 0.0 0.375 0.0 0.0
14 0.0 0.375 0.0 0.0
14 0.0 0.375 0.0 0.0
14 0.0 0.375 0.0 0.0
5 0.17118055555555556 0.584375 0.3173611111111111 0.08203125
2 0.16458333333333333 0.560546875 0.1375 0.034375
14 0.6649305555555556 0.5841796875 0.6701388888888888 0.040234375
14 0.0 0.536328125 0.0 0.0
14 0.0 0.536328125 0.0 0.0
14 0.0 0.536328125 0.0 0.0
14 0.0 0.536328125 0.0 0.0
14 0.0 0.536328125 0.0 0.0
14 0.0 0.536328125 0.0 0.0
14 0.0 0.536328125 0.0 0.0
14 0.0 0.536328125 0.0 0.0
14 0.0 0.536328125 0.0 0.0
14 0.0 0.536328125 0.0 0.0
14 0.0 0.536328125 0.0 0.0
14 0.0 0.0 0.0 0.0
14 0.0 0.536328125 0.0 0.0
5 0.0 0.5125 0.0 0.0
5 0.16493055555555555 0.721875 0.3298611111111111 0.08203125
14 0.6649305555555556 0.7216796875 0.6701388888888888 0.040234375
14 0.0 0.673828125 0.0 0.0
14 0.0 0.673828125 0.0 0.0
14 0.0 0.673828125 0.0 0.0
14 0.0 0.673828125 0.0 0.0
14 0.0 0.673828125 0.0 0.0
14 0.0 0.673828125 0.0 0.0
14 0.0 0.673828125 0.0 0.0
14 0.0 0.673828125 0.0 0.0
14 0.0 0.673828125 0.0 0.0
14 0.0 0.673828125 0.0 0.0
14 0.0 0.673828125 0.0 0.0
14 0.0 0.673828125 0.0 0.0
14 0.0 0.673828125 0.0 0.0
5 0.0 0.65 0.0 0.0
5 0.16493055555555555 0.8056640625 0.3298611111111111 -0.025390625
14 0.6649305555555556 0.816015625 0.6701388888888888 -0.04609375
14 0.0 0.8021484375 0.0 -0.018359375
14 0.0 0.8021484375 0.0 -0.018359375
14 0.0 0.8021484375 0.0 -0.018359375
14 0.0 0.8021484375 0.0 -0.018359375
14 0.0 0.8021484375 0.0 -0.018359375
14 0.0 0.8021484375 0.0 -0.018359375
14 0.0 0.8021484375 0.0 -0.018359375
14 0.0 0.8021484375 0.0 -0.018359375
14 0.0 0.8021484375 0.0 -0.018359375
14 0.0 0.8021484375 0.0 -0.018359375
14 0.0 0.8021484375 0.0 -0.018359375
14 0.0 0.8021484375 0.0 -0.018359375
14 0.0 0.8021484375 0.0 -0.018359375
5 0.0 0.7875 0.0 0.0
4 0.05138888888888889 0.829296875 0.07777777777777778 0.04375
14 0.5 0.8166015625 0.8194444444444444 0.033203125
14 0.5 0.84609375 0.8194444444444444 0.02578125
5 0.06875 0.065625 0.07777777777777778 0.04375
14 0.02013888888888889 0.0328125 0.0 0.0
14 0.19340277777777778 0.065625 0.1326388888888889 0.0296875
10 0.20798611111111112 0.065625 0.18125 0.065625
