14 0.11006944444444444 0.1537109375 0.1701388888888889 0.027734375
7 0.26458333333333334 0.151953125 0.1388888888888889 0.04375
7 0.4375 0.151953125 0.13333333333333333 0.04375
14 0.11006944444444444 0.220703125 0.1701388888888889 0.0375
3 0.2923611111111111 0.230078125 0.19444444444444445 0.05625
7 0.45416666666666666 0.223828125 0.12916666666666668 0.04375
7 0.5965277777777778 0.223828125 0.10694444444444444 0.04375
14 0.11006944444444444 0.291796875 0.1701388888888889 0.0375
3 0.2923611111111111 0.301171875 0.19444444444444445 0.05625
7 0.4479166666666667 0.301953125 0.11666666666666667 0.04375
7 0.584375 0.301953125 0.1076388888888889 0.04375
14 0.11006944444444444 0.369921875 0.1701388888888889 0.0375
3 0.2923611111111111 0.379296875 0.19444444444444445 0.05625
7 0.46979166666666666 0.373046875 0.16041666666666668 0.04375
7 0.6375 0.373046875 0.12638888888888888 0.04375
0 0.39305555555555555 0.4625 0.25972222222222224 0.065625
0 0.6298611111111111 0.4625 0.21388888888888888 0.065625
14 0.1829861111111111 0.5365234375 0.3159722222222222 0.027734375
14 0.35138888888888886 0.5365234375 0.020833333333333332 0.027734375
14 0.446875 0.5365234375 0.1701388888888889 0.027734375
14 0.0 0.2703125 0.0 0.034375
14 0.0 0.301171875 0.0 0.02734375
4 0.06805555555555555 0.07109375 0.1361111111111111 0.0765625
14 0.4027777777777778 0.0708984375 0.5138888888888888 0.036328125
0 0.9513888888888888 0.07109375 0.09722222222222222 0.065625
