14 0.5 0.1974609375 0.9708333333333333 0.050390625
14 0.5 0.242578125 0.9708333333333333 0.03984375
14 0.5 0.282421875 0.9708333333333333 0.03984375
14 0.5 0.35078125 0.9708333333333333 0.096875
14 0.5 0.455078125 0.9708333333333333 0.11171875
14 0.5 0.558984375 0.9708333333333333 0.09609375
14 0.5 0.626953125 0.9708333333333333 0.03984375
0 0.4996527777777778 0.67421875 0.5034722222222222 0.0546875
1 0.4996527777777778 0.737109375 0.6770833333333334 0.07109375
0 0.2767361111111111 0.871484375 0.4465277777777778 0.065625
0 0.7232638888888889 0.871484375 0.4465277777777778 0.065625
5 0.06875 0.065625 0.07777777777777778 0.04375
14 0.3767361111111111 0.0654296875 0.51875 0.033203125
