14 0.0 0.0 0.0 0.0
0 0.9083333333333333 0.0666015625 0.10972222222222222 0.058984375
3 0.4267361111111111 0.069140625 0.8048611111111111 0.06171875
0 0.9027777777777778 0.135546875 0.14583333333333334 0.06171875
0 0.7326388888888888 0.135546875 0.14583333333333334 0.06171875
0 0.3298611111111111 0.135546875 0.6111111111111112 0.06171875
5 0.0 0.0328125 0.0 0.0
14 0.0 0.0328125 0.0 0.0
0 0.5 0.19765625 0.9027777777777778 0.109375
0 0.5 0.334375 0.9027777777777778 0.109375
0 0.5 0.47109375 0.9027777777777778 0.109375
14 0.9378472222222223 0.2021484375 0.08541666666666667 0.030078125
14 0.4305555555555556 0.1873046875 0.8611111111111112 0.033203125
14 0.4305555555555556 0.217578125 0.8611111111111112 0.02734375
14 0.9378472222222223 0.2666015625 0.08541666666666667 0.030078125
14 0.4305555555555556 0.2517578125 0.8611111111111112 0.033203125
14 0.4305555555555556 0.28203125 0.8611111111111112 0.02734375
14 0.9378472222222223 0.3310546875 0.08541666666666667 0.030078125
14 0.4305555555555556 0.3162109375 0.8611111111111112 0.033203125
14 0.4305555555555556 0.346484375 0.8611111111111112 0.02734375
14 0.9378472222222223 0.3955078125 0.08541666666666667 0.030078125
14 0.4305555555555556 0.3806640625 0.8611111111111112 0.033203125
14 0.4305555555555556 0.4109375 0.8611111111111112 0.02734375
14 0.9378472222222223 0.4599609375 0.08541666666666667 0.030078125
14 0.4305555555555556 0.4451171875 0.8611111111111112 0.033203125
14 0.4305555555555556 0.475390625 0.8611111111111112 0.02734375
14 0.9378472222222223 0.5244140625 0.08541666666666667 0.030078125
14 0.4305555555555556 0.5095703125 0.8611111111111112 0.033203125
14 0.4305555555555556 0.53984375 0.8611111111111112 0.02734375
14 0.9378472222222223 0.5888671875 0.08541666666666667 0.030078125
14 0.4305555555555556 0.5740234375 0.8611111111111112 0.033203125
14 0.4305555555555556 0.604296875 0.8611111111111112 0.02734375
14 0.9378472222222223 0.6533203125 0.08541666666666667 0.030078125
14 0.4305555555555556 0.6384765625 0.8611111111111112 0.033203125
14 0.4305555555555556 0.66875 0.8611111111111112 0.02734375
14 0.9378472222222223 0.7177734375 0.08541666666666667 0.030078125
14 0.4305555555555556 0.7029296875 0.8611111111111112 0.033203125
14 0.4305555555555556 0.733203125 0.8611111111111112 0.02734375
14 0.9378472222222223 0.7822265625 0.08541666666666667 0.030078125
14 0.4305555555555556 0.7673828125 0.8611111111111112 0.033203125
14 0.4305555555555556 0.79765625 0.8611111111111112 0.02734375
14 0.9378472222222223 0.8392578125 0.08541666666666667 0.015234375
14 0.4305555555555556 0.8310546875 0.8611111111111112 0.031640625
14 0.4305555555555556 0.84765625 0.8611111111111112 -0.0015625
5 0.19930555555555557 0.065625 0.39861111111111114 0.065625
0 0.13368055555555555 0.8259765625 0.2673611111111111 0.041796875
9 0.6336805555555556 0.8328125 0.7326388888888888 0.028125
14 0.6336805555555556 0.865234375 0.11180555555555556 -0.03671875
14 0.4996527777777778 0.1404296875 0.34097222222222223 0.036328125
4 0.115625 0.2517578125 0.13402777777777777 0.075390625
4 0.884375 0.2517578125 0.13402777777777777 0.075390625
4 0.2982638888888889 0.2517578125 0.13402777777777777 0.075390625
4 0.7017361111111111 0.2517578125 0.13402777777777777 0.075390625
5 0.5 0.400390625 1.0 0.18046875
5 0.125 0.866015625 0.0 0.0
14 0.125 0.8732421875 0.0 0.014453125
5 0.375 0.865625 0.0 0.0
14 0.375 0.8728515625 0.0 0.014453125
5 0.625 0.86953125 0.0 0.0
14 0.625 0.876953125 0.0 0.01484375
5 0.875 0.86484375 0.0 0.0
14 0.875 0.8720703125 0.0 0.014453125
