4 0.08541666666666667 0.0669921875 0.14583333333333334 0.041015625
14 0.5 0.0669921875 0.6833333333333333 0.036328125
5 0.08993055555555556 0.1451171875 0.12152777777777778 0.068359375
5 0.09722222222222222 0.23671875 0.09722222222222222 0.0546875
3 0.565625 0.1421875 0.8201388888888889 0.065625
4 0.15555555555555556 0.108203125 0.0 0.0
4 0.2916666666666667 0.217578125 0.14583333333333334 0.08203125
14 0.2916666666666667 0.2740234375 0.10416666666666667 0.022265625
4 0.5652777777777778 0.217578125 0.14583333333333334 0.08203125
14 0.5652777777777778 0.2740234375 0.13194444444444445 0.022265625
4 0.8388888888888889 0.217578125 0.14583333333333334 0.08203125
14 0.8385416666666666 0.283984375 0.07430555555555556 0.0421875
5 0.08993055555555556 0.3693359375 0.12152777777777778 0.068359375
3 0.565625 0.36640625 0.8201388888888889 0.065625
4 0.15555555555555556 0.332421875 0.0 0.0
4 0.2916666666666667 0.441796875 0.14583333333333334 0.08203125
14 0.2916666666666667 0.4982421875 0.10416666666666667 0.022265625
4 0.5652777777777778 0.441796875 0.14583333333333334 0.08203125
14 0.5652777777777778 0.4982421875 0.13194444444444445 0.022265625
4 0.8388888888888889 0.441796875 0.14583333333333334 0.08203125
14 0.8385416666666666 0.508203125 0.07430555555555556 0.0421875
5 0.09722222222222222 0.589453125 0.09722222222222222 0.0546875
0 0.5548611111111111 0.589453125 0.7930555555555555 0.065625
0 0.5548611111111111 0.662109375 0.7930555555555555 0.065625
0 0.12638888888888888 0.756640625 0.15555555555555556 0.08203125
0 0.5840277777777778 0.756640625 0.7347222222222223 0.08203125
14 0.5291666666666667 0.7564453125 0.0763888888888889 0.045703125
5 0.6284722222222222 0.756640625 0.09722222222222222 0.0546875
5 0.5 0.878125 1.0 0.1125
