14 0.5003472222222223 0.0830078125 0.8145833333333333 0.047265625
5 0.22881944444444444 0.1740234375 0.25625 0.126171875
5 0.3142361111111111 0.1412109375 0.08541666666666667 0.060546875
14 0.22881944444444444 0.25 0.25625 0.02578125
5 0.5003472222222223 0.1740234375 0.25625 0.126171875
14 0.5003472222222223 0.25 0.25625 0.02578125
5 0.771875 0.1740234375 0.25625 0.126171875
14 0.771875 0.25 0.25625 0.02578125
5 0.22881944444444444 0.3345703125 0.25625 0.126171875
14 0.22881944444444444 0.410546875 0.25625 0.02578125
5 0.5003472222222223 0.3345703125 0.25625 0.126171875
14 0.5003472222222223 0.410546875 0.25625 0.02578125
5 0.771875 0.3345703125 0.25625 0.126171875
14 0.771875 0.410546875 0.25625 0.02578125
5 0.22881944444444444 0.4951171875 0.25625 0.126171875
14 0.22881944444444444 0.57109375 0.25625 0.02578125
5 0.5003472222222223 0.4951171875 0.25625 0.126171875
14 0.5003472222222223 0.5822265625 0.25625 0.048046875
5 0.771875 0.4951171875 0.25625 0.126171875
14 0.771875 0.57109375 0.25625 0.02578125
5 0.22881944444444444 0.6779296875 0.25625 0.126171875
14 0.22881944444444444 0.75390625 0.25625 0.02578125
14 0.5003472222222223 0.8357421875 0.8145833333333333 0.047265625
5 0.22881944444444444 0.8697265625 0.25625 0.012109375
14 0.22881944444444444 0.9328125 0.25625 -0.1140625
5 0.5003472222222223 0.8697265625 0.25625 0.012109375
14 0.5003472222222223 0.9328125 0.25625 -0.1140625
5 0.771875 0.8697265625 0.25625 0.012109375
14 0.771875 0.9328125 0.25625 -0.1140625
5 0.9274305555555555 0.04921875 0.1451388888888889 0.0984375
