3 0.5 0.062890625 0.9222222222222223 -0.09296875
14 0.11493055555555555 0.100390625 0.1326388888888889 -0.01796875
14 0.5663194444444445 0.100390625 0.7701388888888889 -0.01796875
3 0.5 0.151171875 0.9222222222222223 0.05703125
3 0.5 0.235546875 0.9222222222222223 0.05703125
3 0.5 0.3201171875 0.9222222222222223 0.057421875
4 0.9222222222222223 0.321484375 0.07777777777777778 0.06015625
3 0.5 0.4076171875 0.9222222222222223 0.057421875
4 0.9222222222222223 0.408984375 0.07777777777777778 0.06015625
14 0.2503472222222222 0.495703125 0.42291666666666666 0.0296875
5 0.9184027777777778 0.4958984375 0.08541666666666667 0.048046875
14 0.3055555555555556 0.5767578125 0.5333333333333333 0.026953125
14 0.7083333333333334 0.5765625 0.2722222222222222 0.0296875
10 0.7666666666666667 0.5767578125 0.3888888888888889 0.048046875
14 0.3055555555555556 0.6576171875 0.5333333333333333 0.026953125
14 0.6694444444444444 0.6576171875 0.19444444444444445 0.048046875
14 0.8638888888888889 0.6576171875 0.19444444444444445 0.048046875
14 0.5 0.7583984375 0.9222222222222223 0.087890625
0 0.5 0.873828125 0.9222222222222223 0.07734375
5 0.5 0.4662109375 0.45416666666666666 0.205078125
6 0.5 0.638671875 0.14583333333333334 0.08203125
4 0.08263888888888889 0.07109375 0.0875 0.04921875
14 0.5 0.07109375 0.7472222222222222 0.0359375
