5 0.5 0.4671875 1.0 0.934375
14 0.26319444444444445 0.0708984375 0.23472222222222222 0.036328125
4 0.06805555555555555 0.07109375 0.1361111111111111 0.0765625
5 0.19930555555555557 0.210546875 0.32083333333333336 0.18046875
14 0.5513888888888889 0.1341796875 0.34444444444444444 0.027734375
14 0.4392361111111111 0.1634765625 0.12013888888888889 0.022265625
14 0.5104166666666666 0.1634765625 0.022222222222222223 0.022265625
14 0.628125 0.1634765625 0.21319444444444444 0.022265625
14 0.5399305555555556 0.1900390625 0.05486111111111111 0.022265625
14 0.5784722222222223 0.1900390625 0.022222222222222223 0.022265625
14 0.6559027777777777 0.1900390625 0.1326388888888889 0.022265625
0 0.525 0.2767578125 0.2916666666666667 0.048046875
14 0.0 0.32421875 0.0 0.0
14 0.40347222222222223 0.3591796875 0.7291666666666666 0.048046875
14 0.2916666666666667 0.39609375 0.5055555555555555 0.02578125
14 0.8256944444444444 0.371875 0.11527777777777778 0.02578125
4 0.9319444444444445 0.371875 0.09722222222222222 0.0546875
14 0.40347222222222223 0.4548828125 0.7291666666666666 0.048046875
14 0.2916666666666667 0.491796875 0.5055555555555555 0.02578125
14 0.8256944444444444 0.467578125 0.11527777777777778 0.02578125
4 0.9319444444444445 0.467578125 0.09722222222222222 0.0546875
14 0.38819444444444445 0.550390625 0.6986111111111111 0.02578125
14 0.2989583333333333 0.576171875 0.5201388888888889 0.02578125
14 0.8256944444444444 0.56328125 0.11527777777777778 0.02578125
4 0.9319444444444445 0.56328125 0.09722222222222222 0.0546875
14 0.3111111111111111 0.64609375 0.5444444444444444 0.02578125
14 0.2916666666666667 0.671875 0.5055555555555555 0.02578125
14 0.8256944444444444 0.658984375 0.11527777777777778 0.02578125
4 0.9319444444444445 0.658984375 0.09722222222222222 0.0546875
14 0.40347222222222223 0.7419921875 0.7291666666666666 0.048046875
14 0.2916666666666667 0.77890625 0.5055555555555555 0.02578125
14 0.8256944444444444 0.7546875 0.11527777777777778 0.02578125
4 0.9319444444444445 0.7546875 0.09722222222222222 0.0546875
14 0.35 0.8357421875 0.6222222222222222 0.022265625
14 0.2916666666666667 0.8486328125 0.5055555555555555 -0.003515625
14 0.8256944444444444 0.8421875 0.11527777777777778 0.009375
4 0.9319444444444445 0.8349609375 0.09722222222222222 0.023828125
14 0.40347222222222223 0.878125 0.7291666666666666 -0.0625
14 0.2916666666666667 0.9021484375 0.5055555555555555 -0.110546875
14 0.8256944444444444 0.8900390625 0.11527777777777778 -0.086328125
4 0.9319444444444445 0.8828125 0.09722222222222222 -0.071875
5 0.5 0.822265625 1.0 0.08203125
9 0.5 0.7826171875 1.0 0.002734375
4 0.5 0.8236328125 1.0 0.079296875
5 0.07291666666666667 0.822265625 0.14583333333333334 0.08203125
5 0.9416666666666667 0.822265625 0.11666666666666667 0.065625
5 0.825 0.822265625 0.11666666666666667 0.065625
14 0.4708333333333333 0.8091796875 0.5916666666666667 0.027734375
14 0.25555555555555554 0.8359375 0.16111111111111112 0.02578125
14 0.08611111111111111 0.630078125 0.13333333333333333 0.02578125
