14 0.1388888888888889 0.0708984375 0.2 0.036328125
0 0.9513888888888888 0.07109375 0.09722222222222222 0.065625
14 0.5 0.2294921875 1.0 0.103515625
5 0.04861111111111111 0.314453125 0.058333333333333334 0.0328125
14 0.16041666666666668 0.3181640625 0.14583333333333334 0.040234375
5 0.11736111111111111 0.351953125 0.059722222222222225 0.02734375
14 0.18854166666666666 0.3517578125 0.08263888888888889 0.025390625
11 0.12638888888888888 0.33203125 0.25277777777777777 0.0984375
14 0.30416666666666664 0.3154296875 0.06388888888888888 0.018359375
14 0.6263888888888889 0.3412109375 0.7083333333333334 0.033203125
5 0.04861111111111111 0.414453125 0.058333333333333334 0.0328125
14 0.16041666666666668 0.4181640625 0.14583333333333334 0.040234375
14 0.18854166666666666 0.4517578125 0.08263888888888889 0.025390625
11 0.12638888888888888 0.43203125 0.25277777777777777 0.0984375
14 0.6819444444444445 0.48671875 0.6361111111111111 -0.0578125
14 0.6263888888888889 0.4412109375 0.7083333333333334 0.033203125
5 0.04861111111111111 0.514453125 0.058333333333333334 0.0328125
14 0.16041666666666668 0.5181640625 0.14583333333333334 0.040234375
14 0.18854166666666666 0.5517578125 0.08263888888888889 0.025390625
11 0.12638888888888888 0.53203125 0.25277777777777777 0.0984375
14 0.30416666666666664 0.5154296875 0.06388888888888888 0.018359375
14 0.6263888888888889 0.5412109375 0.7083333333333334 0.033203125
6 0.5 0.60859375 0.18472222222222223 0.10390625
0 0.8930555555555556 0.87421875 0.1361111111111111 0.0765625
