14 0.09513888888888888 0.1421875 0.1125 0.08203125
5 0.7083333333333334 0.1421875 0.09722222222222222 0.0546875
5 0.8298611111111112 0.1421875 0.09722222222222222 0.0546875
5 0.9513888888888888 0.1419921875 0.09722222222222222 0.068359375
5 0.25277777777777777 0.2580078125 0.3402777777777778 0.048046875
5 0.7465277777777778 0.2580078125 0.3402777777777778 0.048046875
5 0.25277777777777777 0.4330078125 0.3402777777777778 0.048046875
5 0.7465277777777778 0.4330078125 0.3402777777777778 0.048046875
5 0.25277777777777777 0.6205078125 0.3402777777777778 0.048046875
5 0.7465277777777778 0.6330078125 0.3402777777777778 0.048046875
5 0.5 0.8203125 0.3402777777777778 0.0546875
5 0.25277777777777777 0.9591796875 0.3402777777777778 -0.049609375
5 0.7465277777777778 0.9591796875 0.3402777777777778 -0.049609375
