5 0.6201388888888889 0.03828125 0.0 0.0
5 0.6201388888888889 0.03828125 0.0 0.0
14 0.6201388888888889 0.03828125 0.0 0.0
5 0.75625 0.03828125 0.0 0.0
5 0.75625 0.03828125 0.0 0.0
14 0.75625 0.03828125 0.0 0.0
5 0.8142361111111112 0.0765625 0.05347222222222222 0.0328125
5 0.93125 0.0765625 0.04861111111111111 0.0328125
14 0.5 0.921484375 1.0 0.02578125
14 0.0 0.0328125 0.0 0.0
14 0.0 0.0328125 0.0 0.0
14 0.0 0.0328125 0.0 0.0
5 0.7388888888888889 0.52109375 0.1388888888888889 0.078125
5 0.7388888888888889 0.52109375 0.20416666666666666 0.11484375
5 0.2590277777777778 0.54375 0.1388888888888889 0.078125
5 0.2590277777777778 0.54375 0.20416666666666666 0.11484375
5 0.14583333333333334 0.11484375 0.16527777777777777 0.09296875
5 0.14583333333333334 0.11484375 0.2916666666666667 0.1640625
14 0.0 0.0328125 0.0 0.0
14 0.4996527777777778 0.87734375 0.9215277777777777 0.0703125
5 0.0 0.0328125 0.0 0.0
5 0.0 0.0328125 0.0 0.0
5 0.0 0.0328125 0.0 0.0
5 0.0 0.0328125 0.0 0.0
14 0.0 0.0328125 0.0 0.0
0 0.0 0.0328125 0.0 0.0
14 0.0 0.0328125 0.0 0.0
0 0.0 0.0328125 0.0 0.0
14 0.0 0.0328125 0.0 0.0
14 0.0 0.0328125 0.0 0.0
