0 0.05486111111111111 0.063671875 0.10972222222222222 0.06171875
0 0.16458333333333333 0.063671875 0.10972222222222222 0.06171875
0 0.8354166666666667 0.063671875 0.10972222222222222 0.06171875
14 0.9395833333333333 0.045703125 0.09861111111111111 0.02578125
10 0.9451388888888889 0.063671875 0.10972222222222222 0.06171875
14 0.21006944444444445 0.1314453125 0.4201388888888889 0.068359375
0 0.7590277777777777 0.1314453125 0.11527777777777778 0.050390625
0 0.9208333333333333 0.1314453125 0.13333333333333333 0.050390625
14 0.5 0.212109375 1.0 0.0875
14 0.5 0.3015625 1.0 0.0875
14 0.5 0.391015625 1.0 0.0875
14 0.5 0.48046875 1.0 0.0875
14 0.5 0.569921875 1.0 0.0875
14 0.5 0.659375 1.0 0.0875
14 0.5 0.748828125 1.0 0.0875
14 0.5 0.83828125 1.0 0.0875
14 0.5 0.9091796875 1.0 0.050390625
