0 0.165625 0.8318359375 0.33125 0.068359375
0 0.4996527777777778 0.8318359375 0.33125 0.068359375
0 0.8340277777777778 0.8318359375 0.33194444444444443 0.068359375
5 0.0 0.109375 0.0 0.0
14 0.0 0.109375 0.0 0.0
5 0.5 0.267578125 1.0 0.31640625
5 0.5 0.267578125 1.0 0.31640625
14 0.5 0.3498046875 0.9263888888888889 0.110546875
14 0.0 0.109375 0.0 0.0
6 0.0 0.109375 0.0 0.0
14 0.5 0.4548828125 1.0 0.055078125
5 0.0 0.42734375 0.0 0.0
14 0.0 0.42734375 0.0 0.0
5 0.14583333333333334 0.5490234375 0.24305555555555555 0.102734375
14 0.6458333333333334 0.548828125 0.7083333333333334 0.10390625
5 0.14583333333333334 0.6806640625 0.24305555555555555 0.102734375
5 0.22430555555555556 0.66015625 0.06111111111111111 0.034375
14 0.6458333333333334 0.6806640625 0.7083333333333334 0.075390625
5 0.14583333333333334 0.7779296875 0.24305555555555555 0.033984375
14 0.6458333333333334 0.784765625 0.7083333333333334 0.0203125
14 0.5 0.1369140625 1.0 0.055078125
5 0.0 0.109375 0.0 0.0
14 0.0 0.109375 0.0 0.0
5 0.14583333333333334 0.2310546875 0.24305555555555555 0.102734375
14 0.6458333333333334 0.2310546875 0.7083333333333334 0.075390625
5 0.14583333333333334 0.3626953125 0.24305555555555555 0.102734375
14 0.6458333333333334 0.3625 0.7083333333333334 0.10390625
5 0.14583333333333334 0.4943359375 0.24305555555555555 0.102734375
14 0.6458333333333334 0.4943359375 0.7083333333333334 0.075390625
5 0.14583333333333334 0.6259765625 0.24305555555555555 0.102734375
14 0.6458333333333334 0.6259765625 0.7083333333333334 0.075390625
5 0.14583333333333334 0.7576171875 0.24305555555555555 0.102734375
14 0.6458333333333334 0.7576171875 0.7083333333333334 0.075390625
5 0.14583333333333334 0.851953125 0.24305555555555555 0.028125
14 0.6458333333333334 0.8587890625 0.7083333333333334 0.014453125
14 0.0 0.1421875 0.0 0.065625
14 0.0 0.212109375 0.0 0.065625
14 0.0 0.26953125 0.0 0.04921875
14 0.0 0.31875 0.0 0.04921875
14 0.0 0.36796875 0.0 0.04921875
14 0.0 0.4296875 0.0 0.065625
14 0.0 0.487109375 0.0 0.04921875
14 0.0 0.536328125 0.0 0.04921875
14 0.0 0.585546875 0.0 0.04921875
14 0.0 0.634765625 0.0 0.04921875
14 0.0 0.683984375 0.0 0.04921875
14 0.0 0.733203125 0.0 0.04921875
14 0.0 0.782421875 0.0 0.04921875
14 0.0 0.831640625 0.0 0.04921875
14 0.0 0.893359375 0.0 0.065625
14 0.0 0.9302734375 0.0 0.008203125
14 0.0 0.9548828125 0.0 -0.041015625
0 0.2704861111111111 0.1474609375 0.4340277777777778 0.048046875
0 0.7295138888888889 0.1474609375 0.4340277777777778 0.048046875
4 0.06805555555555555 0.07109375 0.1361111111111111 0.0765625
5 0.8961805555555555 0.0708984375 0.13402777777777777 0.048046875
5 0.7756944444444445 0.0703125 0.058333333333333334 0.0328125
5 0.5881944444444445 0.0703125 0.058333333333333334 0.0328125
14 0.6697916666666667 0.066796875 0.0798611111111111 0.03984375
14 0.5680555555555555 0.0708984375 0.6930555555555555 0.033203125
5 0.9815972222222222 0.0708984375 -0.03680555555555556 0.048046875
5 0.9024305555555555 0.0703125 -0.1951388888888889 0.0328125
5 0.8486111111111111 0.0703125 -0.30277777777777776 0.0328125
14 0.8548611111111111 0.066796875 -0.2902777777777778 0.03984375
5 0.26180555555555557 0.0775390625 0.3527777777777778 0.089453125
