14 0.46770833333333334 0.1443359375 0.8965277777777778 0.033203125
5 0.090625 0.23359375 0.14097222222222222 0.07578125
14 0.5517361111111111 0.222265625 0.7756944444444445 0.0296875
14 0.5517361111111111 0.2482421875 0.7756944444444445 0.022265625
5 0.9611111111111111 0.23359375 0.043055555555555555 0.07890625
5 0.090625 0.32265625 0.14097222222222222 0.07578125
14 0.5517361111111111 0.311328125 0.7756944444444445 0.0296875
14 0.5517361111111111 0.3373046875 0.7756944444444445 0.022265625
5 0.9611111111111111 0.32265625 0.043055555555555555 0.07890625
5 0.090625 0.41171875 0.14097222222222222 0.07578125
14 0.5517361111111111 0.400390625 0.7756944444444445 0.0296875
14 0.5517361111111111 0.4263671875 0.7756944444444445 0.022265625
5 0.9611111111111111 0.41171875 0.043055555555555555 0.07890625
5 0.090625 0.50078125 0.14097222222222222 0.07578125
14 0.5517361111111111 0.489453125 0.7756944444444445 0.0296875
14 0.5517361111111111 0.5154296875 0.7756944444444445 0.022265625
5 0.9611111111111111 0.50078125 0.043055555555555555 0.07890625
5 0.090625 0.58984375 0.14097222222222222 0.07578125
14 0.5517361111111111 0.578515625 0.7756944444444445 0.0296875
14 0.5517361111111111 0.6044921875 0.7756944444444445 0.022265625
5 0.9611111111111111 0.58984375 0.043055555555555555 0.07890625
5 0.090625 0.67890625 0.14097222222222222 0.07578125
14 0.5517361111111111 0.667578125 0.7756944444444445 0.0296875
14 0.5517361111111111 0.6935546875 0.7756944444444445 0.022265625
5 0.9611111111111111 0.67890625 0.043055555555555555 0.07890625
5 0.090625 0.76796875 0.14097222222222222 0.07578125
14 0.5517361111111111 0.756640625 0.7756944444444445 0.0296875
14 0.5517361111111111 0.7826171875 0.7756944444444445 0.022265625
5 0.9611111111111111 0.76796875 0.043055555555555555 0.07890625
5 0.090625 0.85703125 0.14097222222222222 0.07578125
14 0.5517361111111111 0.845703125 0.7756944444444445 0.0296875
14 0.5517361111111111 0.8716796875 0.7756944444444445 0.022265625
5 0.9611111111111111 0.85703125 0.043055555555555555 0.07890625
5 0.090625 0.9212890625 0.14097222222222222 0.026171875
14 0.5517361111111111 0.9271484375 0.7756944444444445 0.014453125
14 0.5517361111111111 0.9419921875 0.7756944444444445 -0.015234375
5 0.9611111111111111 0.9205078125 0.043055555555555555 0.027734375
12 0.8055555555555556 0.064453125 0.3388888888888889 0.06328125
0 0.7208333333333333 0.064453125 0.16944444444444445 0.06328125
0 0.8902777777777777 0.064453125 0.16944444444444445 0.06328125
4 0.13194444444444445 0.0646484375 0.2638888888888889 0.043359375
4 0.05798611111111111 0.9005859375 0.11597222222222223 0.067578125
4 0.18020833333333333 0.9005859375 0.1284722222222222 0.067578125
4 0.3013888888888889 0.9005859375 0.11388888888888889 0.067578125
4 0.9579861111111111 0.9005859375 0.07430555555555556 0.067578125
4 0.8711805555555555 0.9005859375 0.07430555555555556 0.041796875
