0 0.8416666666666667 0.073828125 0.04861111111111111 0.02734375
0 0.9513888888888888 0.073828125 0.04861111111111111 0.02734375
14 0.14618055555555556 0.1400390625 0.1701388888888889 0.036328125
14 0.30243055555555554 0.1400390625 0.09375 0.036328125
14 0.1795138888888889 0.2123046875 0.23680555555555555 0.091015625
14 0.096875 0.2845703125 0.07152777777777777 0.036328125
14 0.22465277777777778 0.2845703125 0.07152777777777777 0.036328125
5 0.8538194444444445 0.2123046875 0.1701388888888889 0.095703125
14 0.26979166666666665 0.3482421875 0.3173611111111111 0.036328125
0 0.3055555555555556 0.3888671875 0.3888888888888889 0.041015625
0 0.6944444444444444 0.3888671875 0.3888888888888889 0.041015625
0 0.3055555555555556 0.3888671875 0.3888888888888889 0.041015625
5 0.1840277777777778 0.68359375 0.058333333333333334 0.0328125
14 0.1840277777777778 0.719921875 0.07916666666666666 0.02578125
5 0.33611111111111114 0.68359375 0.058333333333333334 0.0328125
14 0.33611111111111114 0.719921875 0.09861111111111111 0.02578125
5 0.5013888888888889 0.68359375 0.058333333333333334 0.0328125
14 0.5010416666666667 0.719921875 0.0798611111111111 0.02578125
5 0.6666666666666666 0.68359375 0.058333333333333334 0.0328125
14 0.6663194444444445 0.719921875 0.0798611111111111 0.02578125
5 0.8194444444444444 0.68359375 0.058333333333333334 0.0328125
14 0.8190972222222223 0.719921875 0.0798611111111111 0.02578125
5 0.9107638888888889 0.68359375 -0.04375 0.0328125
14 0.9086805555555556 0.719921875 -0.03958333333333333 0.02578125
5 0.3177083333333333 0.798046875 0.12152777777777778 0.0546875
14 0.5072916666666667 0.7978515625 0.15486111111111112 0.033203125
14 0.6892361111111112 0.7978515625 0.1076388888888889 0.033203125
5 0.3177083333333333 0.880078125 0.12152777777777778 -0.00078125
14 0.5020833333333333 0.8853515625 0.14444444444444443 -0.011328125
14 0.6892361111111112 0.8853515625 0.1076388888888889 -0.011328125
5 0.3177083333333333 0.9349609375 0.12152777777777778 -0.110546875
14 0.6722222222222223 0.90703125 0.46111111111111114 0.0546875
5 0.9513888888888888 0.90703125 0.09722222222222222 0.0546875
