14 0.0 0.0 0.0 0.0
0 0.050694444444444445 0.065625 0.06111111111111111 0.02890625
0 0.9597222222222223 0.065625 0.06111111111111111 0.02890625
5 0.0798611111111111 0.178515625 0.1 0.05625
0 0.029861111111111113 0.150390625 0.0 0.0
0 0.029861111111111113 0.150390625 0.0 0.0
5 0.0798611111111111 0.178515625 0.1 0.05625
5 0.0798611111111111 0.253125 0.1 0.05625
0 0.029861111111111113 0.225 0.0 0.0
0 0.029861111111111113 0.225 0.0 0.0
5 0.0798611111111111 0.253125 0.1 0.05625
5 0.0798611111111111 0.327734375 0.1 0.05625
0 0.029861111111111113 0.299609375 0.0 0.0
0 0.029861111111111113 0.299609375 0.0 0.0
5 0.0798611111111111 0.327734375 0.1 0.05625
5 0.0798611111111111 0.4578125 0.1 0.05625
0 0.029861111111111113 0.4296875 0.0 0.0
0 0.029861111111111113 0.4296875 0.0 0.0
5 0.0798611111111111 0.4578125 0.1 0.05625
5 0.0798611111111111 0.532421875 0.1 0.05625
0 0.029861111111111113 0.504296875 0.0 0.0
0 0.029861111111111113 0.504296875 0.0 0.0
5 0.0798611111111111 0.532421875 0.1 0.05625
5 0.0798611111111111 0.657421875 0.1 0.05625
0 0.029861111111111113 0.629296875 0.0 0.0
0 0.029861111111111113 0.629296875 0.0 0.0
5 0.0798611111111111 0.657421875 0.1 0.05625
5 0.0798611111111111 0.726953125 0.1 0.05625
0 0.029861111111111113 0.698828125 0.0 0.0
0 0.029861111111111113 0.698828125 0.0 0.0
5 0.0798611111111111 0.726953125 0.1 0.05625
