5 0.12256944444444444 0.0767578125 0.08402777777777778 0.047265625
5 0.30868055555555557 0.0767578125 0.08402777777777778 0.047265625
5 0.49756944444444445 0.0767578125 0.08402777777777778 0.047265625
5 0.6864583333333333 0.0767578125 0.08402777777777778 0.047265625
5 0.8753472222222223 0.0767578125 0.08402777777777778 0.047265625
14 0.09965277777777778 0.15078125 0.07291666666666667 0.0546875
14 0.2309027777777778 0.15078125 0.05347222222222222 0.0546875
14 0.3704861111111111 0.15078125 0.08958333333333333 0.0546875
14 0.9263888888888889 0.153125 0.14722222222222223 0.059375
5 0.25 0.35859375 0.48055555555555557 0.23671875
14 0.25 0.4259765625 0.43194444444444446 0.031640625
5 0.05486111111111111 0.4578125 0.041666666666666664 0.0234375
5 0.11493055555555555 0.4576171875 0.034027777777777775 0.015234375
14 0.15243055555555557 0.4576171875 0.01597222222222222 0.018359375
5 0.19444444444444445 0.4576171875 0.019444444444444445 0.015234375
14 0.2652777777777778 0.4576171875 0.09722222222222222 0.018359375
5 0.75 0.35859375 0.48055555555555557 0.23671875
14 0.75 0.4259765625 0.43194444444444446 0.031640625
5 0.5548611111111111 0.4578125 0.041666666666666664 0.0234375
5 0.6149305555555555 0.4576171875 0.034027777777777775 0.015234375
14 0.6506944444444445 0.4576171875 0.0125 0.018359375
5 0.6909722222222222 0.4576171875 0.019444444444444445 0.015234375
14 0.7618055555555555 0.4576171875 0.09722222222222222 0.018359375
5 0.25 0.60625 0.48055555555555557 0.23671875
14 0.25 0.6736328125 0.43194444444444446 0.031640625
5 0.05486111111111111 0.70546875 0.041666666666666664 0.0234375
5 0.11493055555555555 0.7052734375 0.034027777777777775 0.015234375
14 0.15069444444444444 0.7052734375 0.0125 0.018359375
5 0.1909722222222222 0.7052734375 0.019444444444444445 0.015234375
14 0.26180555555555557 0.7052734375 0.09722222222222222 0.018359375
5 0.75 0.60625 0.48055555555555557 0.23671875
14 0.75 0.6736328125 0.43194444444444446 0.031640625
5 0.5548611111111111 0.70546875 0.041666666666666664 0.0234375
5 0.6149305555555555 0.7052734375 0.034027777777777775 0.015234375
14 0.6506944444444445 0.7052734375 0.0125 0.018359375
5 0.6909722222222222 0.7052734375 0.019444444444444445 0.015234375
14 0.7614583333333333 0.7052734375 0.09652777777777778 0.018359375
5 0.5 0.8349609375 0.9805555555555555 0.198828125
14 0.853125 0.7587890625 0.11736111111111111 0.018359375
5 0.9364583333333333 0.7587890625 0.024305555555555556 0.013671875
5 0.07430555555555556 0.933203125 0.08055555555555556 0.00234375
14 0.47465277777777776 0.928515625 0.6715277777777777 0.01171875
14 0.9052083333333333 0.934375 0.12152777777777778 0.0
5 0.25 0.9662109375 0.48055555555555557 -0.063671875
5 0.75 0.9662109375 0.48055555555555557 -0.063671875
14 0.3736111111111111 0.2068359375 0.6194444444444445 0.048046875
14 0.8208333333333333 0.2068359375 0.12777777777777777 0.048046875
14 0.9166666666666666 0.2068359375 0.03888888888888889 0.048046875
4 0.903125 0.8798828125 0.15486111111111112 0.087109375
