5 0.5 0.48359375 1.0 0.9015625
5 0.5 0.89140625 1.0 0.0859375
5 0.1 0.8828125 0.1527777777777778 0.0515625
14 0.1 0.9171875 0.2 0.02578125
5 0.3 0.89140625 0.2 0.0859375
5 0.3 0.8828125 0.1527777777777778 0.0515625
14 0.3 0.9171875 0.2 0.02578125
5 0.5 0.8828125 0.1527777777777778 0.0515625
14 0.5 0.9171875 0.2 0.02578125
5 0.7 0.8828125 0.1527777777777778 0.0515625
14 0.7 0.9171875 0.2 0.02578125
5 0.9 0.8828125 0.1527777777777778 0.0515625
14 0.9 0.9171875 0.2 0.02578125
14 0.25 0.251953125 0.5 0.28125
5 0.75 0.251953125 0.5 0.28125
14 0.1840277777777778 0.4318359375 0.26805555555555555 0.078515625
5 0.9149305555555556 0.42890625 0.029861111111111113 0.028125
14 0.23819444444444443 0.5103515625 0.3763888888888889 0.078515625
5 0.5559027777777777 0.51015625 0.2298611111111111 0.040625
5 0.9149305555555556 0.507421875 0.029861111111111113 0.028125
14 0.1951388888888889 0.5888671875 0.2902777777777778 0.078515625
5 0.3840277777777778 0.588671875 0.07777777777777778 0.0703125
5 0.9149305555555556 0.5859375 0.029861111111111113 0.028125
14 0.24861111111111112 0.6673828125 0.3972222222222222 0.078515625
5 0.9149305555555556 0.664453125 0.029861111111111113 0.028125
14 0.22083333333333333 0.7458984375 0.3416666666666667 0.078515625
5 0.9149305555555556 0.74296875 0.029861111111111113 0.028125
14 0.31145833333333334 0.816796875 0.5229166666666667 0.06328125
5 0.9149305555555556 0.821484375 0.029861111111111113 0.028125
14 0.5 0.0720703125 0.6 0.078515625
5 0.9329861111111111 0.071875 0.09375 0.0703125
