14 0.0 0.0 0.0 0.0
5 0.0 0.109375 0.0 0.0
14 0.0 0.109375 0.0 0.0
4 0.0 0.109375 0.0 0.0
14 0.5 0.1953125 0.6319444444444444 0.06171875
0 0.7090277777777778 0.258984375 0.21388888888888888 0.065625
14 0.0 0.140234375 0.0 0.06171875
14 0.0 0.2015625 0.0 0.06171875
14 0.0 0.262890625 0.0 0.06171875
14 0.0 0.32421875 0.0 0.06171875
14 0.0 0.385546875 0.0 0.06171875
14 0.0 0.446875 0.0 0.06171875
14 0.0 0.508203125 0.0 0.06171875
14 0.0 0.56953125 0.0 0.06171875
14 0.31006944444444445 0.0708984375 0.3284722222222222 0.036328125
4 0.06805555555555555 0.07109375 0.1361111111111111 0.0765625
