5 0.19756944444444444 0.0771484375 0.34652777777777777 0.041796875
5 0.9350694444444444 0.0771484375 0.08125 0.045703125
5 0.24965277777777778 0.2900390625 0.2673611111111111 0.150390625
14 0.24930555555555556 0.37890625 0.20972222222222223 0.02734375
5 0.7496527777777777 0.2900390625 0.2673611111111111 0.150390625
14 0.7496527777777777 0.37890625 0.17708333333333334 0.02734375
5 0.24965277777777778 0.4951171875 0.2673611111111111 0.150390625
14 0.24930555555555556 0.583984375 0.2013888888888889 0.02734375
5 0.7496527777777777 0.4951171875 0.2673611111111111 0.150390625
14 0.7493055555555556 0.583984375 0.21944444444444444 0.02734375
5 0.24965277777777778 0.7001953125 0.2673611111111111 0.150390625
14 0.24965277777777778 0.7890625 0.19652777777777777 0.02734375
