14 0.3298611111111111 0.0380859375 0.30972222222222223 0.036328125
4 0.06805555555555555 0.03828125 0.1361111111111111 0.0765625
0 0.9513888888888888 0.03828125 0.09722222222222222 0.065625
6 0.0 0.0765625 0.0 0.0
5 0.0 0.0765625 0.0 0.0
9 0.0 0.0765625 0.0 0.0
14 0.0 0.0765625 0.0 0.0
0 0.5 0.15859375 0.24305555555555555 0.13671875
6 0.4996527777777778 0.1626953125 0.25763888888888886 0.144921875
14 0.21284722222222222 0.308984375 0.40208333333333335 0.028125
14 0.46458333333333335 0.3751953125 0.9055555555555556 0.048046875
5 0.9586805555555555 0.3744140625 0.059027777777777776 0.033203125
14 0.46458333333333335 0.4736328125 0.9055555555555556 0.092578125
5 0.9586805555555555 0.4505859375 0.059027777777777776 0.033203125
14 0.46458333333333335 0.5720703125 0.9055555555555556 0.048046875
5 0.9586805555555555 0.5712890625 0.059027777777777776 0.033203125
14 0.46458333333333335 0.6482421875 0.9055555555555556 0.048046875
5 0.9586805555555555 0.6474609375 0.059027777777777776 0.033203125
14 0.46458333333333335 0.7244140625 0.9055555555555556 0.048046875
5 0.9586805555555555 0.7236328125 0.059027777777777776 0.033203125
14 0.46458333333333335 0.8228515625 0.9055555555555556 0.092578125
5 0.9586805555555555 0.7998046875 0.059027777777777776 0.033203125
14 0.46458333333333335 0.9158203125 0.9055555555555556 0.037109375
5 0.9586805555555555 0.919140625 0.059027777777777776 0.03046875
