14 0.2152777777777778 0.0708984375 0.1388888888888889 0.036328125
4 0.06805555555555555 0.07109375 0.1361111111111111 0.0765625
14 0.5 0.1765625 0.6138888888888889 0.04375
14 0.5 0.2404296875 0.8388888888888889 0.048046875
14 0.20381944444444444 0.3142578125 0.36319444444444443 0.033203125
0 0.8930555555555556 0.3140625 0.11666666666666667 0.0328125
5 0.17291666666666666 0.459375 0.2972222222222222 0.21875
14 0.17291666666666666 0.5955078125 0.28194444444444444 0.048046875
14 0.17291666666666666 0.632421875 0.28194444444444444 0.02578125
14 0.17291666666666666 0.665234375 0.28194444444444444 0.02578125
5 0.4996527777777778 0.459375 0.29791666666666666 0.21875
14 0.4996527777777778 0.5955078125 0.2826388888888889 0.048046875
14 0.4996527777777778 0.632421875 0.2826388888888889 0.02578125
14 0.4996527777777778 0.665234375 0.2826388888888889 0.02578125
5 0.8267361111111111 0.459375 0.29791666666666666 0.21875
14 0.8267361111111111 0.5955078125 0.2826388888888889 0.048046875
14 0.8267361111111111 0.632421875 0.2826388888888889 0.02578125
14 0.8267361111111111 0.665234375 0.2826388888888889 0.02578125
5 0.17291666666666666 0.808203125 0.2972222222222222 0.21875
14 0.17291666666666666 0.92734375 0.28194444444444444 0.0140625
14 0.17291666666666666 0.9513671875 0.28194444444444444 -0.033984375
5 0.4996527777777778 0.808203125 0.29791666666666666 0.21875
14 0.4996527777777778 0.92734375 0.2826388888888889 0.0140625
14 0.4996527777777778 0.9513671875 0.2826388888888889 -0.033984375
5 0.8267361111111111 0.808203125 0.29791666666666666 0.21875
14 0.8267361111111111 0.92734375 0.2826388888888889 0.0140625
14 0.8267361111111111 0.9513671875 0.2826388888888889 -0.033984375
5 0.0 0.109375 0.0 0.0
14 0.0 0.109375 0.0 0.0
6 0.5 0.521875 0.11666666666666667 0.065625
