0 0.16770833333333332 0.127734375 0.3284722222222222 0.0546875
0 0.6677083333333333 0.127734375 0.6576388888888889 0.0546875
3 0.3954861111111111 0.90703125 0.7909722222222222 0.0546875
14 0.7934027777777778 0.90703125 0.004861111111111111 0.0546875
0 0.9003472222222222 0.90703125 0.19930555555555557 0.0546875
5 0.07326388888888889 0.1982421875 0.07291666666666667 0.041015625
14 0.4753472222222222 0.1982421875 0.6826388888888889 0.021484375
14 0.9020833333333333 0.198046875 0.12222222222222222 0.01640625
14 0.5 0.269140625 0.9263888888888889 0.059375
5 0.07326388888888889 0.3744140625 0.07291666666666667 0.041015625
14 0.4753472222222222 0.3744140625 0.6826388888888889 0.021484375
14 0.9020833333333333 0.37421875 0.12222222222222222 0.01640625
14 0.5 0.5548828125 0.9263888888888889 0.278515625
5 0.07326388888888889 0.7697265625 0.07291666666666667 0.041015625
14 0.46979166666666666 0.7697265625 0.6715277777777777 0.021484375
14 0.8965277777777778 0.76953125 0.13333333333333333 0.01640625
14 0.5 0.841796875 0.9263888888888889 0.06171875
3 1.0 0.90703125 0.0 0.0546875
14 1.0 0.51484375 0.0 0.715625
14 0.0 0.0984375 0.0 0.0
5 0.0 0.0328125 0.0 0.0
14 0.353125 0.065625 0.6090277777777777 0.02421875
