14 0.3038194444444444 0.0619140625 0.6076388888888888 0.058203125
14 0.3038194444444444 0.1216796875 0.6076388888888888 0.058203125
14 0.3038194444444444 0.1814453125 0.6076388888888888 0.058203125
14 0.3038194444444444 0.2412109375 0.6076388888888888 0.058203125
0 0.3038194444444444 0.295703125 0.6076388888888888 0.04765625
0 0.3038194444444444 0.344921875 0.6076388888888888 0.04765625
0 0.3038194444444444 0.394140625 0.6076388888888888 0.04765625
0 0.3038194444444444 0.443359375 0.6076388888888888 0.04765625
0 0.3038194444444444 0.492578125 0.6076388888888888 0.04765625
0 0.3038194444444444 0.541796875 0.6076388888888888 0.04765625
0 0.3038194444444444 0.591015625 0.6076388888888888 0.04765625
0 0.3038194444444444 0.640234375 0.6076388888888888 0.04765625
0 0.3038194444444444 0.689453125 0.6076388888888888 0.04765625
0 0.3038194444444444 0.738671875 0.6076388888888888 0.04765625
0 0.3038194444444444 0.787890625 0.6076388888888888 0.04765625
0 0.3038194444444444 0.837109375 0.6076388888888888 0.04765625
0 0.3038194444444444 0.8693359375 0.6076388888888888 0.013671875
14 0.3038194444444444 0.9052734375 0.6076388888888888 0.058203125
4 0.06944444444444445 0.0642578125 0.1 0.041015625
14 0.2503472222222222 0.0513671875 0.22291666666666668 0.033203125
14 0.26979166666666665 0.080859375 0.26180555555555557 0.02578125
12 0.1125 0.1216796875 0.18611111111111112 0.041015625
4 0.2677083333333333 0.1216796875 0.08541666666666667 0.041015625
14 0.7892361111111111 0.1232421875 0.07847222222222222 0.022265625
5 0.9423611111111111 0.123046875 0.0375 0.015625
10 0.8555555555555555 0.1232421875 0.25 0.044140625
0 0.51875 0.5828125 0.5083333333333333 0.06796875
4 0.08159722222222222 0.657421875 0.12430555555555556 0.0453125
14 0.5 0.657421875 0.7125 0.03515625
4 0.9184027777777778 0.657421875 0.12430555555555556 0.0453125
5 0.0 0.0328125 0.0 0.0
9 0.0 0.0328125 0.0 0.0
5 0.0 0.0328125 0.0 0.0
14 0.0 0.0328125 0.0 0.0
14 0.0 0.0328125 0.0 0.0
14 0.0 0.0328125 0.0 0.0
14 0.0 0.0328125 0.0 0.0
0 0.0 0.0328125 0.0 0.0
6 0.0 0.0328125 0.0 0.0
