14 0.4951388888888889 0.138671875 0.9902777777777778 0.02578125
3 0.4951388888888889 0.1998046875 0.9513888888888888 0.033203125
3 0.4951388888888889 0.2783203125 0.9513888888888888 0.033203125
14 0.4951388888888889 0.375 0.9902777777777778 0.02578125
1 0.4951388888888889 0.43046875 0.9513888888888888 0.04375
0 0.0 0.117578125 0.0 0.0
4 0.0 0.117578125 0.0 0.0
5 0.0 0.117578125 0.0 0.0
14 0.0 0.117578125 0.0 0.0
4 0.24305555555555555 0.84609375 0.4861111111111111 0.0421875
0 0.75 0.9015625 0.5 0.065625
14 0.27118055555555554 0.0708984375 0.46458333333333335 0.036328125
