5 0.5 0.4671875 1.0 0.934375
5 0.0 0.0 0.0 0.0
5 0.0 0.0 0.0 0.0
5 0.5 0.4671875 1.0 0.934375
6 0.0 0.0 0.0 0.0
14 0.0 0.0 0.0 0.0
14 0.0 0.0 0.0 0.0
6 0.0 0.0 0.0 0.0
14 0.0 0.0 0.0 0.0
14 0.0 0.0 0.0 0.0
5 0.6357638888888889 0.2236328125 0.09652777777777778 0.058203125
5 0.4059027777777778 0.335546875 0.04375 0.02890625
5 0.1625 0.272265625 0.125 0.15546875
5 0.30625 0.272265625 0.125 0.15546875
5 0.50625 0.272265625 0.125 0.15546875
14 0.3638888888888889 0.1708984375 0.35138888888888886 0.028515625
14 0.5 0.1595703125 0.6069444444444444 0.319140625
5 0.5 0.6267578125 0.5 0.342578125
5 0.5 0.035546875 1.0 0.07109375
14 0.0 0.0 0.0 0.0
