14 0.4079861111111111 0.0564453125 0.3298611111111111 0.036328125
4 0.06805555555555555 0.07109375 0.1361111111111111 0.0765625
5 0.20902777777777778 0.0708984375 0.06805555555555555 0.062890625
14 0.28194444444444444 0.0892578125 0.07777777777777778 0.029296875
5 0.5 0.121875 1.0 0.025
5 0.5 0.48359375 1.0 0.9015625
5 0.5 0.8974609375 0.7777777777777778 0.068359375
14 0.5583333333333333 0.8974609375 0.42777777777777776 0.068359375
5 0.5 0.2115234375 1.0 0.176953125
14 0.0 0.3294921875 0.0 0.048046875
5 0.0 0.2115234375 0.0 0.176953125
6 0.16666666666666666 0.302734375 0.13333333333333333 0.00546875
14 0.16666666666666666 0.3294921875 0.3333333333333333 0.048046875
5 0.16666666666666666 0.2115234375 0.3333333333333333 0.176953125
14 0.5 0.3294921875 0.3333333333333333 0.048046875
5 0.5 0.2142578125 0.3333333333333333 0.182421875
6 0.8333333333333334 0.302734375 0.13333333333333333 0.00546875
14 0.8333333333333334 0.3294921875 0.3333333333333333 0.048046875
5 0.8333333333333334 0.2115234375 0.3333333333333333 0.176953125
5 0.5 0.4419921875 1.0 0.176953125
14 0.16666666666666666 0.5599609375 0.3333333333333333 0.048046875
5 0.16666666666666666 0.4447265625 0.3333333333333333 0.182421875
14 0.5 0.5599609375 0.3333333333333333 0.048046875
5 0.5 0.4447265625 0.3333333333333333 0.182421875
14 0.8333333333333334 0.5599609375 0.3333333333333333 0.048046875
5 0.8333333333333334 0.4447265625 0.3333333333333333 0.182421875
5 0.5 0.666015625 1.0 0.1640625
14 0.16666666666666666 0.7775390625 0.3333333333333333 0.048046875
5 0.16666666666666666 0.66875 0.3333333333333333 0.16953125
14 0.5 0.7775390625 0.3333333333333333 0.048046875
5 0.5 0.66875 0.3333333333333333 0.16953125
14 0.8333333333333334 0.7775390625 0.3333333333333333 0.048046875
5 0.8333333333333334 0.66875 0.3333333333333333 0.16953125
4 0.4996527777777778 0.8248046875 0.12152777777777778 0.068359375
5 0.428125 0.16953125 0.85625 0.2734375
14 0.0 0.0328125 0.0 0.0
14 0.0 0.0328125 0.0 0.0
6 0.428125 0.292578125 0.8173611111111111 0.00546875
5 0.7663194444444444 0.0833984375 0.14097222222222222 0.079296875
14 0.7659722222222223 0.1359375 0.10138888888888889 0.02578125
14 0.39861111111111114 0.2642578125 0.030555555555555555 0.040234375
5 0.4479166666666667 0.2642578125 0.04861111111111111 0.040234375
5 0.42777777777777776 0.1439453125 0.19722222222222222 0.106640625
5 0.07777777777777778 0.34453125 0.07777777777777778 0.04375
5 0.7784722222222222 0.34453125 0.07777777777777778 0.04375
14 0.45729166666666665 0.3443359375 0.5645833333333333 0.033203125
5 0.07777777777777778 0.41171875 0.07777777777777778 0.04375
14 0.45729166666666665 0.4115234375 0.5645833333333333 0.033203125
5 0.07777777777777778 0.47890625 0.07777777777777778 0.04375
14 0.45729166666666665 0.4787109375 0.5645833333333333 0.033203125
5 0.07777777777777778 0.54609375 0.07777777777777778 0.04375
14 0.45729166666666665 0.5458984375 0.5645833333333333 0.033203125
5 0.07777777777777778 0.61328125 0.07777777777777778 0.04375
14 0.45729166666666665 0.6130859375 0.5645833333333333 0.033203125
5 0.07777777777777778 0.68046875 0.07777777777777778 0.04375
11 0.7597222222222222 0.68046875 0.11527777777777778 0.065625
14 0.43854166666666666 0.6802734375 0.5270833333333333 0.033203125
5 0.07777777777777778 0.74765625 0.07777777777777778 0.04375
5 0.7784722222222222 0.74765625 0.07777777777777778 0.04375
14 0.45729166666666665 0.7474609375 0.5645833333333333 0.033203125
14 0.0 0.0328125 0.0 0.0
4 0.0 0.0328125 0.0 0.0
4 0.0 0.0328125 0.0 0.0
4 0.0 0.0328125 0.0 0.0
4 0.0 0.0328125 0.0 0.0
