14 0.3302083333333333 0.0708984375 0.36875 0.036328125
4 0.06805555555555555 0.07109375 0.1361111111111111 0.0765625
14 0.16666666666666666 0.1421875 0.1125 0.02578125
14 0.5 0.1421875 0.1361111111111111 0.02578125
14 0.8329861111111111 0.1421875 0.13680555555555557 0.02578125
5 0.25 0.315625 0.4847222222222222 0.27265625
14 0.1451388888888889 0.487109375 0.19722222222222222 0.0296875
14 0.15347222222222223 0.5130859375 0.21388888888888888 0.022265625
5 0.75 0.315625 0.4847222222222222 0.27265625
14 0.7072916666666667 0.487109375 0.3215277777777778 0.0296875
14 0.6534722222222222 0.5130859375 0.21388888888888888 0.022265625
5 0.25 0.68984375 0.4847222222222222 0.27265625
14 0.14652777777777778 0.852734375 0.2 0.0125
14 0.15347222222222223 0.867578125 0.21388888888888888 -0.0171875
5 0.75 0.68984375 0.4847222222222222 0.27265625
14 0.6739583333333333 0.852734375 0.2548611111111111 0.0125
14 0.66875 0.867578125 0.24444444444444444 -0.0171875
5 0.0 0.175 0.0 0.0
5 0.5 0.2583984375 1.0 0.451171875
4 0.06805555555555555 0.07109375 0.1361111111111111 0.0765625
5 0.15763888888888888 0.573828125 0.25277777777777777 0.1421875
14 0.1673611111111111 0.66015625 0.23333333333333334 0.02578125
14 0.1673611111111111 0.6841796875 0.23333333333333334 0.022265625
5 0.07326388888888889 0.7767578125 0.12152777777777778 0.068359375
14 0.4513888888888889 0.764453125 0.5611111111111111 0.0296875
14 0.4513888888888889 0.792578125 0.5611111111111111 0.0265625
5 0.9388888888888889 0.7765625 0.08333333333333333 0.046875
5 0.5 0.8966796875 1.0 0.075390625
14 0.5 0.9337890625 0.17222222222222222 0.001171875
14 0.4996527777777778 0.956640625 0.22291666666666668 -0.04453125
5 0.06701388888888889 0.8966796875 0.13402777777777777 0.075390625
6 0.5670138888888889 0.864453125 0.8659722222222223 0.0109375
14 0.2152777777777778 0.8837890625 0.10416666666666667 0.027734375
14 0.26666666666666666 0.909765625 0.20694444444444443 0.02421875
0 0.9267361111111111 0.8966796875 0.05625 0.031640625
5 0.9708333333333333 0.04921875 0.019444444444444445 0.0109375
5 0.0 0.1421875 0.0 0.284375
