0 0.165625 0.8318359375 0.33125 0.068359375
0 0.4996527777777778 0.8318359375 0.33125 0.068359375
0 0.8340277777777778 0.8318359375 0.33194444444444443 0.068359375
5 0.14583333333333334 0.1154296875 0.24305555555555555 0.012109375
14 0.6458333333333334 0.10859375 0.7083333333333334 -0.0015625
5 0.14583333333333334 0.2017578125 0.24305555555555555 0.102734375
14 0.6458333333333334 0.2017578125 0.7083333333333334 0.075390625
5 0.14583333333333334 0.3333984375 0.24305555555555555 0.102734375
14 0.6458333333333334 0.3333984375 0.7083333333333334 0.075390625
5 0.14583333333333334 0.4650390625 0.24305555555555555 0.102734375
5 0.22430555555555556 0.44453125 0.06111111111111111 0.034375
14 0.6458333333333334 0.46484375 0.7083333333333334 0.046875
5 0.14583333333333334 0.5966796875 0.24305555555555555 0.102734375
14 0.6458333333333334 0.5966796875 0.7083333333333334 0.075390625
5 0.14583333333333334 0.7283203125 0.24305555555555555 0.102734375
14 0.6458333333333334 0.728125 0.7083333333333334 0.10390625
4 0.0 0.109375 0.0 0.0
4 0.0 0.109375 0.0 0.0
14 0.4083333333333333 0.1421875 0.7388888888888889 0.065625
14 0.4083333333333333 0.212109375 0.7388888888888889 0.065625
14 0.4253472222222222 0.26953125 0.7048611111111112 0.04921875
14 0.4253472222222222 0.31875 0.7048611111111112 0.04921875
14 0.4253472222222222 0.36796875 0.7048611111111112 0.04921875
14 0.4253472222222222 0.4171875 0.7048611111111112 0.04921875
14 0.4253472222222222 0.46640625 0.7048611111111112 0.04921875
14 0.4253472222222222 0.515625 0.7048611111111112 0.04921875
14 0.4253472222222222 0.56484375 0.7048611111111112 0.04921875
14 0.4253472222222222 0.6140625 0.7048611111111112 0.04921875
14 0.4253472222222222 0.66328125 0.7048611111111112 0.04921875
14 0.4253472222222222 0.7125 0.7048611111111112 0.04921875
14 0.4083333333333333 0.77421875 0.7388888888888889 0.065625
14 0.4253472222222222 0.831640625 0.7048611111111112 0.04921875
14 0.4253472222222222 0.880859375 0.7048611111111112 0.04921875
14 0.4253472222222222 0.919921875 0.7048611111111112 0.02890625
14 0.4253472222222222 0.94453125 0.7048611111111112 -0.0203125
0 0.2704861111111111 0.1474609375 0.4340277777777778 0.048046875
0 0.7295138888888889 0.1474609375 0.4340277777777778 0.048046875
4 0.06805555555555555 0.07109375 0.1361111111111111 0.0765625
5 0.8961805555555555 0.0708984375 0.13402777777777777 0.048046875
5 0.7756944444444445 0.0703125 0.058333333333333334 0.0328125
5 0.5881944444444445 0.0703125 0.058333333333333334 0.0328125
14 0.6697916666666667 0.066796875 0.0798611111111111 0.03984375
14 0.5680555555555555 0.0708984375 0.6208333333333333 0.033203125
5 0.9815972222222222 0.0708984375 -0.03680555555555556 0.048046875
5 0.9024305555555555 0.0703125 -0.1951388888888889 0.0328125
5 0.8486111111111111 0.0703125 -0.30277777777777776 0.0328125
14 0.8548611111111111 0.066796875 -0.2902777777777778 0.03984375
5 0.16458333333333333 0.0765625 0.06111111111111111 0.02734375
5 0.2673611111111111 0.07265625 0.2916666666666667 0.0796875
