14 0.09965277777777778 0.073828125 0.12152777777777778 0.08203125
5 0.9295138888888889 0.0736328125 0.10208333333333333 0.057421875
14 0.5194444444444445 0.073828125 0.3736111111111111 0.0328125
14 0.03888888888888889 0.073828125 0.0 0.0328125
5 0.5 0.2734375 0.2 0.1125
5 0.5 0.2734375 0.14027777777777778 0.07890625
14 0.5 0.4875 1.0 0.11015625
14 0.5 0.5677734375 1.0 0.050390625
14 0.05486111111111111 0.641796875 0.06111111111111111 0.034375
14 0.09513888888888888 0.641796875 0.0 0.034375
14 0.8510416666666667 0.641796875 0.09097222222222222 0.034375
14 0.9409722222222222 0.641796875 0.06944444444444445 0.034375
14 0.22534722222222223 0.7013671875 0.18263888888888888 0.030078125
14 0.3236111111111111 0.7306640625 0.37916666666666665 0.028515625
14 0.0 0.11484375 0.0 0.0
14 0.0 0.75859375 0.0 0.0
14 0.5 0.8181640625 1.0 0.119140625
14 0.834375 0.8892578125 0.06041666666666667 0.023046875
6 0.0 0.11484375 0.0 0.0
5 0.0 0.11484375 0.0 0.0
5 0.0 0.11484375 0.0 0.0
14 0.0 0.11484375 0.0 0.0
9 0.0 0.11484375 0.0 0.0
14 0.0 0.11484375 0.0 0.0
4 0.0 0.11484375 0.0 0.0
14 0.0 0.11484375 0.0 0.0
14 0.0 0.11484375 0.0 0.0
14 0.0 0.11484375 0.0 0.0
6 0.5 0.50625 0.11666666666666667 0.065625
14 0.5 0.5642578125 0.16111111111111112 0.023046875
5 0.0 0.11484375 0.0 0.0
14 0.0 0.11484375 0.0 0.0
14 0.0 0.11484375 0.0 0.0
14 0.0 0.11484375 0.0 0.0
5 0.0 0.11484375 0.0 0.0
14 0.0 0.11484375 0.0 0.0
14 0.0 0.11484375 0.0 0.0
14 0.0 0.11484375 0.0 0.0
5 0.5 0.355859375 0.12638888888888888 0.07109375
14 0.5 0.44765625 0.7277777777777777 0.0796875
14 0.5 0.534375 0.7277777777777777 0.05
0 0.35381944444444446 0.6140625 0.2423611111111111 0.065625
0 0.6402777777777777 0.6140625 0.25277777777777777 0.065625
5 0.0 0.0328125 0.0 0.0
5 0.0 0.0328125 0.0 0.0
5 0.0 0.0328125 0.0 0.0
14 0.0 0.0328125 0.0 0.0
14 0.0 0.0328125 0.0 0.0
6 0.0 0.0328125 0.0 0.0
