14 0.24375 0.0708984375 0.1375 0.036328125
4 0.06805555555555555 0.07109375 0.1361111111111111 0.0765625
0 0.9513888888888888 0.07109375 0.09722222222222222 0.065625
14 0.16666666666666666 0.1423828125 0.3333333333333333 0.066015625
14 0.5 0.1423828125 0.3333333333333333 0.066015625
14 0.8333333333333334 0.1423828125 0.3333333333333333 0.066015625
14 0.08472222222222223 0.208203125 0.09166666666666666 0.065625
14 0.08263888888888889 0.275390625 0.0875 0.065625
14 0.08541666666666667 0.342578125 0.09305555555555556 0.065625
14 0.0875 0.409765625 0.09722222222222222 0.065625
14 0.08055555555555556 0.476953125 0.08333333333333333 0.065625
5 0.3541666666666667 0.1447265625 0.7083333333333334 0.223828125
5 0.07291666666666667 0.289453125 0.06805555555555555 0.03828125
14 0.21770833333333334 0.289453125 0.14375 0.02578125
5 0.07291666666666667 0.356640625 0.06805555555555555 0.03828125
14 0.21597222222222223 0.356640625 0.14027777777777778 0.02578125
5 0.07291666666666667 0.423828125 0.06805555555555555 0.03828125
14 0.19340277777777778 0.423828125 0.09513888888888888 0.02578125
5 0.07291666666666667 0.491015625 0.06805555555555555 0.03828125
14 0.19895833333333332 0.491015625 0.10625 0.02578125
5 0.07291666666666667 0.558203125 0.06805555555555555 0.03828125
14 0.18854166666666666 0.558203125 0.08541666666666667 0.02578125
5 0.07291666666666667 0.625390625 0.06805555555555555 0.03828125
14 0.20173611111111112 0.625390625 0.11180555555555556 0.02578125
5 0.07291666666666667 0.692578125 0.06805555555555555 0.03828125
14 0.22743055555555555 0.692578125 0.16319444444444445 0.02578125
5 0.07291666666666667 0.759765625 0.06805555555555555 0.03828125
14 0.2204861111111111 0.759765625 0.14930555555555555 0.02578125
5 0.07291666666666667 0.826953125 0.06805555555555555 0.03828125
14 0.23715277777777777 0.826953125 0.18263888888888888 0.02578125
5 0.07291666666666667 0.894140625 0.06805555555555555 0.03828125
14 0.1857638888888889 0.894140625 0.0798611111111111 0.02578125
5 0.07291666666666667 0.93828125 0.06805555555555555 -0.0078125
14 0.2795138888888889 0.94140625 0.2673611111111111 -0.0140625
