5 0.5 0.0328125 1.0 0.0
5 0.058333333333333334 0.0703125 0.03888888888888889 0.021875
5 0.9326388888888889 0.0705078125 0.10972222222222222 0.046484375
0 0.8652777777777778 0.0328125 0.0 0.0
0 0.8652777777777778 0.0328125 0.0 0.0
14 0.48506944444444444 0.0560546875 0.7118055555555556 0.033203125
14 0.2388888888888889 0.0890625 0.21944444444444444 0.02421875
14 0.0 0.0328125 0.0 0.0
5 0.0 0.0328125 0.0 0.0
5 0.05486111111111111 0.599609375 0.06111111111111111 0.034375
5 0.9434027777777778 0.5998046875 0.06458333333333334 0.050390625
3 0.4986111111111111 0.5998046875 0.7472222222222222 0.046484375
5 0.16666666666666666 0.686328125 0.1361111111111111 0.0765625
14 0.16631944444444444 0.7427734375 0.11458333333333333 0.027734375
5 0.5 0.686328125 0.1361111111111111 0.0765625
14 0.4996527777777778 0.7427734375 0.09375 0.027734375
5 0.8333333333333334 0.686328125 0.1361111111111111 0.0765625
14 0.8329861111111111 0.7427734375 0.1423611111111111 0.027734375
5 0.0 0.6328125 0.0 0.0
14 0.0 0.6328125 0.0 0.0
5 0.0 0.6328125 0.0 0.0
14 0.0 0.6328125 0.0 0.0
5 0.07083333333333333 0.7974609375 0.125 0.041015625
5 0.19305555555555556 0.7974609375 0.125 0.041015625
5 0.31527777777777777 0.7974609375 0.125 0.041015625
5 0.4375 0.7974609375 0.125 0.041015625
5 0.5597222222222222 0.7974609375 0.125 0.041015625
5 0.6819444444444445 0.7974609375 0.125 0.041015625
5 0.8041666666666667 0.7974609375 0.125 0.041015625
5 0.9263888888888889 0.7974609375 0.125 0.041015625
5 0.07083333333333333 0.8423828125 0.125 0.041015625
5 0.19305555555555556 0.8423828125 0.125 0.041015625
5 0.31527777777777777 0.8423828125 0.125 0.041015625
5 0.4375 0.8423828125 0.125 0.041015625
5 0.5597222222222222 0.8423828125 0.125 0.041015625
5 0.6819444444444445 0.8423828125 0.125 0.041015625
5 0.8041666666666667 0.8423828125 0.125 0.041015625
5 0.9263888888888889 0.8423828125 0.125 0.041015625
5 0.07083333333333333 0.8873046875 0.125 0.041015625
5 0.19305555555555556 0.8873046875 0.125 0.041015625
5 0.31527777777777777 0.8873046875 0.125 0.041015625
5 0.4375 0.8873046875 0.125 0.041015625
5 0.5597222222222222 0.8873046875 0.125 0.041015625
5 0.6819444444444445 0.8873046875 0.125 0.041015625
5 0.8041666666666667 0.8873046875 0.125 0.041015625
5 0.9263888888888889 0.8873046875 0.125 0.041015625
5 0.4791666666666667 0.9234375 0.006944444444444444 0.00390625
5 0.5 0.9234375 0.006944444444444444 0.00390625
5 0.5208333333333334 0.9234375 0.006944444444444444 0.00390625
14 0.5 0.125390625 1.0 0.034375
5 0.0 0.142578125 0.0 0.0
14 0.0 0.142578125 0.0 0.0
14 0.8954861111111111 0.1732421875 0.04375 0.027734375
14 0.8236111111111111 0.142578125 0.0 0.0
5 0.8236111111111111 0.142578125 0.0 0.0
14 0.8236111111111111 0.142578125 0.0 0.0
5 0.8236111111111111 0.142578125 0.0 0.0
14 0.8236111111111111 0.142578125 0.0 0.0
5 0.0 0.108203125 0.0 0.0
14 0.0 0.108203125 0.0 0.0
14 0.0 0.108203125 0.0 0.0
