14 0.36875 0.0708984375 0.44583333333333336 0.036328125
4 0.06805555555555555 0.07109375 0.1361111111111111 0.0765625
11 0.5 0.06484375 0.9263888888888889 -0.0890625
14 0.17395833333333333 0.0796875 0.2743055555555556 -0.059375
14 0.42777777777777776 0.105859375 0.7819444444444444 -0.00703125
11 0.8763888888888889 0.09453125 0.11527777777777778 -0.0296875
11 0.5 0.11953125 0.9263888888888889 0.0203125
14 0.24756944444444445 0.14453125 0.4215277777777778 0.0296875
14 0.42777777777777776 0.185546875 0.7819444444444444 0.05234375
11 0.8763888888888889 0.1705078125 0.11527777777777778 0.037109375
11 0.5 0.184375 0.9263888888888889 0.109375
14 0.22152777777777777 0.25390625 0.36944444444444446 0.0296875
14 0.3659722222222222 0.281640625 0.6583333333333333 0.02578125
11 0.8763888888888889 0.2666015625 0.11527777777777778 0.037109375
11 0.5 0.28046875 0.9263888888888889 0.0828125
14 0.215625 0.33671875 0.3576388888888889 0.0296875
14 0.42777777777777776 0.377734375 0.7819444444444444 0.05234375
11 0.8763888888888889 0.3626953125 0.11527777777777778 0.037109375
11 0.5 0.3765625 0.9263888888888889 0.109375
14 0.10243055555555555 0.44609375 0.13125 0.0296875
14 0.36701388888888886 0.473828125 0.6604166666666667 0.02578125
11 0.8763888888888889 0.4587890625 0.11527777777777778 0.037109375
11 0.5 0.47265625 0.9263888888888889 0.0828125
14 0.09097222222222222 0.52890625 0.10833333333333334 0.0296875
14 0.35659722222222223 0.556640625 0.6395833333333333 0.02578125
11 0.8763888888888889 0.5416015625 0.11527777777777778 0.037109375
11 0.5 0.55546875 0.9263888888888889 0.0828125
14 0.1 0.61171875 0.12638888888888888 0.0296875
14 0.37743055555555555 0.639453125 0.68125 0.02578125
11 0.8763888888888889 0.6244140625 0.11527777777777778 0.037109375
11 0.5 0.63828125 0.9263888888888889 0.0828125
14 0.1701388888888889 0.7255859375 0.26666666666666666 0.033203125
14 0.21180555555555555 0.8087890625 0.35 0.033203125
14 0.5 0.874609375 0.9263888888888889 0.05703125
14 0.5 0.91875 0.9263888888888889 0.03125
14 0.5 0.947265625 0.9263888888888889 -0.02578125
