14 0.5 0.063671875 1.0 0.06171875
5 0.9267361111111111 0.063671875 0.09236111111111112 0.04375
5 0.0625 0.1296875 0.07083333333333333 0.03984375
14 0.5451388888888888 0.1296875 0.8555555555555555 0.03984375
6 0.07326388888888889 0.1755859375 0.07291666666666667 -0.021484375
14 0.24965277777777778 0.1767578125 0.20625 -0.023828125
14 0.06319444444444444 0.203125 0.09722222222222222 0.0546875
14 0.24131944444444445 0.187109375 0.2298611111111111 0.0390625
14 0.4798611111111111 0.221484375 0.7069444444444445 0.0296875
14 0.18368055555555557 0.251171875 0.11458333333333333 0.0296875
14 0.6107638888888889 0.251171875 0.7395833333333334 0.0296875
14 0.06319444444444444 0.30703125 0.09722222222222222 0.0546875
14 0.25972222222222224 0.291015625 0.26666666666666666 0.0390625
14 0.4798611111111111 0.325390625 0.7069444444444445 0.0296875
14 0.18368055555555557 0.355078125 0.11458333333333333 0.0296875
14 0.6107638888888889 0.355078125 0.7395833333333334 0.0296875
14 0.06319444444444444 0.4109375 0.09722222222222222 0.0546875
14 0.3663194444444444 0.394921875 0.4798611111111111 0.0390625
14 0.4798611111111111 0.429296875 0.7069444444444445 0.0296875
14 0.18472222222222223 0.458984375 0.11666666666666667 0.0296875
14 0.6118055555555556 0.458984375 0.7375 0.0296875
14 0.06319444444444444 0.51484375 0.09722222222222222 0.0546875
14 0.2111111111111111 0.498828125 0.16944444444444445 0.0390625
14 0.4798611111111111 0.533203125 0.7069444444444445 0.0296875
14 0.19340277777777778 0.562890625 0.13402777777777777 0.0296875
14 0.6204861111111111 0.562890625 0.7201388888888889 0.0296875
14 0.06319444444444444 0.61875 0.09722222222222222 0.0546875
14 0.24097222222222223 0.602734375 0.22916666666666666 0.0390625
14 0.4798611111111111 0.637109375 0.7069444444444445 0.0296875
14 0.18368055555555557 0.666796875 0.11458333333333333 0.0296875
14 0.6107638888888889 0.666796875 0.7395833333333334 0.0296875
14 0.06319444444444444 0.72265625 0.09722222222222222 0.0546875
14 0.31493055555555555 0.706640625 0.3770833333333333 0.0390625
14 0.47708333333333336 0.741015625 0.7013888888888888 0.0296875
14 0.1996527777777778 0.770703125 0.14652777777777778 0.0296875
14 0.6267361111111112 0.770703125 0.7076388888888889 0.0296875
14 0.06319444444444444 0.8265625 0.09722222222222222 0.0546875
14 0.2704861111111111 0.810546875 0.2881944444444444 0.0390625
14 0.4798611111111111 0.844921875 0.7069444444444445 0.0296875
14 0.19340277777777778 0.874609375 0.13402777777777777 0.0296875
14 0.6204861111111111 0.874609375 0.7201388888888889 0.0296875
14 0.06319444444444444 0.91875 0.09722222222222222 0.03125
14 0.3145833333333333 0.914453125 0.3763888888888889 0.0390625
14 0.48854166666666665 0.9341796875 0.7243055555555555 0.000390625
14 0.21041666666666667 0.9490234375 0.16805555555555557 -0.029296875
14 0.6375 0.9490234375 0.6861111111111111 -0.029296875
14 0.0 0.0328125 0.0 0.0
14 0.0 0.0328125 0.0 0.0
14 0.0 0.0328125 0.0 0.0
14 0.0 0.0328125 0.0 0.0
