14 0.3329861111111111 0.1021484375 0.3159722222222222 0.014453125
4 0.06805555555555555 0.07109375 0.1361111111111111 0.0765625
14 0.5 0.14765625 0.9222222222222223 0.0546875
14 0.23541666666666666 0.244921875 0.39305555555555555 0.02421875
14 0.08715277777777777 0.3279296875 0.03819444444444445 0.023828125
14 0.5875 0.328125 0.825 0.109375
5 0.0875 0.4375 0.09722222222222222 0.0546875
14 0.5875 0.4375 0.825 0.109375
5 0.0875 0.546875 0.09722222222222222 0.0546875
14 0.5875 0.546875 0.825 0.109375
14 0.5 0.934375 0.9222222222222223 0.0
