5 0.06805555555555555 0.07109375 0.11666666666666667 0.065625
14 0.5079861111111111 0.07109375 0.6854166666666667 0.0296875
5 0.915625 0.0708984375 0.12986111111111112 0.069140625
14 0.8819444444444444 0.0708984375 0.0625 0.031640625
14 0.9440972222222223 0.07109375 0.04652777777777778 0.03359375
14 0.0 0.252734375 0.0 0.03984375
6 0.0 0.2328125 0.0 0.0
14 0.0 0.2328125 0.0 0.0
5 0.4996527777777778 0.5158203125 0.3159722222222222 0.162890625
14 0.4996527777777778 0.6412109375 0.46458333333333335 0.033203125
14 0.5 0.701953125 0.9027777777777778 0.0609375
14 0.25 0.140234375 0.0 0.06171875
5 0.25 0.109375 0.0 0.0
14 0.5 0.140234375 0.5 0.06171875
5 0.75 0.109375 0.0 0.0
14 0.75 0.140234375 0.0 0.06171875
5 0.05625 0.201953125 0.09722222222222222 0.06171875
5 0.9513888888888888 0.201953125 0.09722222222222222 0.0546875
14 0.5038194444444445 0.201953125 0.7729166666666667 0.02578125
5 0.0 0.109375 0.0 0.0
14 0.0 0.109375 0.0 0.0
14 0.0 0.109375 0.0 0.0
6 0.0 0.109375 0.0 0.0
14 0.0 0.109375 0.0 0.0
5 0.4222222222222222 0.0875 0.3263888888888889 0.0546875
14 0.4222222222222222 0.1859375 0.7666666666666667 0.065625
14 0.4222222222222222 0.2515625 0.7666666666666667 0.065625
14 0.4222222222222222 0.3171875 0.7666666666666667 0.065625
14 0.4222222222222222 0.3828125 0.7666666666666667 0.065625
14 0.4222222222222222 0.4484375 0.7666666666666667 0.065625
14 0.4222222222222222 0.5375 0.7666666666666667 0.065625
14 0.4222222222222222 0.603125 0.7666666666666667 0.065625
14 0.4222222222222222 0.66875 0.7666666666666667 0.065625
14 0.4222222222222222 0.734375 0.7666666666666667 0.065625
14 0.4222222222222222 0.8234375 0.7666666666666667 0.065625
14 0.4222222222222222 0.8890625 0.7666666666666667 0.065625
14 0.4222222222222222 0.928125 0.7666666666666667 0.0125
