5 0.0 0.101171875 0.0 0.0
5 0.0 0.123046875 0.0 0.0
5 0.0 0.866015625 0.0 0.0
5 0.0 0.838671875 0.0 0.0
5 0.0 0.745703125 0.0 0.0
14 0.0 0.0328125 0.0 0.0
5 0.05347222222222222 0.0669921875 0.10694444444444444 0.068359375
14 0.45381944444444444 0.0669921875 0.6840277777777778 0.068359375
5 0.8493055555555555 0.0669921875 0.10694444444444444 0.068359375
5 0.9513888888888888 0.0669921875 0.09722222222222222 0.068359375
14 0.0 0.0328125 0.0 0.0
5 0.024305555555555556 0.11484375 0.04861111111111111 0.02734375
14 0.20069444444444445 0.1146484375 0.30416666666666664 0.018359375
14 0.046875 0.1419921875 0.09375 0.018359375
14 0.47118055555555555 0.1501953125 0.18263888888888888 0.033203125
9 0.7083333333333334 0.1501953125 0.2916666666666667 0.024609375
5 0.9027777777777778 0.150390625 0.0875 0.04921875
0 0.9125 0.734765625 0.09722222222222222 0.0546875
0 0.9125 0.800390625 0.09722222222222222 0.0546875
0 0.0875 0.800390625 0.09722222222222222 0.0546875
0 0.22361111111111112 0.800390625 0.09722222222222222 0.0546875
0 0.0875 0.734765625 0.09722222222222222 0.0546875
0 0.0875 0.669140625 0.09722222222222222 0.0546875
14 0.0 0.0328125 0.0 0.0
14 0.0 0.866015625 0.0 0.0
5 0.0 0.866015625 0.0 0.0
5 0.0 0.866015625 0.0 0.0
4 0.0 0.866015625 0.0 0.0
1 0.0 0.866015625 0.0 0.0
1 0.0 0.866015625 0.0 0.0
1 0.0 0.866015625 0.0 0.0
1 0.0 0.866015625 0.0 0.0
14 0.0 0.866015625 0.0 0.0
9 0.0 0.866015625 0.0 0.0
14 0.0 0.866015625 0.0 0.0
9 0.0 0.866015625 0.0 0.0
14 0.0 0.866015625 0.0 0.0
9 0.0 0.866015625 0.0 0.0
14 0.0 0.866015625 0.0 0.0
9 0.0 0.866015625 0.0 0.0
1 0.0 0.866015625 0.0 0.0
1 0.0 0.866015625 0.0 0.0
1 0.0 0.866015625 0.0 0.0
14 0.0 0.0328125 0.0 0.0
4 0.0 0.0328125 0.0 0.0
14 0.0 0.0328125 0.0 0.0
0 0.0 0.0328125 0.0 0.0
4 0.0 0.0328125 0.0 0.0
5 0.0 0.0328125 0.0 0.0
14 0.0 0.0328125 0.0 0.0
5 0.0 0.0328125 0.0 0.0
14 0.0 0.0328125 0.0 0.0
5 0.0 0.0328125 0.0 0.0
14 0.0 0.0328125 0.0 0.0
14 0.0 0.0328125 0.0 0.0
5 0.0 0.0328125 0.0 0.0
14 0.0 0.0328125 0.0 0.0
14 0.0 0.0328125 0.0 0.0
5 0.0 0.0328125 0.0 0.0
5 0.0 0.0328125 0.0 0.0
5 0.0 0.0328125 0.0 0.0
14 0.0 0.0328125 0.0 0.0
14 0.0 0.0328125 0.0 0.0
5 0.0 0.0328125 0.0 0.0
14 0.0 0.0328125 0.0 0.0
14 0.0 0.0328125 0.0 0.0
5 0.0 0.0328125 0.0 0.0
14 0.0 0.0328125 0.0 0.0
14 0.0 0.0328125 0.0 0.0
5 0.0 0.0328125 0.0 0.0
14 0.0 0.0328125 0.0 0.0
14 0.0 0.0328125 0.0 0.0
5 0.0 0.0328125 0.0 0.0
14 0.0 0.0328125 0.0 0.0
14 0.0 0.0328125 0.0 0.0
5 0.0 0.0328125 0.0 0.0
5 0.0 0.0328125 0.0 0.0
0 0.6673611111111111 0.76328125 0.2375 0.0546875
0 0.8930555555555556 0.76328125 0.21388888888888888 0.0546875
0 0.0 0.0328125 0.0 0.0
14 0.4392361111111111 0.8318359375 0.8784722222222222 0.068359375
5 0.9392361111111112 0.8318359375 0.12152777777777778 0.068359375
14 0.0 0.0328125 0.0 0.0
14 0.0 0.0328125 0.0 0.0
14 0.0 0.4609375 0.0 0.065625
