14 0.5 0.0646484375 1.0 0.036328125
5 0.9659722222222222 0.13515625 0.019444444444444445 0.01796875
14 0.49027777777777776 0.1240234375 0.9319444444444445 0.027734375
14 0.49027777777777776 0.1490234375 0.9319444444444445 0.022265625
5 0.9659722222222222 0.2125 0.019444444444444445 0.01796875
14 0.49027777777777776 0.2013671875 0.9319444444444445 0.027734375
14 0.49027777777777776 0.2263671875 0.9319444444444445 0.022265625
5 0.9659722222222222 0.28984375 0.019444444444444445 0.01796875
14 0.49027777777777776 0.2787109375 0.9319444444444445 0.027734375
14 0.49027777777777776 0.3037109375 0.9319444444444445 0.022265625
5 0.9659722222222222 0.3671875 0.019444444444444445 0.01796875
14 0.49027777777777776 0.3560546875 0.9319444444444445 0.027734375
14 0.49027777777777776 0.3810546875 0.9319444444444445 0.022265625
5 0.9659722222222222 0.44453125 0.019444444444444445 0.01796875
14 0.49027777777777776 0.4333984375 0.9319444444444445 0.027734375
14 0.49027777777777776 0.4583984375 0.9319444444444445 0.022265625
