14 0.5 0.0619140625 0.625 0.051171875
14 0.26458333333333334 0.112890625 0.48055555555555557 0.04375
5 0.11701388888888889 0.207421875 0.18541666666666667 0.11796875
14 0.3034722222222222 0.17734375 0.11388888888888889 0.04375
14 0.5388888888888889 0.243359375 0.5847222222222223 0.08828125
5 0.11701388888888889 0.382421875 0.18541666666666667 0.11796875
14 0.36736111111111114 0.35234375 0.24166666666666667 0.04375
14 0.4392361111111111 0.44453125 0.3854166666666667 0.140625
5 0.11701388888888889 0.609765625 0.18541666666666667 0.11796875
14 0.328125 0.5796875 0.16319444444444445 0.04375
14 0.47430555555555554 0.65859375 0.45555555555555555 0.1140625
5 0.11701388888888889 0.7650390625 0.18541666666666667 0.026953125
14 0.390625 0.7685546875 0.2881944444444444 0.019921875
14 0.6013888888888889 0.7904296875 0.7097222222222223 -0.023828125
5 0.125 0.890625 0.175 0.0875
14 0.125 0.921484375 0.0 0.02578125
5 0.375 0.890625 0.175 0.0875
14 0.375 0.921484375 0.0 0.02578125
5 0.625 0.890625 0.175 0.0875
14 0.625 0.921484375 0.0 0.02578125
5 0.875 0.890625 0.175 0.0875
14 0.875 0.921484375 0.0 0.02578125
