14 0.0 0.0494140625 0.0 0.041015625
14 0.06111111111111111 0.0494140625 -0.12222222222222222 0.041015625
14 0.13993055555555556 0.0494140625 -0.2798611111111111 0.041015625
5 0.0 0.078125 0.0 0.0
14 0.0 0.0947265625 0.0 0.033203125
6 0.0 0.111328125 0.0 0.0
5 0.0 0.111328125 0.0 0.0
14 0.0 0.111328125 0.0 0.0
14 0.0 0.111328125 0.0 0.0
14 0.0 0.111328125 0.0 0.0
6 0.0 0.111328125 0.0 0.0
14 0.0 0.111328125 0.0 0.0
14 0.196875 0.10234375 -0.39375 -0.01796875
5 0.14340277777777777 0.1046875 -0.28680555555555554 -0.01328125
5 0.0 0.0798828125 0.0 -0.062890625
14 0.0 0.0798828125 0.0 -0.062890625
5 0.5 0.4357421875 1.0 0.871484375
5 0.5 0.4357421875 1.0 0.871484375
5 0.5 0.01640625 1.0 0.0328125
5 0.03888888888888889 0.065625 0.07777777777777778 0.04375
14 0.03854166666666667 0.0654296875 0.03819444444444445 0.022265625
14 0.26284722222222223 0.065625 0.3159722222222222 0.02578125
14 0.49027777777777776 0.0654296875 0.1388888888888889 0.033203125
5 0.5829861111111111 0.0654296875 0.04652777777777778 0.024609375
14 0.7642361111111111 0.065625 0.3159722222222222 0.02578125
5 0.9611111111111111 0.065625 0.07777777777777778 0.04375
5 0.3298611111111111 0.0984375 0.14583333333333334 0.0
14 0.5729166666666666 0.0779296875 0.3402777777777778 -0.041015625
14 0.5729166666666666 0.0984375 0.3402777777777778 0.0
14 0.5 0.126171875 0.0 0.05546875
14 0.5 0.2267578125 0.21944444444444444 0.145703125
14 0.6458333333333334 0.2267578125 0.07222222222222222 0.145703125
14 0.5 0.3267578125 0.23472222222222222 0.040234375
5 0.31180555555555556 0.377734375 0.022222222222222223 0.01640625
14 0.3611111111111111 0.377734375 0.05138888888888889 0.02578125
5 0.41041666666666665 0.377734375 0.022222222222222223 0.01640625
14 0.4597222222222222 0.377734375 0.05138888888888889 0.02578125
14 0.5725694444444445 0.377734375 0.14930555555555555 0.02578125
14 0.6729166666666667 0.377734375 0.05138888888888889 0.02578125
5 0.0 0.15390625 0.0 0.0
14 0.0 0.15390625 0.0 0.0
14 0.5 0.4404296875 1.0 0.099609375
14 0.4996527777777778 0.503125 0.32430555555555557 0.02578125
5 0.16597222222222222 0.566796875 0.04861111111111111 0.02734375
14 0.16631944444444444 0.593359375 0.13680555555555557 0.02578125
14 0.16597222222222222 0.6173828125 0.06527777777777778 0.022265625
5 0.3329861111111111 0.591015625 0.0006944444444444445 0.0953125
5 0.49930555555555556 0.566796875 0.04861111111111111 0.02734375
14 0.49930555555555556 0.593359375 0.06388888888888888 0.02578125
14 0.49930555555555556 0.6173828125 0.11666666666666667 0.022265625
5 0.6663194444444445 0.591015625 0.0006944444444444445 0.0953125
5 0.8333333333333334 0.566796875 0.04861111111111111 0.02734375
14 0.8329861111111111 0.593359375 0.11458333333333333 0.02578125
14 0.8329861111111111 0.6173828125 0.10902777777777778 0.022265625
5 0.5 0.6388671875 1.0 0.000390625
5 0.16597222222222222 0.662890625 0.04861111111111111 0.02734375
14 0.16631944444444444 0.689453125 0.15486111111111112 0.02578125
14 0.16597222222222222 0.7134765625 0.11527777777777778 0.022265625
5 0.3329861111111111 0.6869140625 0.0006944444444444445 0.095703125
5 0.49930555555555556 0.662890625 0.04861111111111111 0.02734375
14 0.49930555555555556 0.689453125 0.019444444444444445 0.02578125
14 0.49930555555555556 0.7134765625 0.0375 0.022265625
5 0.6663194444444445 0.6869140625 0.0006944444444444445 0.095703125
5 0.8333333333333334 0.66171875 0.04861111111111111 0.02734375
14 0.8329861111111111 0.6892578125 0.26180555555555557 0.022265625
14 0.8329861111111111 0.7142578125 0.19791666666666666 0.022265625
14 0.0 0.2150390625 0.0 0.233203125
5 0.8024305555555555 0.4267578125 0.07291666666666667 0.041015625
14 0.921875 0.426953125 0.13680555555555557 0.02421875
14 0.6475694444444444 0.3681640625 0.5756944444444444 0.031640625
5 0.5177083333333333 0.462109375 0.12152777777777778 0.07890625
5 0.7767361111111111 0.462109375 0.12152777777777778 0.07890625
14 0.0 0.628515625 0.0 0.2125
5 0.5 0.816796875 1.0 0.109375
5 0.022222222222222223 0.774609375 0.019444444444444445 0.0109375
5 1.0 0.01640625 0.0 0.0328125
14 0.5 0.8693359375 1.0 0.004296875
5 0.16631944444444444 0.8904296875 0.05347222222222222 0.030078125
14 0.16666666666666666 0.9193359375 0.07361111111111111 0.022265625
5 0.4996527777777778 0.8904296875 0.05347222222222222 0.030078125
14 0.5 0.9193359375 0.10694444444444444 0.022265625
5 0.8329861111111111 0.8904296875 0.05347222222222222 0.030078125
14 0.8333333333333334 0.9193359375 0.10555555555555556 0.022265625
5 0.5 0.4671875 1.0 0.934375
5 0.4996527777777778 0.3462890625 0.16180555555555556 0.091015625
5 0.4996527777777778 0.3462890625 0.16180555555555556 0.091015625
14 0.4996527777777778 0.43984375 0.2604166666666667 0.0546875
14 0.5 0.70078125 0.0 0.4671875
5 0.5 0.378125 1.0 0.75625
14 0.5 0.1263671875 1.0 0.211328125
5 0.5 0.3619140625 1.0 0.259765625
14 0.5 0.5884765625 1.0 0.193359375
0 0.5 0.720703125 1.0 0.07109375
5 0.5 0.01640625 1.0 0.0328125
14 0.3503472222222222 0.0546875 0.7006944444444444 0.02578125
14 0.8131944444444444 0.0638671875 0.20972222222222223 0.022265625
14 0.946875 0.0638671875 0.052083333333333336 0.022265625
5 0.30277777777777776 0.8453125 0.14583333333333334 0.08203125
14 0.5815972222222222 0.825 0.3770833333333333 0.0546875
14 0.5583333333333333 0.8720703125 0.33055555555555555 0.041796875
