14 0.052083333333333336 0.17109375 0.07777777777777778 0.02578125
4 0.05243055555555556 0.1388671875 0.08541666666666667 0.058984375
4 0.05243055555555556 0.203515625 0.08541666666666667 0.059375
4 0.05347222222222222 0.642578125 0.058333333333333334 0.0328125
14 0.43819444444444444 0.137890625 0.6666666666666666 0.0296875
14 0.14652777777777778 0.170703125 0.08333333333333333 0.03046875
14 0.225 0.170703125 0.058333333333333334 0.03046875
14 0.31875 0.170703125 0.11388888888888889 0.03046875
14 0.4222222222222222 0.170703125 0.07777777777777778 0.03046875
14 0.5059027777777778 0.170703125 0.07430555555555556 0.03046875
14 0.6024305555555556 0.170703125 0.10347222222222222 0.03046875
14 0.7340277777777777 0.170703125 0.14444444444444443 0.03046875
14 0.5086805555555556 0.3951171875 0.8076388888888889 0.404296875
14 0.8142361111111112 0.6220703125 0.12291666666666666 0.022265625
14 0.7972222222222223 0.6443359375 0.15694444444444444 0.022265625
5 0.9329861111111111 0.6349609375 0.08541666666666667 0.048046875
14 0.5 0.696484375 1.0 0.04765625
14 0.052083333333333336 0.782421875 0.058333333333333334 0.02578125
4 0.05243055555555556 0.7501953125 0.08541666666666667 0.058984375
4 0.05243055555555556 0.81484375 0.08541666666666667 0.059375
14 0.31006944444444445 0.747265625 0.41041666666666665 0.02578125
14 0.7829861111111112 0.7849609375 0.18541666666666667 0.022265625
14 0.7972222222222223 0.8072265625 0.15694444444444444 0.022265625
5 0.9329861111111111 0.7978515625 0.08541666666666667 0.048046875
14 0.052083333333333336 0.906640625 0.058333333333333334 0.02578125
4 0.05243055555555556 0.8744140625 0.08541666666666667 0.058984375
4 0.05243055555555556 0.921875 0.08541666666666667 0.025
14 0.5184027777777778 0.8826171875 0.8270833333333333 0.048046875
14 0.8232638888888889 0.92734375 0.10486111111111111 0.0140625
14 0.7972222222222223 0.9384765625 0.15694444444444444 -0.008203125
5 0.9329861111111111 0.92734375 0.08541666666666667 0.0140625
0 0.8930555555555556 0.87421875 0.1361111111111111 0.0765625
3 0.5 0.952734375 0.9222222222222223 -0.03671875
6 0.0 0.109375 0.0 0.0
14 0.0 0.109375 0.0 0.0
0 0.0 0.109375 0.0 0.0
4 0.06805555555555555 0.07109375 0.1361111111111111 0.0765625
14 0.3326388888888889 0.0708984375 0.3736111111111111 0.036328125
5 0.0 0.123046875 0.0 0.24609375
0 0.0 0.211328125 0.0 0.06953125
