0 0.0 0.0984375 0.0 0.0
0 0.0 0.0984375 0.0 0.0
14 0.5 0.1203125 0.9222222222222223 0.04375
14 0.2826388888888889 0.1865234375 0.4486111111111111 0.033203125
11 0.8125 0.18671875 0.24861111111111112 0.03828125
14 0.21805555555555556 0.2748046875 0.3194444444444444 0.033203125
14 0.2048611111111111 0.3501953125 0.29305555555555557 0.033203125
14 0.11805555555555555 0.3796875 0.11944444444444445 0.02578125
14 0.31145833333333334 0.4513671875 0.50625 0.033203125
1 0.8784722222222222 0.4515625 0.07777777777777778 0.04375
14 0.5 0.51796875 0.9222222222222223 0.04375
14 0.19027777777777777 0.5712890625 0.2638888888888889 0.033203125
14 0.11284722222222222 0.60078125 0.10902777777777778 0.02578125
14 0.20833333333333334 0.6724609375 0.3 0.033203125
1 0.8784722222222222 0.67265625 0.07777777777777778 0.04375
14 0.21597222222222223 0.7607421875 0.31527777777777777 0.033203125
1 0.8784722222222222 0.7609375 0.07777777777777778 0.04375
14 0.19583333333333333 0.8490234375 0.275 0.033203125
1 0.8784722222222222 0.84921875 0.07777777777777778 0.04375
14 0.2222222222222222 0.9275390625 0.3277777777777778 0.013671875
1 0.8784722222222222 0.925 0.07777777777777778 0.01875
0 0.0 0.0984375 0.0 0.0
0 0.0 0.0984375 0.0 0.0
0 0.2548611111111111 0.065625 0.5097222222222222 0.065625
