5 0.5 0.48359375 1.0 0.9015625
5 0.5 0.5478515625 0.6069444444444444 0.068359375
3 0.5 0.626953125 0.6069444444444444 0.06015625
3 0.5 0.701953125 0.6069444444444444 0.06015625
14 0.7572916666666667 0.703515625 0.09236111111111112 0.02421875
14 0.1111111111111111 0.5 0.0 0.0
5 0.1111111111111111 0.5 0.0 0.0
0 0.5 0.78671875 0.6069444444444444 0.0546875
11 0.36180555555555555 0.846875 0.14027777777777778 0.04375
14 0.5701388888888889 0.846875 0.2763888888888889 0.02578125
6 0.1111111111111111 0.5 0.0 0.0
14 0.1111111111111111 0.5 0.0 0.0
14 0.30486111111111114 0.9078125 0.3875 0.053125
14 0.6951388888888889 0.9078125 0.3875 0.053125
5 0.0 0.0328125 0.0 0.0
14 0.0 0.0328125 0.0 0.0
14 0.0 0.0328125 0.0 0.0
