14 0.3329861111111111 0.0708984375 0.3159722222222222 0.036328125
4 0.06805555555555555 0.07109375 0.1361111111111111 0.0765625
14 0.5 0.1439453125 0.9222222222222223 0.027734375
3 0.453125 0.1890625 0.8284722222222223 0.05703125
4 0.9204861111111111 0.1890625 0.08125 0.05703125
14 0.0 0.109375 0.0 0.0
3 0.0 0.109375 0.0 0.0
11 0.0 0.109375 0.0 0.0
14 0.0 0.109375 0.0 0.0
3 0.0 0.109375 0.0 0.0
4 0.0 0.109375 0.0 0.0
14 0.0 0.109375 0.0 0.0
0 0.5 0.277734375 0.9222222222222223 0.065625
6 0.0 0.109375 0.0 0.0
14 0.0 0.109375 0.0 0.0
14 0.5 0.3478515625 0.9222222222222223 0.027734375
3 0.5 0.39296875 0.9222222222222223 0.05703125
4 0.0 0.109375 0.0 0.0
7 0.0 0.109375 0.0 0.0
7 0.0 0.109375 0.0 0.0
0 0.5 0.4953125 0.9222222222222223 0.065625
0 0.5 0.62421875 0.9222222222222223 0.065625
0 0.5 0.70625 0.9222222222222223 0.065625
