4 0.06805555555555555 0.07109375 0.1361111111111111 0.0765625
14 0.26666666666666666 0.07109375 0.2611111111111111 0.03671875
14 0.4996527777777778 0.4484375 0.46041666666666664 0.03828125
14 0.5 0.528125 0.7277777777777777 0.06640625
5 0.4392361111111111 0.7986328125 0.024305555555555556 0.013671875
5 0.4878472222222222 0.7986328125 0.024305555555555556 0.013671875
5 0.5364583333333334 0.7986328125 0.024305555555555556 0.013671875
0 0.2635416666666667 0.878125 0.4534722222222222 0.07109375
0 0.7364583333333333 0.878125 0.4534722222222222 0.07109375
14 0.4388888888888889 0.07109375 0.8777777777777778 0.0765625
14 0.2638888888888889 0.1447265625 0.21666666666666667 0.027734375
14 0.33958333333333335 0.2173828125 0.3680555555555556 0.027734375
14 0.3326388888888889 0.2900390625 0.3541666666666667 0.027734375
14 0.2611111111111111 0.3626953125 0.2111111111111111 0.027734375
14 0.2534722222222222 0.4353515625 0.19583333333333333 0.027734375
14 0.2232638888888889 0.5080078125 0.13541666666666666 0.027734375
14 0.2986111111111111 0.5806640625 0.2861111111111111 0.027734375
14 0.2375 0.8689453125 0.13472222222222222 0.027734375
14 0.42604166666666665 0.8689453125 0.10625 0.027734375
14 0.3704861111111111 0.894921875 0.40069444444444446 0.02421875
