5 0.07256944444444445 0.123828125 0.10208333333333333 0.0328125
14 0.5729166666666666 0.123828125 0.8541666666666666 0.05078125
14 0.5 0.4681640625 0.9222222222222223 0.110546875
14 0.24340277777777777 0.536328125 0.40902777777777777 0.02578125
5 0.0 0.14921875 0.0 0.0
5 0.0 0.14921875 0.0 0.0
14 0.6361111111111111 0.620703125 0.65 0.05546875
14 0.515625 0.661328125 0.40902777777777777 0.02578125
5 0.0 0.57109375 0.0 0.0
5 0.0 0.57109375 0.0 0.0
5 0.0 0.57109375 0.0 0.0
14 0.609375 0.762890625 0.5965277777777778 0.05546875
14 0.515625 0.803515625 0.40902777777777777 0.02578125
5 0.0 0.71328125 0.0 0.0
5 0.0 0.71328125 0.0 0.0
5 0.0 0.71328125 0.0 0.0
5 0.15555555555555556 0.8853515625 0.07777777777777778 -0.038671875
14 0.6361111111111111 0.8716796875 0.65 -0.011328125
14 0.515625 0.8994140625 0.40902777777777777 -0.066796875
5 0.0 0.85546875 0.0 0.0
5 0.0 0.85546875 0.0 0.0
5 0.0 0.85546875 0.0 0.0
6 0.0 0.14921875 0.0 0.0
6 0.0 0.14921875 0.0 0.0
6 1.0 0.14921875 0.0 0.0
14 0.0 0.0984375 0.0 0.0
6 0.5 0.51640625 0.11666666666666667 0.065625
5 0.0 0.0998046875 0.0 0.002734375
5 0.0 0.139453125 0.0 0.0765625
5 0.0 0.45546875 0.0 0.021875
5 0.0 0.72109375 0.0 0.021875
5 0.0 0.7875 0.0 0.021875
5 0.06805555555555555 0.065625 0.1361111111111111 0.065625
5 0.9416666666666667 0.065625 0.11666666666666667 0.065625
5 0.5 0.0654296875 0.47638888888888886 0.035546875
