14 0.5 0.0669921875 0.44305555555555554 0.027734375
5 0.07291666666666667 0.066796875 0.04722222222222222 0.02734375
5 0.0 0.101171875 0.0 0.0
14 0.0 0.101171875 0.0 0.0
14 0.0 0.101171875 0.0 0.0
14 0.08576388888888889 0.1177734375 0.07430555555555556 0.033203125
3 0.5 0.1552734375 0.9027777777777778 0.041796875
14 0.11388888888888889 0.1927734375 0.13055555555555556 0.033203125
3 0.5 0.2302734375 0.9027777777777778 0.041796875
0 0.5 0.309375 0.9027777777777778 0.06171875
14 0.4996527777777778 0.3638671875 0.3145833333333333 0.022265625
14 0.4996527777777778 0.3986328125 0.30486111111111114 0.022265625
0 0.5 0.4515625 0.9027777777777778 0.06171875
5 0.5 0.1015625 1.0 0.00078125
