5 0.09722222222222222 0.1421875 0.07777777777777778 0.04375
14 0.221875 0.1421875 0.1326388888888889 0.0296875
5 0.09722222222222222 0.2078125 0.07777777777777778 0.04375
14 0.23055555555555557 0.2078125 0.15 0.0296875
5 0.09722222222222222 0.2734375 0.07777777777777778 0.04375
14 0.28506944444444443 0.2734375 0.2590277777777778 0.0296875
5 0.0875 0.3390625 0.058333333333333334 0.0328125
14 0.31493055555555555 0.3390625 0.3576388888888889 0.0296875
0 0.0 0.109375 0.0 0.0
0 0.0 0.109375 0.0 0.0
14 0.23576388888888888 0.0708984375 0.1798611111111111 0.036328125
4 0.06805555555555555 0.07109375 0.1361111111111111 0.0765625
