14 0.23680555555555555 0.0708984375 0.18194444444444444 0.036328125
4 0.06805555555555555 0.07109375 0.1361111111111111 0.0765625
14 0.18506944444444445 0.13671875 0.27569444444444446 0.02578125
14 0.5857638888888889 0.13671875 0.33125 0.02578125
14 0.8954861111111111 0.13671875 0.09375 0.02578125
5 0.08541666666666667 0.8439453125 0.14583333333333334 0.030078125
5 0.0 0.1640625 0.0 0.0
5 0.0 0.1640625 0.0 0.0
5 0.0 0.1640625 0.0 0.0
5 0.0 0.1640625 0.0 0.0
5 0.5 0.5150390625 1.0 0.701953125
5 0.6461805555555555 0.2197265625 0.7076388888888889 0.064453125
0 0.11180555555555556 0.78671875 0.1361111111111111 0.0765625
0 0.8881944444444444 0.78671875 0.1361111111111111 0.0765625
0 0.8881944444444444 0.6828125 0.1361111111111111 0.0765625
5 0.0 0.0328125 0.0 0.0
14 0.0 0.0328125 0.0 0.0
14 0.0 0.0328125 0.0 0.0
14 0.0 0.0328125 0.0 0.0
9 0.0 0.0328125 0.0 0.0
14 0.0 0.0328125 0.0 0.0
5 0.0 0.0328125 0.0 0.0
5 0.0 0.0328125 0.0 0.0
5 0.0 0.0328125 0.0 0.0
