0 0.0798611111111111 0.0623046875 0.13472222222222222 0.041015625
14 0.4996527777777778 0.0623046875 0.18263888888888888 0.033203125
10 0.9510416666666667 0.0623046875 0.07291666666666667 0.041015625
14 0.4996527777777778 0.1095703125 0.46597222222222223 0.020703125
14 0.38229166666666664 0.1302734375 0.07152777777777777 0.020703125
14 0.4638888888888889 0.1302734375 0.09166666666666666 0.020703125
14 0.58125 0.1302734375 0.14305555555555555 0.020703125
14 0.075 0.1646484375 0.15 0.020703125
14 0.45 0.1646484375 0.6 0.020703125
14 0.875 0.1646484375 0.25 0.020703125
14 0.019791666666666666 0.2060546875 0.03958333333333333 0.062109375
5 0.16944444444444445 0.1955078125 0.03888888888888889 0.015234375
14 0.2920138888888889 0.1955078125 0.18125 0.020703125
5 0.16944444444444445 0.2162109375 0.03888888888888889 0.015234375
14 0.2704861111111111 0.2162109375 0.13819444444444445 0.020703125
14 0.8472222222222222 0.205859375 0.19444444444444445 0.02109375
14 0.019791666666666666 0.2689453125 0.03958333333333333 0.062109375
5 0.16944444444444445 0.2583984375 0.03888888888888889 0.015234375
14 0.2642361111111111 0.2583984375 0.12569444444444444 0.020703125
5 0.16944444444444445 0.2791015625 0.03888888888888889 0.015234375
14 0.2701388888888889 0.2791015625 0.1375 0.020703125
14 0.8472222222222222 0.26875 0.19444444444444445 0.02109375
14 0.028125 0.3318359375 0.05625 0.062109375
5 0.16944444444444445 0.3212890625 0.03888888888888889 0.015234375
14 0.3267361111111111 0.3212890625 0.25069444444444444 0.020703125
5 0.16944444444444445 0.3419921875 0.03888888888888889 0.015234375
14 0.3451388888888889 0.3419921875 0.2875 0.020703125
14 0.8472222222222222 0.331640625 0.19444444444444445 0.02109375
14 0.028125 0.3947265625 0.05625 0.062109375
5 0.16944444444444445 0.3841796875 0.03888888888888889 0.015234375
14 0.28923611111111114 0.3841796875 0.17569444444444443 0.020703125
5 0.16944444444444445 0.4048828125 0.03888888888888889 0.015234375
14 0.3211805555555556 0.4048828125 0.23958333333333334 0.020703125
14 0.8472222222222222 0.39453125 0.19444444444444445 0.02109375
14 0.028125 0.4576171875 0.05625 0.062109375
5 0.16944444444444445 0.4470703125 0.03888888888888889 0.015234375
14 0.29375 0.4470703125 0.18472222222222223 0.020703125
5 0.16944444444444445 0.4677734375 0.03888888888888889 0.015234375
14 0.2659722222222222 0.4677734375 0.12916666666666668 0.020703125
14 0.8472222222222222 0.457421875 0.19444444444444445 0.02109375
14 0.028125 0.5205078125 0.05625 0.062109375
5 0.16944444444444445 0.5099609375 0.03888888888888889 0.015234375
14 0.33993055555555557 0.5099609375 0.27708333333333335 0.020703125
5 0.16944444444444445 0.5306640625 0.03888888888888889 0.015234375
14 0.28923611111111114 0.5306640625 0.17569444444444443 0.020703125
14 0.8472222222222222 0.5203125 0.19444444444444445 0.02109375
14 0.028125 0.5833984375 0.05625 0.062109375
5 0.16944444444444445 0.5728515625 0.03888888888888889 0.015234375
14 0.25590277777777776 0.5728515625 0.10902777777777778 0.020703125
5 0.16944444444444445 0.5935546875 0.03888888888888889 0.015234375
14 0.30243055555555554 0.5935546875 0.20208333333333334 0.020703125
14 0.8472222222222222 0.583203125 0.19444444444444445 0.02109375
14 0.028125 0.6462890625 0.05625 0.062109375
5 0.16944444444444445 0.6357421875 0.03888888888888889 0.015234375
14 0.265625 0.6357421875 0.1284722222222222 0.020703125
5 0.16944444444444445 0.6564453125 0.03888888888888889 0.015234375
14 0.3090277777777778 0.6564453125 0.2152777777777778 0.020703125
14 0.8472222222222222 0.64609375 0.19444444444444445 0.02109375
14 0.019791666666666666 0.7091796875 0.03958333333333333 0.062109375
5 0.16944444444444445 0.6986328125 0.03888888888888889 0.015234375
14 0.2954861111111111 0.6986328125 0.18819444444444444 0.020703125
5 0.16944444444444445 0.7193359375 0.03888888888888889 0.015234375
14 0.3173611111111111 0.7193359375 0.23194444444444445 0.020703125
14 0.8472222222222222 0.708984375 0.19444444444444445 0.02109375
14 0.03576388888888889 0.7720703125 0.07152777777777777 0.062109375
5 0.16944444444444445 0.7615234375 0.03888888888888889 0.015234375
14 0.33368055555555554 0.7615234375 0.26458333333333334 0.020703125
5 0.16944444444444445 0.7822265625 0.03888888888888889 0.015234375
14 0.2795138888888889 0.7822265625 0.15625 0.020703125
14 0.8472222222222222 0.771875 0.19444444444444445 0.02109375
14 0.03576388888888889 0.8349609375 0.07152777777777777 0.062109375
5 0.16944444444444445 0.8244140625 0.03888888888888889 0.015234375
14 0.2916666666666667 0.8244140625 0.18055555555555555 0.020703125
5 0.16944444444444445 0.8451171875 0.03888888888888889 0.015234375
14 0.31631944444444443 0.8451171875 0.2298611111111111 0.020703125
14 0.8472222222222222 0.834765625 0.19444444444444445 0.02109375
14 0.027430555555555555 0.891015625 0.05486111111111111 0.0484375
5 0.16944444444444445 0.8873046875 0.03888888888888889 0.015234375
14 0.28923611111111114 0.8873046875 0.17569444444444443 0.020703125
5 0.16944444444444445 0.9078125 0.03888888888888889 0.01484375
14 0.28541666666666665 0.9064453125 0.16805555555555557 0.017578125
14 0.8472222222222222 0.89765625 0.19444444444444445 0.02109375
