14 0.25590277777777776 0.07109375 0.16180555555555556 0.034375
4 0.06805555555555555 0.07109375 0.1361111111111111 0.0765625
6 0.5 0.521875 0.11666666666666667 0.065625
5 0.25 0.24140625 0.5 0.2640625
5 0.05486111111111111 0.06328125 0.10972222222222222 -0.0921875
5 0.75 0.24140625 0.5 0.2640625
5 0.5548611111111111 0.06328125 0.10972222222222222 -0.0921875
5 0.25 0.582421875 0.5 0.41796875
5 0.05486111111111111 0.404296875 0.10972222222222222 0.06171875
5 0.75 0.582421875 0.5 0.41796875
5 0.5548611111111111 0.404296875 0.10972222222222222 0.06171875
5 0.25 0.8287109375 0.5 0.074609375
5 0.05486111111111111 0.822265625 0.10972222222222222 0.06171875
5 0.75 0.8287109375 0.5 0.074609375
5 0.5548611111111111 0.822265625 0.10972222222222222 0.06171875
5 0.06458333333333334 0.9248046875 0.041666666666666664 0.019140625
