14 0.20347222222222222 0.14609375 0.32916666666666666 0.0296875
14 0.44166666666666665 0.1849609375 0.8055555555555556 0.048046875
1 0.9222222222222223 0.169921875 0.07777777777777778 0.04375
14 0.5 0.25625 1.0 0.04765625
14 0.11493055555555555 0.3064453125 0.15208333333333332 0.033203125
14 0.19409722222222223 0.6095703125 0.2326388888888889 0.033203125
14 0.13854166666666667 0.6390625 0.12152777777777778 0.02578125
9 0.5704861111111111 0.6384765625 0.7423611111111111 0.024609375
14 0.27361111111111114 0.6986328125 0.39166666666666666 0.033203125
14 0.13854166666666667 0.728125 0.12152777777777778 0.02578125
9 0.5704861111111111 0.7275390625 0.7423611111111111 0.024609375
14 0.2590277777777778 0.7876953125 0.3625 0.033203125
14 0.13854166666666667 0.8171875 0.12152777777777778 0.02578125
9 0.5704861111111111 0.8166015625 0.7423611111111111 0.024609375
14 0.5 0.869921875 1.0 0.04765625
14 0.11493055555555555 0.9189453125 0.15208333333333332 0.030859375
0 0.0 0.109375 0.0 0.0
0 0.0 0.109375 0.0 0.0
0 0.0 0.109375 0.0 0.0
0 0.0 0.109375 0.0 0.0
4 0.06805555555555555 0.07109375 0.1361111111111111 0.0765625
14 0.284375 0.0708984375 0.27708333333333335 0.036328125
