5 0.06597222222222222 0.07109375 0.10694444444444444 0.06015625
4 0.7861111111111111 0.07109375 0.1361111111111111 0.0765625
14 0.42465277777777777 0.07109375 0.5618055555555556 0.06015625
14 0.4270833333333333 0.13046875 0.8541666666666666 0.0421875
5 0.05520833333333333 0.1853515625 0.08125 0.045703125
14 0.4798611111111111 0.18515625 0.7194444444444444 0.0296875
5 0.05520833333333333 0.2537109375 0.08125 0.045703125
14 0.4798611111111111 0.253515625 0.7194444444444444 0.0296875
5 0.05520833333333333 0.3220703125 0.08125 0.045703125
14 0.4798611111111111 0.321875 0.7194444444444444 0.0296875
5 0.05520833333333333 0.3904296875 0.08125 0.045703125
14 0.4798611111111111 0.390234375 0.7194444444444444 0.0296875
5 0.05520833333333333 0.4587890625 0.08125 0.045703125
14 0.4798611111111111 0.45859375 0.7194444444444444 0.0296875
14 0.4270833333333333 0.514453125 0.8541666666666666 0.0421875
5 0.05520833333333333 0.5693359375 0.08125 0.045703125
14 0.4798611111111111 0.569140625 0.7194444444444444 0.0296875
5 0.05520833333333333 0.6376953125 0.08125 0.045703125
14 0.4798611111111111 0.6375 0.7194444444444444 0.0296875
5 0.05520833333333333 0.7060546875 0.08125 0.045703125
14 0.4798611111111111 0.705859375 0.7194444444444444 0.0296875
5 0.05520833333333333 0.7744140625 0.08125 0.045703125
14 0.4798611111111111 0.77421875 0.7194444444444444 0.0296875
5 0.05520833333333333 0.8427734375 0.08125 0.045703125
14 0.4798611111111111 0.842578125 0.7194444444444444 0.0296875
5 0.05520833333333333 0.9111328125 0.08125 0.045703125
14 0.4798611111111111 0.9109375 0.7194444444444444 0.0296875
5 0.30069444444444443 0.0677734375 0.2513888888888889 0.030859375
4 0.06805555555555555 0.07109375 0.1361111111111111 0.0765625
4 0.9319444444444445 0.07109375 0.1361111111111111 0.0765625
14 0.8347222222222223 0.059375 0.0 0.02578125
14 0.5 0.4533203125 0.9513888888888888 0.083984375
5 0.0 0.109375 0.0 0.0
14 0.0 0.109375 0.0 0.0
14 0.0 0.109375 0.0 0.0
5 0.5 0.2802734375 1.0 0.341796875
14 0.5 0.2966796875 1.0 0.374609375
14 0.0 0.109375 0.0 0.0
14 0.0 0.109375 0.0 0.0
14 0.0 0.109375 0.0 0.0
14 0.0 0.109375 0.0 0.0
5 0.0 0.109375 0.0 0.0
14 0.05277777777777778 0.43828125 0.027777777777777776 0.02578125
14 0.11284722222222222 0.43828125 0.09236111111111112 0.02578125
14 0.5 0.4859375 1.0 0.06953125
5 0.0 0.5265625 0.0 0.0
14 0.0 0.5265625 0.0 0.0
14 0.0 0.5265625 0.0 0.0
5 0.5 0.6974609375 1.0 0.341796875
14 0.5 0.6974609375 1.0 0.341796875
14 0.0 0.5265625 0.0 0.0
14 0.0 0.5265625 0.0 0.0
14 0.0 0.5265625 0.0 0.0
14 0.0 0.5265625 0.0 0.0
5 0.0 0.5265625 0.0 0.0
14 0.05277777777777778 0.85546875 0.027777777777777776 0.02578125
14 0.11284722222222222 0.85546875 0.09236111111111112 0.02578125
14 0.5 0.9013671875 1.0 0.066015625
6 0.5 0.521875 0.11666666666666667 0.065625
5 1.0 0.3123046875 0.0 0.405859375
14 1.0 0.8216796875 0.0 0.043359375
5 0.5 0.4193359375 1.0 0.619921875
14 0.033680555555555554 0.680859375 0.04236111111111111 0.02578125
5 0.07291666666666667 0.734765625 0.14583333333333334 0.08203125
14 0.4548611111111111 0.7345703125 0.6180555555555556 0.033203125
14 0.4548611111111111 0.734765625 0.6180555555555556 0.0296875
14 0.40034722222222224 0.734765625 0.5090277777777777 0.03046875
14 0.8819444444444444 0.734765625 0.2111111111111111 0.053125
5 0.9642361111111111 0.800390625 0.07152777777777777 0.021875
5 0.9170138888888889 0.800390625 0.022916666666666665 0.021875
5 0.8940972222222222 0.800390625 0.022916666666666665 0.021875
14 0.03819444444444445 0.8005859375 0.0763888888888889 0.049609375
14 0.23506944444444444 0.8005859375 0.3173611111111111 0.049609375
14 0.5 0.8798828125 1.0 0.108984375
14 0.0 0.66796875 0.0 0.0
5 0.0 0.66796875 0.0 0.0
14 0.0 0.66796875 0.0 0.0
5 0.0 0.66796875 0.0 0.0
14 0.0 0.66796875 0.0 0.0
5 0.0 0.66796875 0.0 0.0
14 0.0 0.66796875 0.0 0.0
0 0.0 0.66796875 0.0 0.0
14 0.0 0.66796875 0.0 0.0
14 0.0 0.66796875 0.0 0.0
14 0.0 0.66796875 0.0 0.0
6 0.5 0.521875 0.11666666666666667 0.065625
14 0.16215277777777778 0.1345703125 0.32430555555555557 0.050390625
14 0.5 0.5470703125 1.0 0.774609375
6 0.5 0.521875 0.11666666666666667 0.065625
14 0.4027777777777778 0.211328125 0.7666666666666667 0.03671875
14 0.8833333333333333 0.134765625 0.19444444444444445 0.03671875
5 0.0 0.16015625 0.0 0.0
14 0.0 0.16015625 0.0 0.0
14 0.0 0.16015625 0.0 0.0
5 0.5 0.3310546875 1.0 0.341796875
14 0.5 0.3310546875 1.0 0.341796875
14 0.35555555555555557 0.4580078125 0.3416666666666667 0.036328125
14 0.234375 0.4890625 0.09930555555555555 0.02578125
14 0.3013888888888889 0.4890625 0.034722222222222224 0.02578125
14 0.4798611111111111 0.4890625 0.32222222222222224 0.02578125
5 0.09236111111111112 0.4609375 0.14583333333333334 0.08203125
14 0.0 0.16015625 0.0 0.0
14 0.0 0.16015625 0.0 0.0
14 0.5 0.53671875 1.0 0.06953125
5 0.0 0.57734375 0.0 0.0
14 0.0 0.57734375 0.0 0.0
14 0.0 0.57734375 0.0 0.0
5 0.5 0.7482421875 1.0 0.341796875
14 0.5 0.7482421875 1.0 0.341796875
14 0.35555555555555557 0.8751953125 0.3416666666666667 0.036328125
14 0.234375 0.90625 0.09930555555555555 0.02578125
14 0.3013888888888889 0.90625 0.034722222222222224 0.02578125
14 0.4798611111111111 0.90625 0.32222222222222224 0.02578125
5 0.09236111111111112 0.878125 0.14583333333333334 0.08203125
14 0.0 0.57734375 0.0 0.0
14 0.0 0.57734375 0.0 0.0
14 0.5 0.9267578125 1.0 0.015234375
14 0.0 0.0328125 0.0 0.0
14 0.0 0.0328125 0.0 0.0
5 0.0 0.0328125 0.0 0.0
14 0.0 0.0328125 0.0 0.0
6 0.0 0.0328125 0.0 0.0
14 0.5 0.3513671875 0.9513888888888888 0.075390625
14 0.0 0.0328125 0.0 0.0
14 0.0 0.0328125 0.0 0.0
