14 0.5395833333333333 0.063671875 0.1361111111111111 0.06171875
5 0.6625 0.063671875 0.10972222222222222 0.06171875
14 0.7854166666666667 0.063671875 0.1361111111111111 0.06171875
5 0.9083333333333333 0.063671875 0.10972222222222222 0.06171875
5 0.03888888888888889 0.11796875 0.0 0.0
14 0.49930555555555556 0.164453125 0.23194444444444445 0.04765625
14 0.4486111111111111 0.215625 0.15138888888888888 0.04375
5 0.5777777777777777 0.215625 0.09722222222222222 0.0546875
5 0.18888888888888888 0.4109375 0.058333333333333334 0.0328125
5 0.2569444444444444 0.4109375 0.058333333333333334 0.0328125
5 0.325 0.4109375 0.058333333333333334 0.0328125
14 0.4027777777777778 0.462890625 0.6888888888888889 0.02578125
14 0.4027777777777778 0.4869140625 0.6888888888888889 0.022265625
5 0.6354166666666666 0.432421875 0.32083333333333336 0.1203125
5 0.8541666666666666 0.46328125 0.041666666666666664 0.0234375
5 0.9319444444444445 0.46328125 0.041666666666666664 0.0234375
5 0.9319444444444445 0.5171875 0.041666666666666664 0.0234375
5 0.9319444444444445 0.57109375 0.041666666666666664 0.0234375
5 0.06805555555555555 0.706640625 0.041666666666666664 0.0234375
5 0.14583333333333334 0.706640625 0.041666666666666664 0.0234375
5 0.06805555555555555 0.760546875 0.041666666666666664 0.0234375
5 0.06805555555555555 0.814453125 0.041666666666666664 0.0234375
5 0.675 0.654296875 0.058333333333333334 0.0328125
5 0.7430555555555556 0.654296875 0.058333333333333334 0.0328125
5 0.8111111111111111 0.654296875 0.058333333333333334 0.0328125
14 0.5972222222222222 0.70625 0.6888888888888889 0.02578125
14 0.5972222222222222 0.7302734375 0.6888888888888889 0.022265625
5 0.3645833333333333 0.67578125 0.32083333333333336 0.1203125
5 0.18888888888888888 0.86953125 0.058333333333333334 -0.0234375
5 0.2569444444444444 0.86953125 0.058333333333333334 -0.0234375
5 0.325 0.86953125 0.058333333333333334 -0.0234375
14 0.4027777777777778 0.897265625 0.6888888888888889 -0.07890625
14 0.4027777777777778 0.91015625 0.6888888888888889 -0.1046875
5 0.6354166666666666 0.8583984375 0.32083333333333336 -0.001171875
5 0.8541666666666666 0.898046875 0.041666666666666664 -0.08046875
5 0.9319444444444445 0.898046875 0.041666666666666664 -0.08046875
5 0.9319444444444445 0.925 0.041666666666666664 -0.134375
14 0.5260416666666666 0.0837890625 0.9229166666666667 0.060546875
5 0.9076388888888889 0.04375 0.07777777777777778 0.021875
14 0.6333333333333333 0.1455078125 0.7083333333333334 0.060546875
5 0.6645833333333333 0.10546875 0.07777777777777778 0.021875
5 0.5 0.855078125 1.0 0.00546875
5 0.08194444444444444 0.88515625 0.058333333333333334 0.0546875
14 0.08194444444444444 0.9296875 0.0 0.0
5 0.2611111111111111 0.88515625 0.058333333333333334 0.0546875
14 0.2611111111111111 0.9296875 0.0 0.0
5 0.5 0.8783203125 0.058333333333333334 0.041015625
14 0.5 0.9173828125 0.15 0.033984375
5 0.7388888888888889 0.88515625 0.058333333333333334 0.0546875
14 0.7388888888888889 0.9296875 0.0 0.0
5 0.9180555555555555 0.88515625 0.058333333333333334 0.0546875
14 0.9180555555555555 0.9296875 0.0 0.0
