14 0.2638888888888889 0.0708984375 0.17777777777777778 0.036328125
4 0.06805555555555555 0.07109375 0.1361111111111111 0.0765625
14 0.25 0.14765625 0.11805555555555555 0.02578125
14 0.7496527777777777 0.14765625 0.17430555555555555 0.02578125
5 0.15868055555555555 0.2640625 0.2590277777777778 0.13359375
14 0.15868055555555555 0.3501953125 0.29791666666666666 0.027734375
14 0.6392361111111111 0.226953125 0.6631944444444444 0.0703125
14 0.6392361111111111 0.2873046875 0.6631944444444444 0.047265625
14 0.6392361111111111 0.334765625 0.6631944444444444 0.04765625
5 0.1684027777777778 0.54140625 0.27847222222222223 0.27578125
14 0.1684027777777778 0.718359375 0.3173611111111111 0.02734375
5 0.1684027777777778 0.8173828125 0.27847222222222223 0.131640625
14 0.1684027777777778 0.90234375 0.3173611111111111 0.02734375
5 0.4996527777777778 0.4494140625 0.27847222222222223 0.131640625
14 0.4996527777777778 0.534375 0.3173611111111111 0.02734375
5 0.4996527777777778 0.6333984375 0.27847222222222223 0.131640625
14 0.4996527777777778 0.718359375 0.3173611111111111 0.02734375
5 0.4996527777777778 0.8173828125 0.27847222222222223 0.131640625
14 0.4996527777777778 0.90234375 0.3173611111111111 0.02734375
5 0.8309027777777778 0.4494140625 0.27847222222222223 0.131640625
14 0.8309027777777778 0.534375 0.3173611111111111 0.02734375
5 0.8309027777777778 0.725390625 0.27847222222222223 0.27578125
14 0.8309027777777778 0.90234375 0.3173611111111111 0.02734375
5 0.15868055555555555 0.9349609375 0.2590277777777778 -0.001171875
14 0.6392361111111111 0.9322265625 0.6631944444444444 0.004296875
5 0.9722222222222222 0.9322265625 0.03611111111111111 0.004296875
5 0.85 0.286328125 0.08055555555555556 0.0453125
5 0.0 0.188671875 0.0 0.0
14 0.4597222222222222 0.2248046875 0.8805555555555555 0.071484375
5 0.95 0.225 0.06111111111111111 0.034375
14 0.0 0.261328125 0.0 0.0
5 0.0 0.268359375 0.0 0.0
14 0.4597222222222222 0.3044921875 0.8805555555555555 0.071484375
5 0.95 0.3046875 0.06111111111111111 0.034375
14 0.5097222222222222 0.3576171875 0.9805555555555555 0.033203125
14 0.5097222222222222 0.4064453125 0.9805555555555555 0.064453125
5 0.06944444444444445 0.472265625 0.06111111111111111 0.034375
5 0.019444444444444445 0.438671875 0.0 0.0
5 0.75 0.472265625 0.06111111111111111 0.034375
5 0.85 0.472265625 0.06111111111111111 0.034375
5 0.95 0.472265625 0.06111111111111111 0.034375
14 0.0 0.341015625 0.0 0.0
5 0.0 0.507421875 0.0 0.0
14 0.4597222222222222 0.5435546875 0.8805555555555555 0.071484375
5 0.95 0.54375 0.06111111111111111 0.034375
14 0.0 0.580078125 0.0 0.0
5 0.0 0.587109375 0.0 0.0
14 0.4597222222222222 0.6232421875 0.8805555555555555 0.071484375
5 0.95 0.6234375 0.06111111111111111 0.034375
14 0.0 0.659765625 0.0 0.0
5 0.0 0.666796875 0.0 0.0
14 0.4597222222222222 0.7029296875 0.8805555555555555 0.071484375
5 0.95 0.703125 0.06111111111111111 0.034375
14 0.0 0.739453125 0.0 0.0
5 0.0 0.746484375 0.0 0.0
14 0.4597222222222222 0.7826171875 0.8805555555555555 0.071484375
5 0.95 0.7828125 0.06111111111111111 0.034375
14 0.0 0.819140625 0.0 0.0
5 0.0 0.826171875 0.0 0.0
14 0.4597222222222222 0.8623046875 0.8805555555555555 0.071484375
5 0.95 0.8625 0.06111111111111111 0.034375
14 0.0 0.898828125 0.0 0.0
5 0.0 0.905859375 0.0 0.0
14 0.4597222222222222 0.9203125 0.8805555555555555 0.028125
5 0.95 0.9296875 0.06111111111111111 0.009375
14 0.0 0.9564453125 0.0 -0.044140625
6 0.5 0.56015625 0.11666666666666667 0.065625
5 0.21875 0.7931640625 0.4375 0.282421875
14 1.0 0.601171875 0.0 0.1109375
0 0.8930555555555556 0.87421875 0.1361111111111111 0.0765625
5 0.4996527777777778 0.4833984375 0.6493055555555556 0.116796875
6 0.5 0.78671875 0.9222222222222223 0.021875
