14 0.4996527777777778 0.14375 0.5604166666666667 0.221875
5 0.5 0.4396484375 1.0 0.369921875
14 0.5 0.7357421875 1.0 0.222265625
14 0.5 0.890625 1.0 0.0875
5 1.0 0.4396484375 0.0 0.369921875
14 1.0 0.7357421875 0.0 0.222265625
14 1.0 0.890625 0.0 0.0875
14 0.5 0.8470703125 1.0 0.000390625
5 0.421875 0.8908203125 0.03125 0.023046875
5 0.453125 0.8908203125 0.03125 0.023046875
5 0.484375 0.8908203125 0.03125 0.023046875
5 0.515625 0.8908203125 0.03125 0.023046875
5 0.546875 0.8908203125 0.03125 0.023046875
5 0.578125 0.8908203125 0.03125 0.023046875
0 0.14097222222222222 0.8908203125 0.24305555555555555 0.087109375
4 0.8590277777777777 0.8908203125 0.24305555555555555 0.087109375
