5 0.06770833333333333 0.0681640625 0.10208333333333333 0.057421875
14 0.5 0.068359375 0.4861111111111111 0.03515625
5 0.0 0.0328125 0.0 0.0
5 0.5 0.2078125 0.24305555555555555 0.13671875
5 0.590625 0.156640625 0.04375 0.0234375
14 0.4642361111111111 0.302734375 0.1840277777777778 0.02578125
14 0.5958333333333333 0.3025390625 0.06388888888888888 0.019921875
14 0.4996527777777778 0.3490234375 0.23402777777777778 0.066796875
5 0.25555555555555554 0.4357421875 0.14583333333333334 0.051953125
14 0.25590277777777776 0.48828125 0.46319444444444446 0.02578125
5 0.7440972222222222 0.433984375 0.09513888888888888 0.0453125
14 0.7440972222222222 0.488671875 0.46319444444444446 0.02578125
5 0.25555555555555554 0.578125 0.11666666666666667 0.04375
14 0.25590277777777776 0.63203125 0.46319444444444446 0.02578125
5 0.7440972222222222 0.5775390625 0.14375 0.048046875
14 0.7440972222222222 0.632421875 0.46319444444444446 0.02578125
14 0.5 0.715234375 1.0 0.0359375
5 0.07916666666666666 0.778515625 0.10972222222222222 0.06171875
14 0.2972222222222222 0.762109375 0.3263888888888889 0.0296875
14 0.5670138888888889 0.7990234375 0.8659722222222223 0.022265625
5 0.07916666666666666 0.8521484375 0.10972222222222222 0.027734375
14 0.26944444444444443 0.851953125 0.2708333333333333 0.028125
14 0.5670138888888889 0.872265625 0.8659722222222223 -0.0125
5 0.07916666666666666 0.8974609375 0.10972222222222222 -0.062890625
14 0.2701388888888889 0.897265625 0.2722222222222222 -0.0625
14 0.5670138888888889 0.917578125 0.8659722222222223 -0.103125
14 0.5 0.9001953125 0.975 0.046484375
