4 0.06805555555555555 0.07109375 0.1361111111111111 0.0765625
14 0.2847222222222222 0.0708984375 0.21944444444444444 0.036328125
5 0.5 0.521875 1.0 0.825
14 0.17847222222222223 0.1623046875 0.2388888888888889 0.068359375
14 0.6045138888888889 0.1623046875 0.5159722222222223 0.068359375
5 0.9263888888888889 0.1630859375 0.030555555555555555 0.015234375
3 0.5003472222222223 0.2564453125 0.93125 0.068359375
3 0.43680555555555556 0.1435546875 0.8736111111111111 0.068359375
4 0.9368055555555556 0.1435546875 0.12638888888888888 0.068359375
14 0.5 0.212890625 0.9263888888888889 0.02578125
14 0.5 0.2796875 0.9263888888888889 0.02578125
14 0.5 0.346484375 0.9263888888888889 0.02578125
14 0.5 0.41328125 0.9263888888888889 0.02578125
14 0.5 0.480078125 0.9263888888888889 0.02578125
14 0.5 0.546875 0.9263888888888889 0.02578125
14 0.5 0.613671875 0.9263888888888889 0.02578125
14 0.5 0.68046875 0.9263888888888889 0.02578125
14 0.5 0.747265625 0.9263888888888889 0.02578125
14 0.5 0.8140625 0.9263888888888889 0.02578125
14 0.5 0.880859375 0.9263888888888889 0.02578125
14 0.5 0.9345703125 0.9263888888888889 -0.000390625
0 0.8930555555555556 0.144921875 0.21388888888888888 0.07109375
14 0.11180555555555556 0.144921875 0.15 0.0296875
14 0.5871527777777777 0.144921875 0.7520833333333333 0.02578125
14 0.5 0.21640625 0.9263888888888889 0.0296875
14 0.5 0.287890625 0.9263888888888889 0.0296875
14 0.5 0.359375 0.9263888888888889 0.0296875
14 0.5 0.430859375 0.9263888888888889 0.0296875
14 0.5 0.50234375 0.9263888888888889 0.0296875
14 0.5 0.573828125 0.9263888888888889 0.0296875
14 0.5 0.6453125 0.9263888888888889 0.0296875
14 0.5 0.716796875 0.9263888888888889 0.0296875
14 0.5 0.78828125 0.9263888888888889 0.0296875
0 0.5 0.9015625 1.0 0.065625
0 0.0 0.818359375 0.0 0.0546875
0 0.0 0.873046875 0.0 0.0546875
0 0.0 0.9173828125 0.0 0.033984375
