14 0.16666666666666666 0.15859375 0.10416666666666667 0.0984375
14 0.5 0.15859375 0.175 0.0984375
14 0.8333333333333334 0.15859375 0.16666666666666666 0.0984375
6 0.5 0.571875 0.18472222222222223 0.10390625
14 0.5 0.555078125 0.9027777777777778 0.03515625
14 0.5 0.6275390625 0.9027777777777778 0.027734375
5 0.8979166666666667 0.876953125 0.20416666666666666 0.11484375
4 0.07291666666666667 0.0708984375 0.1361111111111111 0.074609375
14 0.27569444444444446 0.0701171875 0.25 0.036328125
14 0.0 0.0955078125 0.0 0.027734375
14 0.0 0.1943359375 0.0 0.071484375
14 0.0 0.0328125 0.0 0.0
14 0.0 0.0328125 0.0 0.0
0 0.0 0.0328125 0.0 0.0
