14 0.24965277777777778 0.15859375 0.13680555555555557 0.0984375
14 0.75 0.15859375 0.14722222222222223 0.0984375
6 0.5 0.571875 0.18472222222222223 0.10390625
14 0.0 0.209375 0.0 0.0
14 0.0 0.209375 0.0 0.0
14 0.0 0.209375 0.0 0.0
5 0.0875 0.258984375 0.175 0.0984375
14 0.5680555555555555 0.24609375 0.7083333333333334 0.0296875
14 0.5680555555555555 0.273828125 0.7083333333333334 0.02578125
5 0.0875 0.3578125 0.175 0.0984375
14 0.5680555555555555 0.344921875 0.7083333333333334 0.0296875
14 0.5680555555555555 0.37265625 0.7083333333333334 0.02578125
5 0.8979166666666667 0.876953125 0.20416666666666666 0.11484375
4 0.07291666666666667 0.0708984375 0.1361111111111111 0.074609375
14 0.3402777777777778 0.0701171875 0.37916666666666665 0.036328125
5 0.09722222222222222 0.095703125 0.11666666666666667 0.065625
14 0.43020833333333336 0.0955078125 0.5493055555555556 0.027734375
14 0.3524305555555556 0.1943359375 0.7048611111111112 0.071484375
14 0.4204861111111111 0.2666015625 0.4909722222222222 0.027734375
14 0.4204861111111111 0.3376953125 0.4909722222222222 0.027734375
14 0.4204861111111111 0.3865234375 0.4909722222222222 0.048046875
14 0.4204861111111111 0.4662109375 0.4909722222222222 0.027734375
14 0.4204861111111111 0.5373046875 0.4909722222222222 0.027734375
14 0.4204861111111111 0.6083984375 0.4909722222222222 0.027734375
14 0.4204861111111111 0.6794921875 0.4909722222222222 0.027734375
14 0.4204861111111111 0.7505859375 0.4909722222222222 0.027734375
14 0.0 0.0328125 0.0 0.0
14 0.0 0.0328125 0.0 0.0
0 0.0 0.0328125 0.0 0.0
