14 0.20694444444444443 0.0708984375 0.12222222222222222 0.036328125
4 0.06805555555555555 0.07109375 0.1361111111111111 0.0765625
14 0.03263888888888889 0.13671875 0.06527777777777778 0.02578125
14 0.3388888888888889 0.13671875 0.3527777777777778 0.02578125
14 0.7392361111111111 0.13671875 0.2534722222222222 0.02578125
5 0.2517361111111111 0.2826171875 0.4895833333333333 0.229296875
14 0.2517361111111111 0.354296875 0.4895833333333333 0.0859375
5 0.7482638888888888 0.2826171875 0.4895833333333333 0.229296875
14 0.7482638888888888 0.354296875 0.4895833333333333 0.0859375
5 0.2517361111111111 0.5158203125 0.4895833333333333 0.229296875
14 0.2517361111111111 0.5875 0.4895833333333333 0.0859375
5 0.7482638888888888 0.5158203125 0.4895833333333333 0.229296875
14 0.7482638888888888 0.5875 0.4895833333333333 0.0859375
5 0.2517361111111111 0.7490234375 0.4895833333333333 0.229296875
14 0.2517361111111111 0.820703125 0.4895833333333333 0.0859375
5 0.7482638888888888 0.7490234375 0.4895833333333333 0.229296875
14 0.7482638888888888 0.820703125 0.4895833333333333 0.0859375
5 0.2517361111111111 0.866796875 0.4895833333333333 -0.0015625
5 0.7482638888888888 0.866796875 0.4895833333333333 -0.0015625
5 0.0 0.0328125 0.0 0.0
14 0.0 0.0328125 0.0 0.0
14 0.0 0.0328125 0.0 0.0
14 0.0 0.0328125 0.0 0.0
9 0.0 0.0328125 0.0 0.0
14 0.0 0.0328125 0.0 0.0
5 0.0 0.0328125 0.0 0.0
5 0.0 0.0328125 0.0 0.0
5 0.0 0.0328125 0.0 0.0
