14 0.3038194444444444 0.0708984375 0.25763888888888886 0.036328125
4 0.06805555555555555 0.07109375 0.1361111111111111 0.0765625
5 0.5 0.3265625 0.14583333333333334 0.08203125
14 0.5 0.3966796875 0.7583333333333333 0.036328125
14 0.5 0.4296875 0.7583333333333333 0.0296875
14 0.46041666666666664 0.4765625 0.1375 0.02578125
5 0.578125 0.4763671875 0.04375 0.024609375
14 0.5 0.583984375 0.6805555555555556 0.13984375
5 0.20104166666666667 0.6716796875 0.04375 0.024609375
14 0.3003472222222222 0.673046875 0.15486111111111112 0.03828125
14 0.5 0.7578125 0.7583333333333333 0.065625
5 0.0 0.109375 0.0 0.0
14 0.0 0.109375 0.0 0.0
5 0.3402777777777778 0.109375 0.6805555555555556 0.21875
5 0.3402777777777778 0.109375 0.6805555555555556 0.21875
5 0.11666666666666667 0.10703125 0.15555555555555556 0.0875
14 0.3597222222222222 0.18203125 0.6416666666666667 0.0296875
14 0.03888888888888889 0.0744140625 0.0 0.022265625
14 0.3402777777777778 0.2625 0.6027777777777777 0.065625
14 0.32569444444444445 0.328125 0.5736111111111111 0.065625
14 0.3402777777777778 0.39375 0.6027777777777777 0.065625
14 0.3402777777777778 0.459375 0.6027777777777777 0.065625
14 0.3402777777777778 0.525 0.6027777777777777 0.065625
14 0.3402777777777778 0.590625 0.6027777777777777 0.065625
