6 0.5 0.51640625 0.11666666666666667 0.065625
14 0.5 0.1361328125 1.0 0.075390625
6 0.020833333333333332 0.23515625 0.0 0.0
14 0.7298611111111111 0.4212890625 0.12638888888888888 0.040234375
6 0.020833333333333332 0.58203125 0.0 0.0
14 0.7149305555555555 0.7681640625 0.09652777777777778 0.040234375
6 0.020833333333333332 0.912890625 0.0 0.0
5 0.5 0.1740234375 1.0 0.000390625
14 0.17118055555555556 0.1421875 0.10486111111111111 0.02734375
14 0.17118055555555556 0.230078125 0.13819444444444445 0.02734375
14 0.17118055555555556 0.31796875 0.16319444444444445 0.02734375
14 0.17118055555555556 0.405859375 0.09097222222222222 0.02734375
14 0.17152777777777778 0.49375 0.12916666666666668 0.02734375
14 0.6722222222222223 0.1421875 0.5763888888888888 0.02734375
14 0.6722222222222223 0.230078125 0.5763888888888888 0.02734375
14 0.6722222222222223 0.31796875 0.5763888888888888 0.02734375
14 0.6722222222222223 0.43359375 0.5763888888888888 0.02734375
14 0.6722222222222223 0.521484375 0.5763888888888888 0.02734375
14 0.6722222222222223 0.609375 0.5763888888888888 0.02734375
14 0.6722222222222223 0.697265625 0.5763888888888888 0.02734375
14 0.6722222222222223 0.78515625 0.5763888888888888 0.02734375
14 0.6722222222222223 0.873046875 0.5763888888888888 0.02734375
14 0.6722222222222223 0.9408203125 0.5763888888888888 -0.012890625
5 0.06875 0.065625 0.07777777777777778 0.04375
14 0.02013888888888889 0.0328125 0.0 0.0
5 0.35833333333333334 0.065625 0.1361111111111111 0.065625
5 0.2902777777777778 0.0328125 0.0 0.0
5 0.49895833333333334 0.0654296875 0.08541666666666667 0.048046875
5 0.6461805555555555 0.0654296875 0.08541666666666667 0.048046875
5 0.7920138888888889 0.0654296875 0.08541666666666667 0.048046875
