4 0.06805555555555555 0.07109375 0.1361111111111111 0.0765625
14 0.3402777777777778 0.0708984375 0.3597222222222222 0.036328125
5 0.5 0.1412109375 1.0 0.000390625
0 0.5 0.2015625 0.8833333333333333 0.065625
0 0.5 0.29453125 0.8833333333333333 0.065625
0 0.5 0.380859375 0.8833333333333333 0.065625
0 0.5 0.4671875 0.8833333333333333 0.065625
5 0.5 0.5275390625 1.0 0.000390625
5 0.5 0.5716796875 1.0 0.033203125
5 0.10208333333333333 0.62109375 0.0875 0.065625
14 0.5729166666666666 0.6208984375 0.7375 0.033203125
5 0.6020833333333333 0.6869140625 0.7958333333333333 0.000390625
5 0.14097222222222222 0.732421875 0.019444444444444445 0.0109375
14 0.5680555555555555 0.7310546875 0.7180555555555556 0.022265625
5 0.14097222222222222 0.7875 0.019444444444444445 0.0109375
14 0.515625 0.7861328125 0.6131944444444445 0.022265625
5 0.5 0.8302734375 1.0 0.000390625
5 0.5 0.1115234375 1.0 0.004296875
6 0.5 0.48359375 0.18472222222222223 0.10390625
