14 0.12777777777777777 0.0708984375 0.17777777777777778 0.036328125
14 0.25 0.14765625 0.15138888888888888 0.02578125
14 0.7496527777777777 0.14765625 0.17430555555555555 0.02578125
5 0.15868055555555555 0.2640625 0.2590277777777778 0.13359375
14 0.15868055555555555 0.3501953125 0.29791666666666666 0.027734375
14 0.6392361111111111 0.226953125 0.6631944444444444 0.0703125
14 0.6392361111111111 0.2873046875 0.6631944444444444 0.047265625
14 0.6392361111111111 0.334765625 0.6631944444444444 0.04765625
5 0.1684027777777778 0.54140625 0.27847222222222223 0.27578125
14 0.1684027777777778 0.718359375 0.3173611111111111 0.02734375
5 0.1684027777777778 0.8173828125 0.27847222222222223 0.131640625
14 0.1684027777777778 0.90234375 0.3173611111111111 0.02734375
5 0.4996527777777778 0.4494140625 0.27847222222222223 0.131640625
14 0.4996527777777778 0.534375 0.3173611111111111 0.02734375
5 0.4996527777777778 0.6333984375 0.27847222222222223 0.131640625
14 0.4996527777777778 0.718359375 0.3173611111111111 0.02734375
5 0.4996527777777778 0.8173828125 0.27847222222222223 0.131640625
14 0.4996527777777778 0.90234375 0.3173611111111111 0.02734375
5 0.8309027777777778 0.4494140625 0.27847222222222223 0.131640625
14 0.8309027777777778 0.534375 0.3173611111111111 0.02734375
5 0.8309027777777778 0.725390625 0.27847222222222223 0.27578125
14 0.8309027777777778 0.90234375 0.3173611111111111 0.02734375
5 0.15868055555555555 0.9349609375 0.2590277777777778 -0.001171875
14 0.6392361111111111 0.9322265625 0.6631944444444444 0.004296875
5 0.9722222222222222 0.9322265625 0.03611111111111111 0.004296875
5 0.1684027777777778 0.944921875 0.27847222222222223 -0.02109375
5 0.4996527777777778 0.9349609375 0.27847222222222223 -0.001171875
5 0.8309027777777778 0.9349609375 0.27847222222222223 -0.001171875
14 1.0 0.601171875 0.0 0.1109375
5 0.4996527777777778 0.4833984375 0.6493055555555556 0.116796875
6 0.5 0.78671875 0.9222222222222223 0.021875
