14 0.2635416666666667 0.0669921875 0.24513888888888888 0.068359375
5 0.9552083333333333 0.0671875 0.08958333333333333 0.0109375
5 0.5607638888888888 0.245703125 0.7826388888888889 0.28984375
14 0.7003472222222222 0.180859375 0.24513888888888888 0.0453125
5 0.8729166666666667 0.180859375 0.06111111111111111 0.034375
14 0.32569444444444445 0.4248046875 0.36944444444444446 0.068359375
14 0.253125 0.4927734375 0.22430555555555556 0.068359375
14 0.18125 0.5607421875 0.08055555555555556 0.068359375
14 0.20034722222222223 0.6287109375 0.11875 0.068359375
14 0.19131944444444443 0.6966796875 0.10069444444444445 0.068359375
14 0.24930555555555556 0.7646484375 0.21666666666666667 0.068359375
14 0.2791666666666667 0.8326171875 0.2763888888888889 0.068359375
5 0.9552083333333333 0.8328125 0.08958333333333333 0.0109375
14 0.2465277777777778 0.86640625 0.2111111111111111 0.0
14 0.334375 0.86640625 0.38680555555555557 0.0
14 0.30625 0.86640625 0.33055555555555555 0.0
14 0.271875 0.86640625 0.26180555555555557 0.0
14 0.19895833333333332 0.9001953125 0.11597222222222223 0.068359375
14 0.2534722222222222 0.9396484375 0.225 -0.010546875
14 0.21354166666666666 0.95625 0.1451388888888889 -0.04375
5 0.06076388888888889 0.1380859375 0.12152777777777778 0.210546875
5 0.06076388888888889 0.348828125 0.12152777777777778 0.2109375
5 0.06076388888888889 0.559765625 0.12152777777777778 0.2109375
5 0.06076388888888889 0.770703125 0.12152777777777778 0.2109375
5 0.06076388888888889 0.8779296875 0.12152777777777778 0.003515625
5 0.09236111111111112 0.0541015625 0.019444444444444445 0.042578125
14 0.03159722222222222 0.0466796875 0.06319444444444444 0.027734375
5 0.09236111111111112 0.1419921875 0.019444444444444445 0.068359375
14 0.03159722222222222 0.1419921875 0.06319444444444444 0.038671875
5 0.09236111111111112 0.2427734375 0.019444444444444445 0.068359375
14 0.03159722222222222 0.2427734375 0.06319444444444444 0.038671875
5 0.09236111111111112 0.3611328125 0.019444444444444445 0.068359375
14 0.03159722222222222 0.3611328125 0.06319444444444444 0.073828125
5 0.09236111111111112 0.4794921875 0.019444444444444445 0.068359375
14 0.03159722222222222 0.4794921875 0.06319444444444444 0.038671875
5 0.09236111111111112 0.5978515625 0.019444444444444445 0.068359375
14 0.03159722222222222 0.5978515625 0.06319444444444444 0.073828125
5 0.09236111111111112 0.7162109375 0.019444444444444445 0.068359375
14 0.03159722222222222 0.7162109375 0.06319444444444444 0.038671875
5 0.09236111111111112 0.8345703125 0.019444444444444445 0.068359375
14 0.03159722222222222 0.8345703125 0.06319444444444444 0.073828125
5 0.06076388888888889 0.8734375 0.12152777777777778 0.0125
5 0.06076388888888889 0.90703125 0.07291666666666667 0.0546875
5 0.06076388888888889 0.85078125 0.07291666666666667 0.03828125
5 0.04131944444444444 0.87890625 0.08263888888888889 0.0015625
14 0.053125 0.9068359375 0.059027777777777776 0.021484375
5 0.04895833333333333 0.0736328125 0.07291666666666667 0.041015625
14 0.11041666666666666 0.073828125 0.0 0.06796875
