5 0.5 0.48359375 1.0 0.9015625
0 0.05659722222222222 0.0669921875 0.06458333333333334 0.036328125
14 0.5 0.066796875 0.4861111111111111 0.0359375
0 0.9309027777777777 0.0669921875 0.06458333333333334 0.036328125
14 0.5 0.1421875 1.0 0.03828125
14 0.0 0.101171875 0.0 0.0
14 0.0 0.101171875 0.0 0.0
14 0.0 0.101171875 0.0 0.0
14 0.0 0.101171875 0.0 0.0
5 0.0 0.101171875 0.0 0.0
14 0.0 0.183203125 0.0 0.0
14 0.19444444444444445 0.2115234375 0.31527777777777777 0.026171875
14 0.06458333333333334 0.2361328125 0.05555555555555555 0.023046875
14 0.6340277777777777 0.2115234375 0.21944444444444444 0.026171875
14 0.5739583333333333 0.2361328125 0.09930555555555555 0.023046875
5 0.09965277777777778 0.8837890625 0.10208333333333333 0.057421875
14 0.09965277777777778 0.919140625 0.05763888888888889 0.01640625
5 0.29965277777777777 0.8837890625 0.10208333333333333 0.057421875
14 0.29965277777777777 0.919140625 0.05486111111111111 0.01640625
5 0.4996527777777778 0.8837890625 0.10208333333333333 0.057421875
14 0.5 0.919140625 0.05138888888888889 0.01640625
5 0.6996527777777778 0.8837890625 0.10208333333333333 0.057421875
14 0.6996527777777778 0.919140625 0.03263888888888889 0.01640625
5 0.8996527777777777 0.8837890625 0.10208333333333333 0.057421875
14 0.9 0.919140625 0.05277777777777778 0.01640625
