4 0.06805555555555555 0.07109375 0.1361111111111111 0.0765625
14 0.5003472222222223 0.07109375 0.3645833333333333 0.0328125
14 0.2607638888888889 0.1537109375 0.3993055555555556 0.033203125
5 0.47152777777777777 0.1412109375 0.022222222222222223 0.008203125
3 0.5 0.18515625 0.8777777777777778 0.0296875
7 0.13194444444444445 0.25625 0.2152777777777778 0.05703125
14 0.11597222222222223 0.3291015625 0.10972222222222222 0.033203125
5 0.18194444444444444 0.3166015625 0.022222222222222223 0.008203125
3 0.5 0.360546875 0.8777777777777778 0.0296875
14 0.5 0.41953125 0.19027777777777777 0.0328125
7 0.13194444444444445 0.478125 0.2152777777777778 0.05703125
14 0.15590277777777778 0.5509765625 0.18958333333333333 0.033203125
5 0.26180555555555557 0.5384765625 0.022222222222222223 0.008203125
3 0.5 0.582421875 0.8777777777777778 0.0296875
14 0.15486111111111112 0.6486328125 0.1875 0.033203125
5 0.25972222222222224 0.6361328125 0.022222222222222223 0.008203125
3 0.5 0.680078125 0.8777777777777778 0.0296875
14 0.146875 0.7462890625 0.17152777777777778 0.033203125
5 0.24375 0.7337890625 0.022222222222222223 0.008203125
14 0.5 0.777734375 0.8777777777777778 0.0296875
14 0.19166666666666668 0.82421875 0.2611111111111111 -0.00625
5 0.3333333333333333 0.82421875 0.022222222222222223 -0.00625
14 0.5 0.8408203125 0.8777777777777778 -0.039453125
14 0.4996527777777778 0.86953125 0.48680555555555555 -0.096875
1 0.0 0.109375 0.0 0.0
14 0.0 0.109375 0.0 0.0
0 0.5 0.877734375 0.9263888888888889 0.071875
