4 0.06805555555555555 0.07109375 0.1361111111111111 0.0765625
14 0.5 0.07109375 0.19444444444444445 0.0328125
14 0.2607638888888889 0.1537109375 0.3993055555555556 0.033203125
5 0.47152777777777777 0.1412109375 0.022222222222222223 0.008203125
3 0.5 0.18515625 0.8777777777777778 0.0296875
7 0.13194444444444445 0.25625 0.2152777777777778 0.05703125
14 0.11597222222222223 0.3291015625 0.10972222222222222 0.033203125
5 0.18194444444444444 0.3166015625 0.022222222222222223 0.008203125
3 0.5 0.360546875 0.8777777777777778 0.0296875
14 0.5 0.41953125 0.19027777777777777 0.0328125
7 0.13194444444444445 0.478125 0.2152777777777778 0.05703125
14 0.15590277777777778 0.5509765625 0.18958333333333333 0.033203125
5 0.26180555555555557 0.5384765625 0.022222222222222223 0.008203125
3 0.5 0.582421875 0.8777777777777778 0.0296875
14 0.15486111111111112 0.6486328125 0.1875 0.033203125
5 0.25972222222222224 0.6361328125 0.022222222222222223 0.008203125
3 0.5 0.680078125 0.8777777777777778 0.0296875
14 0.146875 0.7462890625 0.17152777777777778 0.033203125
5 0.24375 0.7337890625 0.022222222222222223 0.008203125
14 0.5 0.766796875 0.8777777777777778 0.0078125
14 0.19166666666666668 0.7990234375 0.2611111111111111 -0.056640625
5 0.3333333333333333 0.7990234375 0.022222222222222223 -0.056640625
14 0.5 0.815625 0.8777777777777778 -0.08984375
14 0.4996527777777778 0.8443359375 0.48680555555555555 -0.147265625
1 0.06909722222222223 0.7958984375 0.07708333333333334 0.036328125
14 0.5510416666666667 0.795703125 0.8618055555555556 0.0234375
0 0.5 0.877734375 0.9263888888888889 0.071875
14 0.4378472222222222 0.25 0.8256944444444444 0.0328125
5 0.43159722222222224 0.1736328125 0.5534722222222223 0.087109375
5 0.07743055555555556 0.3212890625 0.08125 0.045703125
14 0.23159722222222223 0.32109375 0.12986111111111112 0.0328125
5 0.07743055555555556 0.4099609375 0.08125 0.045703125
14 0.32013888888888886 0.409765625 0.30694444444444446 0.0328125
5 0.07743055555555556 0.4986328125 0.08125 0.045703125
14 0.2638888888888889 0.4984375 0.19444444444444445 0.0328125
5 0.07743055555555556 0.5873046875 0.08125 0.045703125
14 0.22881944444444444 0.587109375 0.12430555555555556 0.0328125
5 0.07743055555555556 0.6759765625 0.08125 0.045703125
14 0.2982638888888889 0.67578125 0.26319444444444445 0.0328125
5 0.07743055555555556 0.7646484375 0.08125 0.045703125
14 0.30104166666666665 0.764453125 0.26875 0.0328125
5 0.07743055555555556 0.8533203125 0.08125 0.045703125
14 0.3489583333333333 0.853125 0.3645833333333333 0.0328125
5 0.07743055555555556 0.9267578125 0.08125 0.015234375
14 0.27395833333333336 0.9298828125 0.21458333333333332 0.008984375
