14 0.0 0.176953125 0.0 0.02578125
5 0.24340277777777777 0.3009765625 0.4131944444444444 0.232421875
5 0.45 0.30078125 0.0 0.021875
14 0.71875 0.224609375 0.4888888888888889 0.0796875
14 0.559375 0.286328125 0.1701388888888889 0.0296875
5 0.4986111111111111 0.328515625 0.04861111111111111 0.02734375
14 0.6243055555555556 0.328515625 0.1875 0.02578125
14 0.13680555555555557 0.459375 0.2 0.0296875
14 0.49375 0.488671875 0.9138888888888889 0.0015625
14 0.5 0.60078125 0.9263888888888889 0.184375
14 0.49375 0.72109375 0.9138888888888889 0.0015625
14 0.115625 0.741015625 0.15763888888888888 0.0
14 0.2 0.741015625 0.011111111111111112 0.0
14 0.08298611111111111 0.755859375 0.09236111111111112 0.0296875
14 0.3215277777777778 0.755859375 0.011111111111111112 0.0296875
14 0.5559027777777777 0.755859375 0.40902777777777777 0.0296875
14 0.07430555555555556 0.80625 0.075 0.0296875
14 0.3215277777777778 0.80625 0.011111111111111112 0.0296875
14 0.42291666666666666 0.80625 0.14305555555555555 0.0296875
14 0.16805555555555557 0.856640625 0.2625 0.0296875
14 0.3215277777777778 0.856640625 0.011111111111111112 0.0296875
14 0.4097222222222222 0.856640625 0.11666666666666667 0.0296875
14 1.0 0.2634765625 0.0 0.198828125
14 1.0 0.934375 0.0 0.0
5 0.022569444444444444 0.065625 0.04513888888888889 0.0328125
5 0.03680555555555556 0.0658203125 0.001388888888888889 0.001953125
14 0.3996527777777778 0.0654296875 0.7048611111111112 0.033203125
14 0.28125 0.1310546875 0.11388888888888889 0.022265625
14 0.7197916666666667 0.1310546875 0.13541666666666666 0.022265625
