5 0.05347222222222222 0.0669921875 0.10694444444444444 0.041015625
5 0.10694444444444444 0.0671875 0.0 0.0546875
14 0.5322916666666667 0.0640625 0.8090277777777778 0.0546875
0 0.9635416666666666 0.0669921875 0.07291666666666667 0.041015625
14 0.9024305555555555 0.0572265625 -0.049305555555555554 0.029296875
10 0.9270833333333334 0.06015625 0.0 0.0546875
14 0.8590277777777777 0.0671875 0.09722222222222222 0.0546875
0 0.7614583333333333 0.0669921875 0.07291666666666667 0.041015625
0 0.6788194444444444 0.06640625 0.06319444444444444 0.034375
6 0.5 0.1033203125 1.0 0.004296875
14 0.7083333333333334 0.1431640625 0.5833333333333334 0.083984375
14 0.7083333333333334 0.2267578125 0.5833333333333334 0.083984375
14 0.7083333333333334 0.3103515625 0.5833333333333334 0.083984375
14 0.7083333333333334 0.3939453125 0.5833333333333334 0.083984375
14 0.7083333333333334 0.4775390625 0.5833333333333334 0.083984375
14 0.7083333333333334 0.5611328125 0.5833333333333334 0.083984375
14 0.7083333333333334 0.6447265625 0.5833333333333334 0.083984375
14 0.7083333333333334 0.7458984375 0.5833333333333334 0.119140625
