14 0.3482638888888889 0.03671875 0.34652777777777777 0.0078125
14 0.2701388888888889 0.075390625 0.19027777777777777 0.02578125
14 0.5486111111111112 0.1123046875 0.7472222222222222 0.048046875
14 0.2923611111111111 0.1984375 0.23472222222222222 0.02578125
14 0.5486111111111112 0.2353515625 0.7472222222222222 0.048046875
14 0.2923611111111111 0.321484375 0.23472222222222222 0.02578125
14 0.5486111111111112 0.3583984375 0.7472222222222222 0.048046875
14 0.27291666666666664 0.44453125 0.19583333333333333 0.02578125
14 0.5486111111111112 0.4814453125 0.7472222222222222 0.048046875
14 0.30416666666666664 0.567578125 0.25833333333333336 0.02578125
14 0.5486111111111112 0.637890625 0.7472222222222222 0.11484375
14 0.2847222222222222 0.757421875 0.21944444444444444 0.02578125
14 0.5486111111111112 0.8181640625 0.7472222222222222 0.095703125
14 0.29131944444444446 0.1439453125 0.2326388888888889 0.033203125
14 0.4690972222222222 0.175390625 0.5881944444444445 0.0296875
14 0.5 0.9001953125 1.0 0.068359375
7 0.0 0.28984375 0.0 0.065625
7 0.0 0.35546875 0.0 0.065625
7 0.0 0.42109375 0.0 0.065625
7 0.0 0.48671875 0.0 0.065625
7 0.0 0.57578125 0.0 0.065625
7 0.0 0.64140625 0.0 0.065625
14 0.0 0.70703125 0.0 0.065625
