14 0.1482638888888889 0.13125 0.2965277777777778 0.065625
14 0.4097222222222222 0.13125 0.2263888888888889 0.065625
14 0.7302083333333333 0.13125 0.41458333333333336 0.065625
14 0.96875 0.13125 0.0625 0.065625
4 0.0 0.168359375 0.0 0.0
14 0.0 0.168359375 0.0 0.0
3 0.44375 0.2197265625 0.8625 0.085546875
4 0.93125 0.2197265625 0.1125 0.085546875
14 0.5 0.2806640625 1.0 0.022265625
5 0.175 0.371484375 0.31527777777777777 0.13671875
14 0.175 0.41953125 0.31527777777777777 0.040625
5 0.5 0.371484375 0.31527777777777777 0.13671875
14 0.5 0.4259765625 0.31527777777777777 0.027734375
5 0.825 0.371484375 0.31527777777777777 0.13671875
14 0.825 0.41953125 0.31527777777777777 0.040625
5 0.175 0.513671875 0.31527777777777777 0.13671875
14 0.175 0.574609375 0.31527777777777777 0.01484375
5 0.5 0.513671875 0.31527777777777777 0.13671875
14 0.5 0.56171875 0.31527777777777777 0.040625
5 0.825 0.513671875 0.31527777777777777 0.13671875
14 0.825 0.56171875 0.31527777777777777 0.040625
5 0.175 0.655859375 0.31527777777777777 0.13671875
14 0.175 0.70390625 0.31527777777777777 0.040625
5 0.5 0.655859375 0.31527777777777777 0.13671875
14 0.5 0.716796875 0.31527777777777777 0.01484375
5 0.825 0.655859375 0.31527777777777777 0.13671875
14 0.825 0.70390625 0.31527777777777777 0.040625
5 0.175 0.798046875 0.31527777777777777 0.13671875
14 0.175 0.84609375 0.31527777777777777 0.040625
5 0.5 0.798046875 0.31527777777777777 0.13671875
14 0.5 0.84609375 0.31527777777777777 0.040625
5 0.825 0.798046875 0.31527777777777777 0.13671875
14 0.825 0.8525390625 0.31527777777777777 0.027734375
5 0.175 0.899609375 0.31527777777777777 0.05546875
14 0.175 0.9541015625 0.31527777777777777 -0.053515625
5 0.5 0.899609375 0.31527777777777777 0.05546875
14 0.5 0.9541015625 0.31527777777777777 -0.053515625
5 0.825 0.899609375 0.31527777777777777 0.05546875
14 0.825 0.9541015625 0.31527777777777777 -0.053515625
4 1.0 0.168359375 0.0 0.0
14 1.0 0.168359375 0.0 0.0
14 1.0 0.2806640625 0.0 0.022265625
5 0.06875 0.065625 0.07777777777777778 0.04375
14 0.375 0.0654296875 0.5152777777777777 0.033203125
0 0.9319444444444445 0.065625 0.1361111111111111 0.065625
