14 0.20520833333333333 0.0509765625 0.41041666666666665 0.036328125
14 0.12048611111111111 0.083984375 0.24097222222222223 0.0296875
4 0.9368055555555556 0.065625 0.07777777777777778 0.04375
14 0.5 0.13671875 0.9263888888888889 0.02578125
14 0.5 0.204296875 0.9263888888888889 0.02578125
14 0.5 0.280859375 0.9263888888888889 0.04375
14 0.10416666666666667 0.363671875 0.12916666666666668 0.0296875
14 0.08784722222222222 0.393359375 0.09652777777777778 0.0296875
0 0.4097222222222222 0.378515625 0.11666666666666667 0.065625
14 0.6159722222222223 0.363671875 0.16805555555555557 0.0296875
14 0.5802083333333333 0.393359375 0.09652777777777778 0.0296875
0 0.9020833333333333 0.378515625 0.11666666666666667 0.065625
14 0.109375 0.46640625 0.1451388888888889 0.0296875
14 0.08506944444444445 0.49609375 0.09652777777777778 0.0296875
0 0.4097222222222222 0.48125 0.11666666666666667 0.065625
5 0.6784722222222223 0.48125 0.11666666666666667 0.065625
14 0.8118055555555556 0.46640625 0.125 0.0296875
14 0.7975694444444444 0.49609375 0.09652777777777778 0.0296875
14 0.25243055555555555 0.582421875 0.4798611111111111 0.09296875
14 0.7475694444444444 0.582421875 0.4798611111111111 0.09296875
14 0.25243055555555555 0.68359375 0.4798611111111111 0.09296875
14 0.7475694444444444 0.68359375 0.4798611111111111 0.09296875
