5 0.1 0.891015625 0.04861111111111111 0.02734375
14 0.1 0.91640625 0.14166666666666666 0.01796875
5 0.3 0.891015625 0.04861111111111111 0.02734375
14 0.3 0.91640625 0.14166666666666666 0.01796875
5 0.5 0.891015625 0.04861111111111111 0.02734375
14 0.5 0.91640625 0.14166666666666666 0.01796875
5 0.7 0.891015625 0.04861111111111111 0.02734375
14 0.7 0.91640625 0.14166666666666666 0.01796875
5 0.9 0.891015625 0.04861111111111111 0.02734375
14 0.9 0.91640625 0.14166666666666666 0.01796875
14 0.17291666666666666 0.1470703125 0.26805555555555555 0.075390625
14 0.16493055555555555 0.2240234375 0.2520833333333333 0.075390625
14 0.15208333333333332 0.3009765625 0.2263888888888889 0.075390625
14 0.1326388888888889 0.3779296875 0.1875 0.075390625
14 0.1329861111111111 0.4548828125 0.18819444444444444 0.075390625
14 0.18611111111111112 0.5318359375 0.29444444444444445 0.075390625
14 0.5 0.0708984375 0.9222222222222223 0.030078125
