14 0.0 0.0654296875 0.0 0.033203125
4 0.0 0.065625 0.0 0.065625
4 0.058333333333333334 0.065625 0.11666666666666667 0.065625
14 0.3902777777777778 0.0654296875 0.5472222222222223 0.033203125
4 0.6055555555555555 0.065625 0.11666666666666667 0.065625
5 0.19375 0.11875 0.03888888888888889 0.021875
14 0.36354166666666665 0.11875 0.30069444444444443 0.02578125
14 0.2465277777777778 0.1634765625 0.4444444444444444 0.033203125
14 0.259375 0.2119140625 0.4701388888888889 0.033203125
14 0.24756944444444445 0.2603515625 0.4465277777777778 0.033203125
14 0.2652777777777778 0.3087890625 0.48194444444444445 0.033203125
14 0.19583333333333333 0.3572265625 0.34305555555555556 0.033203125
14 0.14618055555555556 0.4056640625 0.24375 0.033203125
14 0.12916666666666668 0.4541015625 0.20972222222222223 0.033203125
4 0.6055555555555555 0.9056640625 0.11666666666666667 0.057421875
4 0.7222222222222222 0.065625 0.11666666666666667 0.065625
4 0.6638888888888889 0.0328125 0.0 0.0
4 0.6638888888888889 0.0328125 0.0 0.0
4 0.6638888888888889 0.0328125 0.0 0.0
5 0.7204861111111112 0.0654296875 0.04513888888888889 0.025390625
3 0.8829861111111111 0.065625 0.23402777777777778 0.05625
5 0.8319444444444445 0.282421875 0.33611111111111114 0.31640625
14 0.8440972222222223 0.3697265625 0.31180555555555556 0.068359375
14 0.8440972222222223 0.41875 0.31180555555555556 0.0296875
14 0.8503472222222223 0.49140625 0.29930555555555555 0.05546875
14 0.8503472222222223 0.5302734375 0.29930555555555555 0.022265625
14 0.8503472222222223 0.615625 0.29930555555555555 0.05546875
14 0.8503472222222223 0.6544921875 0.29930555555555555 0.022265625
14 0.8503472222222223 0.73984375 0.29930555555555555 0.05546875
14 0.8503472222222223 0.7787109375 0.29930555555555555 0.022265625
14 0.8503472222222223 0.851171875 0.29930555555555555 0.0296875
14 0.8503472222222223 0.87890625 0.29930555555555555 -0.02578125
