14 0.20555555555555555 0.0708984375 0.11944444444444445 0.036328125
4 0.06805555555555555 0.07109375 0.1361111111111111 0.0765625
5 0.5 0.521875 1.0 0.825
5 0.24965277777777778 0.246484375 0.23402777777777778 0.22734375
14 0.25 0.375 0.4513888888888889 0.0296875
5 0.7496527777777777 0.246484375 0.23402777777777778 0.22734375
14 0.75 0.375 0.4513888888888889 0.0296875
5 0.24965277777777778 0.5171875 0.23402777777777778 0.22734375
14 0.25 0.645703125 0.4513888888888889 0.0296875
5 0.7496527777777777 0.5171875 0.23402777777777778 0.22734375
14 0.75 0.645703125 0.4513888888888889 0.0296875
5 0.24965277777777778 0.787890625 0.23402777777777778 0.22734375
14 0.25 0.91640625 0.4513888888888889 0.0296875
5 0.7496527777777777 0.787890625 0.23402777777777778 0.22734375
14 0.75 0.91640625 0.4513888888888889 0.0296875
5 0.24965277777777778 0.9396484375 0.23402777777777778 -0.010546875
5 0.7496527777777777 0.9396484375 0.23402777777777778 -0.010546875
