14 0.20173611111111112 0.0708984375 0.11180555555555556 0.036328125
4 0.06805555555555555 0.07109375 0.1361111111111111 0.0765625
14 0.24965277777777778 0.1421875 0.13541666666666666 0.02578125
14 0.75 0.1421875 0.17916666666666667 0.02578125
14 0.0 0.175 0.0 0.0
14 0.5 0.1970703125 0.9222222222222223 0.022265625
5 0.07777777777777778 0.230078125 0.04722222222222222 0.0265625
14 0.5388888888888889 0.2298828125 0.8444444444444444 0.033203125
14 0.8607638888888889 0.2751953125 0.06458333333333334 0.022265625
5 0.9222222222222223 0.275390625 0.058333333333333334 0.0328125
14 0.4288194444444444 0.2751953125 0.7798611111111111 0.033203125
14 0.5 0.9078125 1.0 0.053125
5 0.5 0.4142578125 1.0 0.232421875
14 0.5 0.585546875 0.8541666666666666 0.05546875
0 0.5 0.6734375 0.24305555555555555 0.065625
5 0.5 0.2634765625 0.9472222222222222 -0.069140625
14 0.6944444444444444 0.2740234375 0.05694444444444444 -0.048046875
14 0.6784722222222223 0.290625 0.025 -0.01484375
14 0.7625 0.2994140625 0.13333333333333333 0.002734375
14 0.8496527777777778 0.2890625 0.03125 -0.01796875
14 0.8652777777777778 0.2908203125 0.0 -0.014453125
14 0.8986111111111111 0.2994140625 0.06666666666666667 0.002734375
14 0.8013888888888889 0.309765625 0.2708333333333333 0.0234375
14 0.3645833333333333 0.2830078125 0.6027777777777777 -0.030078125
5 0.5 0.5234375 0.9472222222222222 0.31484375
14 0.6944444444444444 0.6927734375 0.05694444444444444 0.018359375
14 0.6784722222222223 0.7185546875 0.025 0.033203125
14 0.7625 0.7234375 0.13333333333333333 0.05859375
14 0.8496527777777778 0.7171875 0.03125 0.0296875
14 0.8652777777777778 0.7189453125 0.0 0.033203125
14 0.8986111111111111 0.73203125 0.06666666666666667 0.04140625
14 0.8013888888888889 0.760546875 0.2708333333333333 0.02578125
14 0.3645833333333333 0.7017578125 0.6027777777777777 0.036328125
5 0.5 0.849609375 0.9472222222222222 0.06328125
14 0.0 0.354296875 0.0 0.065625
14 0.0 0.826171875 0.0 0.065625
