14 0.21145833333333333 0.0708984375 0.13125 0.036328125
4 0.06805555555555555 0.07109375 0.1361111111111111 0.0765625
0 0.9513888888888888 0.07109375 0.09722222222222222 0.065625
6 0.4996527777777778 0.4537109375 0.09513888888888888 0.053515625
14 0.5 0.5552734375 0.20416666666666666 0.033203125
14 0.5 0.608203125 0.8055555555555556 0.06171875
6 0.0 0.109375 0.0 0.0
14 0.0 0.109375 0.0 0.0
14 0.06076388888888889 0.1376953125 0.08263888888888889 0.037109375
5 0.12256944444444444 0.1376953125 0.06597222222222222 0.037109375
5 0.009722222222222222 0.112109375 0.0 0.0
14 0.5729166666666666 0.137890625 0.8347222222222223 0.0515625
0 0.11423611111111111 0.18515625 0.20902777777777778 0.03984375
0 0.31631944444444443 0.18515625 0.18958333333333333 0.03984375
0 0.5184027777777778 0.18515625 0.20902777777777778 0.03984375
0 0.6875 0.18515625 0.12361111111111112 0.03984375
0 0.8711805555555555 0.18515625 0.23819444444444443 0.03984375
5 0.9315972222222222 0.2451171875 0.04375 0.024609375
5 0.8854166666666666 0.212109375 0.0 0.0
14 0.45 0.2287109375 0.8555555555555555 0.033203125
14 0.45 0.2599609375 0.8555555555555555 0.029296875
14 0.009722222222222222 0.212109375 0.0 0.0
14 0.009722222222222222 0.212109375 0.0 0.0
14 0.0 0.66875 0.0 0.065625
