10 0.0 0.0328125 0.0 0.0
14 0.10729166666666666 0.0708984375 0.13680555555555557 0.036328125
5 0.5 0.253125 1.0 0.2875
5 0.0 0.109375 0.0 0.0
5 0.0 0.109375 0.0 0.0
5 0.0875 0.437890625 0.09722222222222222 0.0546875
14 0.5875 0.425390625 0.825 0.0296875
14 0.5875 0.452734375 0.825 0.025
5 0.13576388888888888 0.5513671875 0.13402777777777777 0.075390625
14 0.13576388888888888 0.6029296875 0.2423611111111111 0.022265625
5 0.378125 0.5513671875 0.13402777777777777 0.075390625
14 0.378125 0.6029296875 0.2423611111111111 0.022265625
5 0.6204861111111111 0.5513671875 0.13402777777777777 0.075390625
14 0.6204861111111111 0.6029296875 0.2423611111111111 0.022265625
5 0.8628472222222222 0.5513671875 0.13402777777777777 0.075390625
14 0.8628472222222222 0.6029296875 0.2423611111111111 0.022265625
5 0.13576388888888888 0.6681640625 0.13402777777777777 0.075390625
14 0.13576388888888888 0.7197265625 0.2423611111111111 0.022265625
5 0.378125 0.6681640625 0.13402777777777777 0.075390625
14 0.378125 0.7197265625 0.2423611111111111 0.022265625
5 0.6204861111111111 0.6681640625 0.13402777777777777 0.075390625
14 0.6204861111111111 0.7197265625 0.2423611111111111 0.022265625
5 0.8628472222222222 0.6681640625 0.13402777777777777 0.075390625
14 0.8628472222222222 0.7197265625 0.2423611111111111 0.022265625
5 0.13576388888888888 0.7849609375 0.13402777777777777 0.075390625
14 0.13576388888888888 0.8365234375 0.2423611111111111 0.022265625
5 0.378125 0.7849609375 0.13402777777777777 0.075390625
14 0.378125 0.8365234375 0.2423611111111111 0.022265625
14 0.5 0.91796875 1.0 0.0328125
