0 0.059027777777777776 0.065625 0.11805555555555555 0.065625
4 0.1909722222222222 0.065625 0.14583333333333334 0.065625
4 0.3368055555555556 0.065625 0.14583333333333334 0.065625
4 0.825 0.065625 0.11666666666666667 0.065625
4 0.9413194444444445 0.065625 0.014583333333333334 0.021875
5 0.0 0.0984375 0.0 0.0
14 0.1388888888888889 0.13125 0.2777777777777778 0.065625
14 0.4239583333333333 0.13125 0.2923611111111111 0.065625
14 0.6916666666666667 0.13125 0.24305555555555555 0.065625
14 0.9065972222222223 0.13125 0.18680555555555556 0.065625
14 0.2586805555555556 0.3423828125 0.4576388888888889 0.029296875
14 0.7413194444444444 0.3423828125 0.4576388888888889 0.029296875
14 0.2586805555555556 0.5419921875 0.4576388888888889 0.029296875
14 0.7413194444444444 0.5419921875 0.4576388888888889 0.029296875
14 0.2586805555555556 0.7416015625 0.4576388888888889 0.029296875
14 0.7413194444444444 0.7416015625 0.4576388888888889 0.029296875
5 0.08263888888888889 0.942578125 0.11666666666666667 -0.01640625
14 0.5315972222222223 0.934375 0.7326388888888888 0.0
4 0.9489583333333333 0.934375 0.10208333333333333 0.0
14 0.5 0.13125 1.0 0.065625
5 0.38055555555555554 0.065625 0.7222222222222222 0.04375
5 0.5222222222222223 0.065625 0.7222222222222222 0.04375
0 1.0 0.065625 0.0 0.065625
5 0.9416666666666667 0.065625 0.11666666666666667 0.065625
3 0.4513888888888889 0.065625 0.825 0.065625
4 0.06493055555555556 0.065625 0.052083333333333336 0.065625
14 0.4114583333333333 0.065625 0.6409722222222223 0.065625
0 0.0 0.0328125 0.0 0.0
4 0.0 0.0328125 0.0 0.0
