14 0.15763888888888888 0.0474609375 0.29583333333333334 0.027734375
5 0.04791666666666667 0.098046875 0.08888888888888889 0.05
14 0.42465277777777777 0.0978515625 0.6645833333333333 0.031640625
5 0.04791666666666667 0.162109375 0.08888888888888889 0.05
14 0.42465277777777777 0.1619140625 0.6645833333333333 0.031640625
5 0.04791666666666667 0.226171875 0.08888888888888889 0.05
14 0.42465277777777777 0.2259765625 0.6645833333333333 0.031640625
5 0.04791666666666667 0.290234375 0.08888888888888889 0.05
14 0.42465277777777777 0.2900390625 0.6645833333333333 0.031640625
5 0.04791666666666667 0.354296875 0.08888888888888889 0.05
14 0.42465277777777777 0.3541015625 0.6645833333333333 0.031640625
5 0.04791666666666667 0.418359375 0.08888888888888889 0.05
14 0.42465277777777777 0.4181640625 0.6645833333333333 0.031640625
5 0.04791666666666667 0.482421875 0.08888888888888889 0.05
14 0.42465277777777777 0.4822265625 0.6645833333333333 0.031640625
5 0.04791666666666667 0.546484375 0.08888888888888889 0.05
14 0.42465277777777777 0.5462890625 0.6645833333333333 0.031640625
5 0.04791666666666667 0.610546875 0.08888888888888889 0.05
14 0.42465277777777777 0.6103515625 0.6645833333333333 0.031640625
5 0.04791666666666667 0.674609375 0.08888888888888889 0.05
14 0.42465277777777777 0.6744140625 0.6645833333333333 0.031640625
5 0.04791666666666667 0.738671875 0.08888888888888889 0.05
14 0.42465277777777777 0.7384765625 0.6645833333333333 0.031640625
5 0.04791666666666667 0.802734375 0.08888888888888889 0.05
14 0.42465277777777777 0.8025390625 0.6645833333333333 0.031640625
5 0.04791666666666667 0.8486328125 0.08888888888888889 0.013671875
14 0.42465277777777777 0.853125 0.6645833333333333 0.0046875
0 0.16875 0.894921875 0.3125 0.06484375
0 0.49375 0.894921875 0.3125 0.06484375
0 0.825 0.894921875 0.325 0.06484375
