5 0.48993055555555554 0.1333984375 0.05625 0.031640625
5 1.0 0.137890625 0.0 0.05703125
5 1.0 0.137890625 0.0 0.05703125
5 0.13402777777777777 0.07109375 0.07777777777777778 -0.0765625
14 0.13402777777777777 0.0822265625 0.07777777777777778 -0.054296875
14 0.134375 0.092578125 0.08263888888888889 -0.03359375
14 0.13402777777777777 0.1009765625 0.13055555555555556 -0.016796875
14 0.5 0.0603515625 0.25972222222222224 -0.098046875
14 0.5 0.071484375 0.15138888888888888 -0.07578125
14 0.5 0.0861328125 0.15833333333333333 -0.046484375
5 0.8652777777777778 0.07109375 0.07777777777777778 -0.0765625
14 0.8652777777777778 0.0822265625 0.07777777777777778 -0.054296875
14 0.865625 0.092578125 0.04375 -0.03359375
14 0.8652777777777778 0.1009765625 0.13055555555555556 -0.016796875
5 0.0 0.137890625 0.0 0.05703125
5 0.25 0.137890625 0.5 0.05703125
5 0.75 0.1337890625 0.5 0.048828125
5 0.0 0.1572265625 0.0 0.048828125
14 0.5 0.2232421875 1.0 0.063671875
14 0.5 0.2884765625 1.0 0.063671875
14 0.5 0.3537109375 1.0 0.063671875
14 0.5 0.4189453125 1.0 0.063671875
14 0.5 0.4841796875 1.0 0.063671875
14 0.5 0.5494140625 1.0 0.063671875
14 0.5 0.6146484375 1.0 0.063671875
14 0.5 0.6798828125 1.0 0.063671875
14 0.5 0.7451171875 1.0 0.063671875
14 0.5 0.8134765625 1.0 0.063671875
5 0.0 0.3064453125 0.0 0.002734375
5 0.0 0.6349609375 0.0 0.002734375
14 0.2829861111111111 0.0708984375 0.29375 0.033203125
10 0.4131944444444444 0.0708984375 0.5541666666666667 0.068359375
4 0.06805555555555555 0.07109375 0.1361111111111111 0.0765625
