5 0.5 0.0869140625 0.4666666666666667 0.053515625
14 0.5 0.15390625 0.9263888888888889 0.02578125
3 0.5 0.2517578125 0.9263888888888889 0.060546875
3 0.4513888888888889 0.3412109375 0.8291666666666667 0.060546875
1 0.9145833333333333 0.341015625 0.09722222222222222 0.04765625
14 0.5 0.41328125 0.2777777777777778 0.053125
0 0.5 0.513671875 0.9263888888888889 0.065625
14 0.4996527777777778 0.607421875 0.27708333333333335 0.03984375
14 0.5 0.6609375 0.23472222222222222 0.03984375
14 0.5 0.714453125 0.26805555555555555 0.03984375
6 0.0 0.0328125 0.0 0.0
14 0.0 0.0328125 0.0 0.0
5 0.0 0.0328125 0.0 0.0
14 0.0 0.0328125 0.0 0.0
14 0.0 0.0328125 0.0 0.0
0 0.0 0.0328125 0.0 0.0
