5 0.09479166666666666 0.7115234375 0.13125 0.073828125
5 0.10694444444444444 0.7115234375 0.15555555555555556 0.076953125
0 0.0 0.656640625 0.0 0.0
5 0.5777777777777777 0.86484375 0.7861111111111111 0.1390625
14 0.0 0.109375 0.0 0.0
14 0.0 0.109375 0.0 0.0
14 1.0 0.109375 0.0 0.0
14 1.0 0.109375 0.0 0.0
0 0.0 0.934375 0.0 0.0
0 0.0 0.934375 0.0 0.0
5 0.5 0.1265625 1.0 0.1875
0 0.8451388888888889 0.261328125 0.2513888888888889 0.04921875
14 0.17395833333333333 0.3212890625 0.28958333333333336 0.032421875
14 0.13784722222222223 0.352734375 0.21736111111111112 0.025
14 0.0 0.2859375 0.0 0.0
14 0.5 0.42109375 0.9416666666666667 0.08671875
14 0.13402777777777777 0.4990234375 0.20972222222222223 0.027734375
14 0.3715277777777778 0.4990234375 0.21666666666666667 0.027734375
14 0.071875 0.54375 0.08541666666666667 0.02578125
14 0.20451388888888888 0.5447265625 0.16041666666666668 0.022265625
14 0.42986111111111114 0.54375 0.09027777777777778 0.02578125
14 0.5673611111111111 0.5447265625 0.16527777777777777 0.022265625
5 0.12916666666666668 0.231640625 0.19722222222222222 0.1109375
5 0.022222222222222223 0.171484375 0.0 0.0
5 0.12916666666666668 0.231640625 0.21388888888888888 0.1203125
5 0.9465277777777777 0.07109375 0.10694444444444444 0.0765625
5 0.0 0.0328125 0.0 0.0
14 0.0 0.0328125 0.0 0.0
0 0.0 0.0328125 0.0 0.0
0 0.0 0.0328125 0.0 0.0
