5 0.334375 0.065625 0.3284722222222222 0.06015625
5 0.21388888888888888 0.13125 0.07777777777777778 0.04375
14 0.6409722222222223 0.13125 0.7180555555555556 0.0296875
5 0.21388888888888888 0.201171875 0.07777777777777778 0.04375
14 0.6409722222222223 0.201171875 0.7180555555555556 0.0296875
5 0.21388888888888888 0.27109375 0.07777777777777778 0.04375
14 0.6409722222222223 0.27109375 0.7180555555555556 0.0296875
5 0.21388888888888888 0.341015625 0.07777777777777778 0.04375
14 0.6409722222222223 0.341015625 0.7180555555555556 0.0296875
5 0.21388888888888888 0.4109375 0.07777777777777778 0.04375
14 0.6409722222222223 0.4109375 0.7180555555555556 0.0296875
6 0.0 0.109375 0.0 0.0
14 0.0 0.109375 0.0 0.0
5 0.16631944444444444 0.890625 0.07430555555555556 0.04375
14 0.16666666666666666 0.9234375 0.1375 0.021875
5 0.4996527777777778 0.890625 0.07430555555555556 0.04375
14 0.5 0.9234375 0.08611111111111111 0.021875
5 0.8329861111111111 0.890625 0.07430555555555556 0.04375
14 0.8329861111111111 0.9234375 0.2590277777777778 0.021875
14 0.0 0.109375 0.0 0.0
0 0.0 0.109375 0.0 0.0
5 0.06319444444444444 0.07109375 0.12638888888888888 0.04375
14 0.5 0.07109375 0.2611111111111111 0.04453125
5 0.9149305555555556 0.07109375 0.12152777777777778 0.0765625
