13 0.5 0.4671875 1.0 0.934375
5 0.5 0.4671875 1.0 0.934375
0 0.25 0.9015625 0.5 0.065625
0 0.75 0.9015625 0.5 0.065625
7 0.43854166666666666 0.8208984375 0.024305555555555556 0.013671875
7 0.4753472222222222 0.8208984375 0.024305555555555556 0.013671875
7 0.5121527777777778 0.8208984375 0.024305555555555556 0.013671875
7 0.5489583333333333 0.8208984375 0.024305555555555556 0.013671875
5 0.0 0.337109375 0.0 0.0
5 0.0 0.337109375 0.0 0.67421875
5 0.5 0.3369140625 1.0 0.299609375
5 0.5 0.337109375 1.0 0.67421875
14 0.5 0.7578125 0.8055555555555556 0.1125
5 1.0 0.337109375 0.0 0.0
5 1.0 0.337109375 0.0 0.67421875
0 0.0 0.0 0.0 0.0
10 0.0 0.0 0.0 0.0
