14 0.5 0.10859375 1.0 0.0421875
5 0.5 0.4833984375 0.7291666666666666 0.483203125
14 0.5 0.828125 0.8541666666666666 0.06171875
14 0.0 0.10859375 0.0 0.0421875
5 0.9486111111111111 0.06171875 0.07777777777777778 0.04375
5 0.41770833333333335 0.9021484375 0.04097222222222222 0.023046875
5 0.45868055555555554 0.9021484375 0.04097222222222222 0.023046875
5 0.4996527777777778 0.9021484375 0.04097222222222222 0.023046875
5 0.540625 0.9021484375 0.04097222222222222 0.023046875
5 0.5815972222222222 0.9021484375 0.04097222222222222 0.023046875
