5 0.08298611111111111 0.093359375 0.12152777777777778 -0.01015625
14 0.5694444444444444 0.0826171875 0.8166666666666667 -0.031640625
5 0.08298611111111111 0.161328125 0.12152777777777778 0.07578125
14 0.5694444444444444 0.1611328125 0.8166666666666667 0.033203125
5 0.08298611111111111 0.272265625 0.12152777777777778 0.07578125
14 0.5694444444444444 0.2720703125 0.8166666666666667 0.033203125
5 0.08298611111111111 0.383203125 0.12152777777777778 0.07578125
14 0.5694444444444444 0.3830078125 0.8166666666666667 0.033203125
5 0.08298611111111111 0.494140625 0.12152777777777778 0.07578125
14 0.5694444444444444 0.4939453125 0.8166666666666667 0.033203125
5 0.08298611111111111 0.605078125 0.12152777777777778 0.07578125
14 0.5694444444444444 0.6048828125 0.8166666666666667 0.033203125
5 0.08298611111111111 0.716015625 0.12152777777777778 0.07578125
14 0.5694444444444444 0.7029296875 0.8166666666666667 0.033203125
14 0.5694444444444444 0.732421875 0.8166666666666667 0.02578125
5 0.08298611111111111 0.826953125 0.12152777777777778 0.07578125
14 0.5694444444444444 0.8138671875 0.8166666666666667 0.033203125
14 0.5694444444444444 0.843359375 0.8166666666666667 0.02578125
5 0.06875 0.065625 0.07777777777777778 0.04375
14 0.25729166666666664 0.0654296875 0.2798611111111111 0.033203125
5 0.7958333333333333 0.065625 0.1361111111111111 0.04921875
5 0.7277777777777777 0.0328125 0.0 0.0
0 0.9319444444444445 0.065625 0.1361111111111111 0.065625
