14 0.0920138888888889 0.0708984375 0.10625 0.036328125
5 0.125 0.1421875 0.0875 0.04375
5 0.375 0.1421875 0.0875 0.04375
5 0.625 0.1421875 0.0875 0.04375
14 0.6493055555555556 0.13125 0.03888888888888889 0.021875
5 0.875 0.1421875 0.0875 0.04375
14 0.5 0.2015625 0.058333333333333334 0.053125
5 0.5680555555555555 0.20234375 0.03888888888888889 0.021875
14 0.019444444444444445 0.240625 0.0 0.0
14 0.019444444444444445 0.240625 0.0 0.0
14 0.019444444444444445 0.240625 0.0 0.0
14 0.019444444444444445 0.240625 0.0 0.0
14 0.019444444444444445 0.240625 0.0 0.0
5 0.019444444444444445 0.240625 0.0 0.0
5 0.019444444444444445 0.240625 0.0 0.0
14 0.019444444444444445 0.240625 0.0 0.0
14 0.019444444444444445 0.240625 0.0 0.0
14 0.019444444444444445 0.240625 0.0 0.0
5 0.019444444444444445 0.240625 0.0 0.0
5 0.019444444444444445 0.240625 0.0 0.0
14 0.019444444444444445 0.240625 0.0 0.0
14 0.019444444444444445 0.240625 0.0 0.0
14 0.019444444444444445 0.240625 0.0 0.0
5 0.019444444444444445 0.240625 0.0 0.0
5 0.019444444444444445 0.240625 0.0 0.0
6 0.019444444444444445 0.240625 0.0 0.0
14 0.019444444444444445 0.240625 0.0 0.0
14 0.019444444444444445 0.2515625 0.0 0.0
14 0.3972222222222222 0.2845703125 0.48333333333333334 0.022265625
14 0.20625 0.3068359375 0.10138888888888889 0.022265625
5 0.9350694444444444 0.2908203125 0.09097222222222222 0.034765625
14 0.48854166666666665 0.365625 0.8604166666666667 0.0296875
4 0.058333333333333334 0.396875 0.0 0.0
5 0.058333333333333334 0.396875 0.0 0.0
14 0.058333333333333334 0.396875 0.0 0.0
9 0.058333333333333334 0.396875 0.0 0.0
14 0.058333333333333334 0.396875 0.0 0.0
5 0.058333333333333334 0.396875 0.0 0.0
5 0.058333333333333334 0.396875 0.0 0.0
14 0.058333333333333334 0.396875 0.0 0.0
14 0.058333333333333334 0.396875 0.0 0.0
14 0.20347222222222222 0.6869140625 0.2902777777777778 0.027734375
14 0.14583333333333334 0.7556640625 0.25277777777777777 0.044140625
5 0.6972222222222222 0.75546875 0.03888888888888889 0.021875
14 0.7347222222222223 0.7556640625 0.03611111111111111 0.044140625
5 0.8694444444444445 0.75546875 0.03888888888888889 0.021875
14 0.9347222222222222 0.7556640625 0.09166666666666666 0.044140625
14 0.019444444444444445 0.805078125 0.0 0.0
14 0.4826388888888889 0.8353515625 0.6541666666666667 0.022265625
14 0.21493055555555557 0.8576171875 0.11875 0.022265625
5 0.9350694444444444 0.8416015625 0.09097222222222222 0.034765625
14 0.5 0.9072265625 0.8444444444444444 0.022265625
14 0.1597222222222222 0.9318359375 0.1638888888888889 0.005078125
4 0.07777777777777778 0.89609375 0.0 0.0
5 0.07777777777777778 0.89609375 0.0 0.0
14 0.07777777777777778 0.89609375 0.0 0.0
9 0.07777777777777778 0.89609375 0.0 0.0
14 0.07777777777777778 0.89609375 0.0 0.0
5 0.07777777777777778 0.89609375 0.0 0.0
13 0.07777777777777778 0.89609375 0.0 0.0
5 0.07777777777777778 0.89609375 0.0 0.0
14 0.07777777777777778 0.89609375 0.0 0.0
14 0.07777777777777778 0.89609375 0.0 0.0
14 0.5 0.9552734375 0.8833333333333333 -0.041796875
4 0.058333333333333334 0.9484375 0.0 -0.028125
5 0.058333333333333334 0.9484375 0.0 -0.028125
14 0.058333333333333334 0.9484375 0.0 -0.028125
9 0.058333333333333334 0.9484375 0.0 -0.028125
14 0.058333333333333334 0.9484375 0.0 -0.028125
5 0.058333333333333334 0.9484375 0.0 -0.028125
13 0.058333333333333334 0.9484375 0.0 -0.028125
5 0.058333333333333334 0.9484375 0.0 -0.028125
14 0.058333333333333334 0.9484375 0.0 -0.028125
14 0.058333333333333334 0.9484375 0.0 -0.028125
5 0.0 0.2296875 0.0 0.0
14 0.0 0.2296875 0.0 0.0
14 0.0 0.2296875 0.0 0.0
0 0.0 0.2296875 0.0 0.0
0 0.0 0.2296875 0.0 0.0
14 0.0 0.175 0.0 0.0
14 0.0 0.175 0.0 0.0
14 0.0 0.175 0.0 0.0
0 0.8930555555555556 0.87421875 0.1361111111111111 0.0765625
