14 0.0 0.0328125 0.0 0.0
5 0.0 0.0328125 0.0 0.0
14 0.3215277777777778 0.0708984375 0.35138888888888886 0.036328125
4 0.06805555555555555 0.07109375 0.1361111111111111 0.0765625
5 0.0 0.934375 0.0 0.0
5 0.0 0.934375 0.0 0.0
14 0.0 0.934375 0.0 0.0
14 0.0 0.934375 0.0 0.0
6 0.0 0.934375 0.0 0.0
5 0.0 0.934375 0.0 0.0
4 0.0 0.934375 0.0 0.0
4 0.0 0.934375 0.0 0.0
14 0.0 0.934375 0.0 0.0
14 0.0 0.934375 0.0 0.0
5 0.0 0.111328125 0.0 0.00078125
5 0.0 0.177734375 0.0 0.00078125
5 0.0 0.244140625 0.0 0.00078125
5 0.0 0.769921875 0.0 0.00078125
5 0.0 0.836328125 0.0 0.00078125
5 0.0 0.837109375 0.0 0.00078125
