5 0.5 0.48359375 1.0 0.9015625
5 0.5 0.235546875 0.6805555555555556 0.178125
14 0.5 0.3548828125 0.3416666666666667 0.060546875
5 0.20347222222222222 0.413671875 0.0875 0.04375
3 0.5315972222222223 0.4138671875 0.56875 0.057421875
5 0.20104166666666667 0.47109375 0.08263888888888889 0.04921875
3 0.48541666666666666 0.4712890625 0.4861111111111111 0.057421875
5 0.7965277777777777 0.4712890625 0.0875 0.041015625
0 0.5 0.5423828125 0.6805555555555556 0.057421875
14 0.5 0.5943359375 0.35138888888888886 0.046484375
14 0.5003472222222223 0.6724609375 0.06319444444444444 0.022265625
5 0.24895833333333334 0.744921875 0.06597222222222222 0.04921875
14 0.35625 0.744921875 0.1486111111111111 0.02578125
5 0.6222222222222222 0.7451171875 0.09027777777777778 0.048046875
14 0.7215277777777778 0.744921875 0.10833333333333334 0.02578125
14 0.4996527777777778 0.7970703125 0.48680555555555555 0.046484375
5 0.9340277777777778 0.0685546875 0.13194444444444445 0.071484375
