14 0.27708333333333335 0.0708984375 0.20416666666666666 0.036328125
4 0.06805555555555555 0.07109375 0.1361111111111111 0.0765625
6 0.4996527777777778 0.4833984375 0.14097222222222222 0.079296875
14 0.5 0.1400390625 0.9694444444444444 0.040234375
14 0.1798611111111111 0.2443359375 0.3194444444444444 0.033203125
14 0.1798611111111111 0.2775390625 0.3194444444444444 0.033203125
6 0.4996527777777778 0.2611328125 0.32013888888888886 0.180078125
14 0.8197916666666667 0.2443359375 0.32013888888888886 0.033203125
14 0.8197916666666667 0.2775390625 0.32013888888888886 0.033203125
14 0.5 0.4166015625 0.9694444444444444 0.040234375
14 0.3059027777777778 0.477734375 0.58125 0.06015625
14 0.9847222222222223 0.4677734375 0.0 0.040234375
14 0.9361111111111111 0.494140625 0.09722222222222222 0.02578125
14 0.3059027777777778 0.543359375 0.58125 0.06015625
14 0.9847222222222223 0.5333984375 0.0 0.040234375
14 0.9236111111111112 0.559765625 0.12222222222222222 0.02578125
14 0.3059027777777778 0.608984375 0.58125 0.06015625
14 0.9847222222222223 0.5990234375 0.0 0.040234375
14 0.9361111111111111 0.625390625 0.09722222222222222 0.02578125
14 0.3059027777777778 0.674609375 0.58125 0.06015625
14 0.9847222222222223 0.6646484375 0.0 0.040234375
14 0.9388888888888889 0.691015625 0.09166666666666666 0.02578125
14 0.5 0.7701171875 0.9694444444444444 0.040234375
6 0.2916666666666667 0.8677734375 0.3194444444444444 0.133203125
6 0.7079861111111111 0.8677734375 0.32013888888888886 0.133203125
14 0.2916666666666667 0.960546875 0.3194444444444444 -0.05234375
14 0.7079861111111111 0.960546875 0.32013888888888886 -0.05234375
