14 0.24722222222222223 0.07109375 0.2222222222222222 0.02578125
10 0.38993055555555556 0.07109375 0.5076388888888889 0.0328125
5 0.825 0.07109375 0.11666666666666667 0.065625
5 0.7666666666666667 0.03828125 0.0 0.0
4 0.06805555555555555 0.07109375 0.1361111111111111 0.0765625
5 0.5 0.3216796875 0.9805555555555555 0.413671875
14 0.9902777777777778 0.528515625 0.0 0.0
14 0.4756944444444444 0.543359375 0.8833333333333333 0.0296875
5 0.5 0.7552734375 0.9805555555555555 0.358203125
14 0.9902777777777778 0.962109375 0.0 -0.05546875
14 0.5045138888888889 0.962109375 0.9409722222222222 -0.05546875
