5 0.5 0.4453125 1.0 0.825
5 0.07777777777777778 0.07109375 0.07777777777777778 0.04375
5 0.9392361111111112 0.07109375 0.04375 0.04921875
14 0.5 0.22109375 0.8055555555555556 0.06328125
5 0.49930555555555556 0.2595703125 0.04861111111111111 0.013671875
5 0.4822916666666667 0.6380859375 0.025694444444444443 0.014453125
5 0.5177083333333333 0.6380859375 0.025694444444444443 0.014453125
0 0.5 0.7703125 0.3888888888888889 0.0546875
5 0.08541666666666667 0.2240234375 0.14583333333333334 0.030078125
5 0.0 0.0328125 0.0 0.0
5 0.0 0.0328125 0.0 0.0
5 0.0 0.0328125 0.0 0.0
5 0.0 0.0328125 0.0 0.0
5 0.5 0.855078125 1.0 0.00546875
5 0.14166666666666666 0.8783203125 0.058333333333333334 0.041015625
5 0.38055555555555554 0.88515625 0.058333333333333334 0.0546875
5 0.5597222222222222 0.88515625 0.058333333333333334 0.0546875
5 0.7388888888888889 0.88515625 0.058333333333333334 0.0546875
5 0.9180555555555555 0.88515625 0.058333333333333334 0.0546875
