4 0.06805555555555555 0.0328125 0.1361111111111111 0.0
14 0.5 0.44765625 0.3597222222222222 0.228125
14 0.5 0.6291015625 0.07777777777777778 0.052734375
14 0.5 0.6923828125 1.0 0.035546875
5 0.14583333333333334 0.07265625 0.2916666666666667 0.0796875
14 0.6458333333333334 0.02578125 0.6833333333333333 -0.0140625
14 0.6458333333333334 0.053515625 0.6833333333333333 0.04140625
14 0.38055555555555554 0.09609375 0.1527777777777778 0.0296875
5 0.9631944444444445 0.09609375 0.04861111111111111 0.02734375
14 0.6979166666666666 0.0958984375 0.48194444444444445 0.025390625
5 0.15069444444444444 0.5953125 0.3013888888888889 0.2625
14 0.0 0.4640625 0.0 0.0
14 0.0 0.4640625 0.0 0.0
14 0.6215277777777778 0.5046875 0.5819444444444445 0.059375
14 0.6506944444444445 0.5498046875 0.6402777777777777 0.025390625
14 0.4895833333333333 0.58984375 0.31805555555555554 0.0546875
14 0.33055555555555555 0.5625 0.0 0.0
14 0.33055555555555555 0.5625 0.0 0.0
14 0.40243055555555557 0.6298828125 0.14375 0.025390625
14 0.34618055555555555 0.6734375 0.029861111111111113 0.03984375
14 0.39131944444444444 0.678125 0.04097222222222222 0.03046875
14 0.34618055555555555 0.7044921875 0.029861111111111113 0.022265625
14 0.478125 0.6734375 0.029861111111111113 0.03984375
14 0.5232638888888889 0.678125 0.04097222222222222 0.03046875
14 0.48159722222222223 0.7044921875 0.03680555555555556 0.022265625
14 0.31875 0.653515625 -0.02361111111111111 0.0
14 0.31875 0.653515625 -0.02361111111111111 0.0
14 0.31875 0.653515625 -0.02361111111111111 0.0
14 0.31875 0.653515625 -0.02361111111111111 0.0
14 0.31875 0.653515625 -0.02361111111111111 0.0
5 0.15069444444444444 0.84140625 0.3013888888888889 0.1859375
14 0.0 0.7484375 0.0 0.0
14 0.0 0.7484375 0.0 0.0
14 0.6215277777777778 0.7890625 0.5819444444444445 0.059375
14 0.6506944444444445 0.8341796875 0.6402777777777777 0.025390625
14 0.4895833333333333 0.87421875 0.31805555555555554 0.0546875
14 0.33055555555555555 0.846875 0.0 0.0
14 0.33055555555555555 0.846875 0.0 0.0
14 0.40243055555555557 0.9142578125 0.14375 0.025390625
14 0.34618055555555555 0.9361328125 0.029861111111111113 -0.003515625
14 0.39131944444444444 0.9408203125 0.04097222222222222 -0.012890625
14 0.34618055555555555 0.9560546875 0.029861111111111113 -0.043359375
14 0.478125 0.9361328125 0.029861111111111113 -0.003515625
14 0.5232638888888889 0.9408203125 0.04097222222222222 -0.012890625
14 0.48159722222222223 0.9560546875 0.03680555555555556 -0.043359375
14 0.31875 0.9361328125 -0.02361111111111111 -0.003515625
14 0.31875 0.9361328125 -0.02361111111111111 -0.003515625
14 0.31875 0.9361328125 -0.02361111111111111 -0.003515625
14 0.31875 0.9361328125 -0.02361111111111111 -0.003515625
14 0.31875 0.9361328125 -0.02361111111111111 -0.003515625
6 0.0 0.0328125 0.0 0.0
5 0.9222222222222223 0.021875 0.058333333333333334 -0.021875
14 0.5583333333333333 0.02734375 0.8055555555555556 -0.0109375
