14 0.21805555555555556 0.0708984375 0.14444444444444443 0.037109375
4 0.06805555555555555 0.07109375 0.1361111111111111 0.0765625
14 0.5 0.146875 1.0 0.03359375
14 0.5 0.1837890625 1.0 0.026171875
14 0.0 0.109375 0.0 0.0
14 0.0 0.109375 0.0 0.0
14 0.0 0.109375 0.0 0.0
14 0.0 0.109375 0.0 0.0
14 0.0 0.109375 0.0 0.0
14 0.0 0.109375 0.0 0.0
14 0.0 0.109375 0.0 0.0
14 0.5 0.246484375 1.0 0.0578125
14 0.5 0.319140625 1.0 0.0875
14 0.3951388888888889 0.3830078125 0.17777777777777778 0.026171875
14 0.6083333333333333 0.3830078125 0.17083333333333334 0.026171875
14 0.5 0.4517578125 1.0 0.078515625
5 0.5 0.49140625 0.11666666666666667 0.065625
14 0.5 0.56171875 1.0 0.03359375
14 0.5 0.608984375 1.0 0.0609375
14 0.0 0.109375 0.0 0.0
14 0.0 0.109375 0.0 0.0
5 0.0 0.109375 0.0 0.0
5 0.0 0.109375 0.0 0.0
5 0.0 0.109375 0.0 0.0
5 0.0 0.109375 0.0 0.0
5 0.0 0.109375 0.0 0.0
14 0.0 0.109375 0.0 0.0
0 0.0 0.109375 0.0 0.0
5 0.2916666666666667 0.0875 0.5833333333333334 0.109375
14 0.2916666666666667 0.1875 0.5055555555555555 0.065625
14 0.2916666666666667 0.253125 0.5055555555555555 0.065625
14 0.2916666666666667 0.31875 0.5055555555555555 0.065625
14 0.2916666666666667 0.384375 0.5055555555555555 0.065625
