5 0.5 0.48359375 1.0 0.9015625
5 0.12152777777777778 0.1251953125 0.24305555555555555 0.046484375
14 0.5725694444444445 0.1251953125 0.4826388888888889 0.048046875
5 0.9447916666666667 0.125 0.08541666666666667 0.034375
0 0.9510416666666667 0.1251953125 0.09791666666666667 0.048046875
5 0.4371527777777778 0.2197265625 0.12152777777777778 0.068359375
14 0.5559027777777777 0.203125 0.11597222222222223 0.0390625
14 0.5604166666666667 0.2392578125 0.125 0.033203125
14 0.303125 0.2791015625 0.22013888888888888 0.029296875
14 0.44756944444444446 0.2791015625 0.06875 0.029296875
14 0.6152777777777778 0.2791015625 0.2111111111111111 0.029296875
14 0.7638888888888888 0.2791015625 0.08611111111111111 0.029296875
14 0.2798611111111111 0.3083984375 0.23194444444444445 0.029296875
14 0.43020833333333336 0.3083984375 0.06875 0.029296875
14 0.5572916666666666 0.3083984375 0.12986111111111112 0.029296875
14 0.7288194444444445 0.3083984375 0.21319444444444444 0.029296875
14 0.3017361111111111 0.3759765625 0.5548611111111111 0.041015625
14 0.5791666666666667 0.3759765625 0.0 0.041015625
5 0.6177083333333333 0.3759765625 0.07708333333333334 0.041015625
5 0.3402777777777778 0.529296875 0.6319444444444444 0.2375
5 0.0 0.35546875 0.0 0.0
14 0.3017361111111111 0.3759765625 0.5548611111111111 0.041015625
14 0.5791666666666667 0.3759765625 0.0 0.041015625
5 0.6177083333333333 0.3759765625 0.07708333333333334 0.041015625
5 0.3402777777777778 0.529296875 0.6319444444444444 0.2375
5 0.0 0.35546875 0.0 0.0
14 0.3017361111111111 0.3759765625 0.5548611111111111 0.041015625
14 0.5791666666666667 0.3759765625 0.0 0.041015625
5 0.6177083333333333 0.3759765625 0.07708333333333334 0.041015625
14 0.17743055555555556 0.4451171875 0.30625 0.044921875
5 0.17708333333333334 0.50859375 0.14583333333333334 0.08203125
14 0.17743055555555556 0.57109375 0.2965277777777778 0.0375
14 0.17743055555555556 0.6140625 0.2965277777777778 0.0375
14 0.503125 0.4451171875 0.30625 0.044921875
5 0.5027777777777778 0.50859375 0.14583333333333334 0.08203125
14 0.503125 0.57109375 0.2965277777777778 0.0375
14 0.503125 0.6140625 0.2965277777777778 0.0375
5 0.0 0.35546875 0.0 0.0
14 0.3017361111111111 0.3759765625 0.5548611111111111 0.041015625
14 0.5791666666666667 0.3759765625 0.0 0.041015625
5 0.6177083333333333 0.3759765625 0.07708333333333334 0.041015625
14 0.17743055555555556 0.4451171875 0.30625 0.044921875
5 0.17708333333333334 0.50859375 0.14583333333333334 0.08203125
14 0.17743055555555556 0.57109375 0.2965277777777778 0.0375
14 0.17743055555555556 0.6140625 0.2965277777777778 0.0375
14 0.503125 0.4451171875 0.30625 0.044921875
5 0.5027777777777778 0.50859375 0.14583333333333334 0.08203125
14 0.503125 0.57109375 0.2965277777777778 0.0375
14 0.503125 0.6140625 0.2965277777777778 0.0375
5 0.0 0.35546875 0.0 0.0
14 0.3017361111111111 0.3759765625 0.5548611111111111 0.041015625
14 0.5791666666666667 0.3759765625 0.0 0.041015625
5 0.6177083333333333 0.3759765625 0.07708333333333334 0.041015625
5 0.10972222222222222 0.6259765625 0.14583333333333334 0.030078125
5 0.024305555555555556 0.410546875 0.0 0.0
5 0.024305555555555556 0.410546875 0.0 0.0
5 0.024305555555555556 0.410546875 0.0 0.0
5 0.024305555555555556 0.410546875 0.0 0.0
5 0.3402777777777778 0.529296875 0.6319444444444444 0.2375
5 0.0 0.35546875 0.0 0.0
5 0.058333333333333334 0.9015625 0.06805555555555555 0.03828125
11 0.0 0.150390625 0.0 0.0
5 0.9447916666666667 0.125 0.08541666666666667 0.034375
14 0.7142361111111111 0.1748046875 0.44930555555555557 0.027734375
14 0.7180555555555556 0.2228515625 0.45694444444444443 0.027734375
5 0.9684027777777777 0.2236328125 0.04375 0.020703125
14 0.9680555555555556 0.223828125 0.0 0.02265625
14 0.7180555555555556 0.2779296875 0.45694444444444443 0.027734375
5 0.9684027777777777 0.2787109375 0.04375 0.020703125
14 0.9680555555555556 0.27890625 0.0 0.02265625
14 0.7180555555555556 0.3330078125 0.45694444444444443 0.027734375
5 0.9684027777777777 0.3337890625 0.04375 0.020703125
14 0.9680555555555556 0.333984375 0.0 0.02265625
14 0.7180555555555556 0.3880859375 0.45694444444444443 0.027734375
5 0.9684027777777777 0.3888671875 0.04375 0.020703125
14 0.9680555555555556 0.3890625 0.0 0.02265625
14 0.7180555555555556 0.4431640625 0.45694444444444443 0.027734375
5 0.9684027777777777 0.4439453125 0.04375 0.020703125
14 0.9680555555555556 0.444140625 0.0 0.02265625
14 0.7180555555555556 0.4982421875 0.45694444444444443 0.027734375
5 0.9684027777777777 0.4990234375 0.04375 0.020703125
14 0.9680555555555556 0.49921875 0.0 0.02265625
14 0.7180555555555556 0.5533203125 0.45694444444444443 0.027734375
5 0.9684027777777777 0.5541015625 0.04375 0.020703125
14 0.9680555555555556 0.554296875 0.0 0.02265625
14 0.7180555555555556 0.6083984375 0.45694444444444443 0.027734375
5 0.9684027777777777 0.6091796875 0.04375 0.020703125
14 0.9680555555555556 0.609375 0.0 0.02265625
14 0.7180555555555556 0.6634765625 0.45694444444444443 0.027734375
5 0.9684027777777777 0.6642578125 0.04375 0.020703125
14 0.9680555555555556 0.664453125 0.0 0.02265625
14 0.7180555555555556 0.7185546875 0.45694444444444443 0.027734375
5 0.9684027777777777 0.7193359375 0.04375 0.020703125
14 0.9680555555555556 0.71953125 0.0 0.02265625
