4 0.06805555555555555 0.07109375 0.1361111111111111 0.0765625
14 0.3451388888888889 0.0708984375 0.3402777777777778 0.036328125
14 0.5 0.9013671875 0.9222222222222223 0.022265625
4 0.5 0.813671875 0.9222222222222223 0.065625
14 0.44131944444444443 0.14765625 0.40625 0.02578125
5 0.7027777777777777 0.153125 0.11666666666666667 0.065625
14 0.5 0.231640625 0.9222222222222223 0.02578125
5 0.2375 0.31796875 0.058333333333333334 0.0328125
14 0.30069444444444443 0.31796875 0.06805555555555555 0.02578125
5 0.6944444444444444 0.31796875 0.058333333333333334 0.0328125
14 0.7576388888888889 0.31796875 0.06805555555555555 0.02578125
14 0.5 0.416015625 0.9222222222222223 0.02578125
0 0.5 0.48359375 0.9222222222222223 0.065625
5 0.16666666666666666 0.88515625 0.058333333333333334 0.0328125
14 0.16666666666666666 0.9134765625 0.275 0.022265625
14 0.20555555555555555 0.87421875 0.03888888888888889 0.021875
5 0.5 0.88515625 0.058333333333333334 0.0328125
14 0.5 0.9134765625 0.275 0.022265625
14 0.5388888888888889 0.87421875 0.03888888888888889 0.021875
5 0.8333333333333334 0.882421875 0.058333333333333334 0.0328125
14 0.8333333333333334 0.91171875 0.275 0.02578125
14 0.8722222222222222 0.87421875 0.03888888888888889 0.021875
