14 0.0 0.125 0.0 0.02578125
14 0.5003472222222223 0.125 0.18125 0.02578125
14 0.9347222222222222 0.125 0.13055555555555556 0.02578125
0 0.0 0.1515625 0.0 0.0
14 0.5 0.2091796875 1.0 0.060546875
14 0.5 0.5869140625 1.0 0.694921875
0 1.0 0.1515625 0.0 0.0
14 1.0 0.2091796875 0.0 0.060546875
14 1.0 0.5869140625 0.0 0.694921875
14 0.5 0.948046875 1.0 -0.02734375
14 0.5 0.948046875 1.0 -0.02734375
0 0.0 0.934375 0.0 0.0
14 0.0 0.934375 0.0 0.0
14 0.0 0.934375 0.0 0.0
14 0.0 0.934375 0.0 0.0
14 0.0 0.934375 0.0 0.0
5 0.019444444444444445 0.065625 0.03888888888888889 0.021875
5 0.05416666666666667 0.065625 0.04861111111111111 0.02734375
14 0.18611111111111112 0.0654296875 0.19583333333333333 0.033203125
