14 0.20694444444444443 0.0708984375 0.12222222222222222 0.036328125
4 0.06805555555555555 0.07109375 0.1361111111111111 0.0765625
0 0.9513888888888888 0.07109375 0.09722222222222222 0.065625
6 0.0 0.0328125 0.0 0.0
6 0.0 0.0328125 0.0 0.0
14 0.0 0.0328125 0.0 0.0
5 0.09131944444444444 0.1607421875 0.14375 0.080859375
14 0.5927083333333333 0.150390625 0.7756944444444445 0.0296875
14 0.5927083333333333 0.1755859375 0.7756944444444445 0.020703125
5 0.09131944444444444 0.2642578125 0.14375 0.080859375
14 0.5927083333333333 0.25390625 0.7756944444444445 0.0296875
14 0.5927083333333333 0.2791015625 0.7756944444444445 0.020703125
5 0.09131944444444444 0.3677734375 0.14375 0.080859375
14 0.5927083333333333 0.357421875 0.7756944444444445 0.0296875
14 0.5927083333333333 0.3826171875 0.7756944444444445 0.020703125
5 0.09131944444444444 0.4712890625 0.14375 0.080859375
14 0.5927083333333333 0.4609375 0.7756944444444445 0.0296875
14 0.5927083333333333 0.4861328125 0.7756944444444445 0.020703125
5 0.09131944444444444 0.5748046875 0.14375 0.080859375
14 0.5927083333333333 0.564453125 0.7756944444444445 0.0296875
14 0.5927083333333333 0.5896484375 0.7756944444444445 0.020703125
5 0.09131944444444444 0.6783203125 0.14375 0.080859375
14 0.5927083333333333 0.66796875 0.7756944444444445 0.0296875
14 0.5927083333333333 0.6931640625 0.7756944444444445 0.020703125
5 0.09131944444444444 0.7818359375 0.14375 0.080859375
14 0.5927083333333333 0.771484375 0.7756944444444445 0.0296875
14 0.5927083333333333 0.7966796875 0.7756944444444445 0.020703125
5 0.09131944444444444 0.8853515625 0.14375 0.080859375
14 0.5927083333333333 0.875 0.7756944444444445 0.0296875
14 0.5927083333333333 0.9001953125 0.7756944444444445 0.020703125
5 0.0 0.0328125 0.0 0.0
14 0.0 0.0328125 0.0 0.0
5 0.0 0.934375 0.0 0.0
5 0.0 0.934375 0.0 0.0
5 0.0 0.934375 0.0 0.0
14 0.0 0.934375 0.0 0.0
14 0.0 0.934375 0.0 0.0
14 0.14756944444444445 0.0712890625 0.21736111111111112 0.033203125
14 0.26284722222222223 0.10625 0.4479166666666667 0.02578125
0 0.16215277777777778 0.157421875 0.2465277777777778 0.04375
14 0.22152777777777777 0.23359375 0.17083333333333334 0.065625
5 0.06805555555555555 0.23359375 0.1361111111111111 0.0328125
14 0.24583333333333332 0.298828125 0.21944444444444444 0.065625
14 0.47430555555555554 0.2986328125 0.09166666666666666 0.026953125
5 0.06805555555555555 0.298828125 0.1361111111111111 0.0328125
14 0.21006944444444445 0.3640625 0.14791666666666667 0.065625
5 0.06805555555555555 0.3640625 0.1361111111111111 0.0328125
14 0.20590277777777777 0.429296875 0.13958333333333334 0.065625
5 0.06805555555555555 0.429296875 0.1361111111111111 0.0328125
14 0.30277777777777776 0.516796875 0.3333333333333333 0.065625
5 0.06805555555555555 0.516796875 0.1361111111111111 0.0328125
14 0.20625 0.58203125 0.14027777777777778 0.065625
5 0.7350694444444444 0.5818359375 0.08541666666666667 0.026171875
5 0.06805555555555555 0.58203125 0.1361111111111111 0.0328125
14 0.23506944444444444 0.66953125 0.19791666666666666 0.065625
5 0.06805555555555555 0.66953125 0.1361111111111111 0.0328125
14 0.3017361111111111 0.734765625 0.33125 0.065625
5 0.06805555555555555 0.734765625 0.1361111111111111 0.0328125
14 0.3038194444444444 0.8 0.33541666666666664 0.065625
5 0.06805555555555555 0.8 0.1361111111111111 0.0328125
