4 0.06840277777777778 0.07109375 0.13680555555555557 0.0765625
14 0.23854166666666668 0.0708984375 0.12708333333333333 0.036328125
4 0.0 0.109375 0.0 0.0
14 0.0 0.109375 0.0 0.0
4 0.0 0.109375 0.0 0.0
4 0.0 0.109375 0.0 0.0
14 0.11979166666666667 0.1421875 0.18125 0.02578125
14 0.36944444444444446 0.1421875 0.2013888888888889 0.02578125
14 0.615625 0.1421875 0.17430555555555555 0.02578125
14 0.8600694444444444 0.1421875 0.19791666666666666 0.02578125
5 0.13125 0.2609375 0.18472222222222223 0.10390625
14 0.5013888888888889 0.2466796875 0.4875 0.031640625
14 0.2934027777777778 0.278125 0.07152777777777777 0.02578125
5 0.35520833333333335 0.2763671875 0.027083333333333334 0.019140625
4 0.9465277777777777 0.23125 0.06805555555555555 0.04375
5 0.13125 0.433203125 0.18472222222222223 0.10390625
14 0.5850694444444444 0.419140625 0.6548611111111111 0.059375
14 0.2934027777777778 0.464453125 0.07152777777777777 0.02578125
5 0.35520833333333335 0.4626953125 0.027083333333333334 0.019140625
4 0.9465277777777777 0.403515625 0.06805555555555555 0.04375
5 0.13125 0.60546875 0.18472222222222223 0.10390625
14 0.5420138888888889 0.5912109375 0.56875 0.031640625
14 0.2934027777777778 0.62265625 0.07152777777777777 0.02578125
5 0.35520833333333335 0.6208984375 0.027083333333333334 0.019140625
4 0.9465277777777777 0.57578125 0.06805555555555555 0.04375
5 0.13125 0.777734375 0.18472222222222223 0.10390625
14 0.5850694444444444 0.763671875 0.6548611111111111 0.059375
14 0.2934027777777778 0.808984375 0.07152777777777777 0.02578125
5 0.35520833333333335 0.8072265625 0.027083333333333334 0.019140625
4 0.9465277777777777 0.748046875 0.06805555555555555 0.04375
5 0.13125 0.9162109375 0.18472222222222223 0.036328125
14 0.5135416666666667 0.9271484375 0.5118055555555555 0.014453125
14 0.2934027777777778 0.9443359375 0.07152777777777777 -0.019921875
5 0.35520833333333335 0.9451171875 0.027083333333333334 -0.021484375
4 0.9465277777777777 0.91640625 0.06805555555555555 0.0359375
5 0.0 0.1158203125 0.0 0.231640625
