14 0.5 0.13515625 0.9513888888888888 0.02421875
14 0.5 0.203125 0.9222222222222223 0.0296875
14 0.5 0.2890625 0.9222222222222223 0.0296875
14 0.5 0.375 0.9222222222222223 0.0296875
14 0.5 0.4609375 0.9222222222222223 0.0296875
14 0.5 0.546875 0.9222222222222223 0.0296875
14 0.5 0.6328125 0.9222222222222223 0.0296875
14 0.5 0.71875 0.9222222222222223 0.0296875
14 0.5 0.8046875 0.9222222222222223 0.0296875
14 0.5 0.8708984375 0.9222222222222223 -0.009765625
14 0.3545138888888889 0.0708984375 0.4173611111111111 0.036328125
4 0.06805555555555555 0.07109375 0.1361111111111111 0.0765625
