5 0.06805555555555555 0.6046875 0.058333333333333334 0.0328125
14 0.5875 0.6046875 0.825 0.0875
5 0.0 0.5609375 0.0 0.0
14 0.0 0.5609375 0.0 0.0
0 0.6618055555555555 0.6921875 0.2388888888888889 0.065625
0 0.8760416666666667 0.6921875 0.18958333333333333 0.065625
14 0.5 0.77578125 1.0 0.0765625
5 0.0875 0.85234375 0.058333333333333334 0.0328125
14 0.27361111111111114 0.8521484375 0.19722222222222222 0.033203125
5 0.0875 0.9234375 0.058333333333333334 0.021875
14 0.3125 0.9232421875 0.275 0.022265625
5 0.0875 0.96171875 0.058333333333333334 -0.0546875
14 0.4354166666666667 0.9615234375 0.5208333333333334 -0.054296875
