14 0.21354166666666666 0.0818359375 0.34930555555555554 0.036328125
0 0.9513888888888888 0.08203125 0.09722222222222222 0.065625
14 0.11736111111111111 0.1533203125 0.23472222222222222 0.066015625
5 0.0 0.186328125 0.0 0.0
14 0.0 0.186328125 0.0 0.0
6 0.5 0.5984375 0.24305555555555555 0.13671875
0 0.5 0.219140625 1.0 0.065625
14 0.390625 0.2984375 0.7326388888888888 0.065625
0 0.8663194444444444 0.2984375 0.21875 0.065625
14 0.05763888888888889 0.3681640625 0.0763888888888889 0.049609375
5 0.1701388888888889 0.41875 0.19444444444444445 0.109375
14 0.1701388888888889 0.5130859375 0.3013888888888889 0.079296875
14 0.39791666666666664 0.3681640625 0.0763888888888889 0.049609375
5 0.5104166666666666 0.41875 0.19444444444444445 0.109375
14 0.5104166666666666 0.5009765625 0.3013888888888889 0.055078125
14 0.7381944444444445 0.3681640625 0.0763888888888889 0.049609375
5 0.8506944444444444 0.41875 0.19444444444444445 0.109375
14 0.85 0.5130859375 0.3 0.079296875
14 0.390625 0.61796875 0.7326388888888888 0.065625
0 0.8663194444444444 0.61796875 0.21875 0.065625
14 0.03888888888888889 0.6876953125 0.03888888888888889 0.049609375
5 0.1701388888888889 0.73828125 0.19444444444444445 0.109375
14 0.1701388888888889 0.8205078125 0.3013888888888889 0.055078125
14 0.37916666666666665 0.6876953125 0.03888888888888889 0.049609375
5 0.5104166666666666 0.73828125 0.19444444444444445 0.109375
14 0.5104166666666666 0.8205078125 0.3013888888888889 0.055078125
14 0.7194444444444444 0.6876953125 0.03888888888888889 0.049609375
5 0.8506944444444444 0.73828125 0.19444444444444445 0.109375
14 0.85 0.8326171875 0.3 0.079296875
14 0.390625 0.91953125 0.7326388888888888 0.0296875
0 0.8663194444444444 0.91953125 0.21875 0.0296875
14 0.03888888888888889 0.9583984375 0.03888888888888889 -0.048046875
14 0.37916666666666665 0.9583984375 0.03888888888888889 -0.048046875
14 0.7194444444444444 0.9583984375 0.03888888888888889 -0.048046875
0 0.8930555555555556 0.87421875 0.1361111111111111 0.0765625
