5 0.5 0.48359375 1.0 0.9015625
14 1.0 0.130078125 0.0 0.0546875
14 1.0 0.186328125 0.0 0.0546875
14 1.0 0.242578125 0.0 0.0546875
14 1.0 0.298828125 0.0 0.0546875
14 1.0 0.79453125 0.0 0.0546875
14 1.0 0.85078125 0.0 0.0546875
14 1.0 0.90703125 0.0 0.0546875
14 0.0 0.478125 0.0 0.0
0 0.0 0.478125 0.0 0.0
5 0.0 0.478125 0.0 0.0
14 0.0 0.478125 0.0 0.0
0 0.0 0.478125 0.0 0.0
5 0.0 0.478125 0.0 0.0
14 0.0 0.478125 0.0 0.0
0 0.0 0.478125 0.0 0.0
14 0.0 0.478125 0.0 0.0
14 0.0 0.478125 0.0 0.0
5 0.0 0.478125 0.0 0.0
14 0.0 0.478125 0.0 0.0
14 0.0 0.478125 0.0 0.0
14 0.0 0.478125 0.0 0.0
5 0.0 0.478125 0.0 0.0
14 0.0 0.478125 0.0 0.0
14 0.0 0.478125 0.0 0.0
14 0.0 0.478125 0.0 0.0
5 0.0 0.478125 0.0 0.0
14 0.0 0.478125 0.0 0.0
14 0.0 0.478125 0.0 0.0
14 0.0 0.478125 0.0 0.0
5 0.0 0.478125 0.0 0.0
14 0.0 0.478125 0.0 0.0
14 0.0 0.478125 0.0 0.0
14 0.0 0.478125 0.0 0.0
5 0.0 0.478125 0.0 0.0
14 0.0 0.478125 0.0 0.0
14 0.0 0.478125 0.0 0.0
5 0.0 0.478125 0.0 0.0
14 0.0 0.478125 0.0 0.0
5 0.0 0.478125 0.0 0.0
14 0.0 0.478125 0.0 0.0
14 0.0 0.478125 0.0 0.0
5 0.0 0.478125 0.0 0.0
14 0.0 0.478125 0.0 0.0
14 0.0 0.478125 0.0 0.0
14 0.0 0.478125 0.0 0.0
5 0.0 0.478125 0.0 0.0
14 0.0 0.478125 0.0 0.0
14 0.0 0.478125 0.0 0.0
14 0.0 0.478125 0.0 0.0
5 0.0 0.478125 0.0 0.0
14 0.0 0.478125 0.0 0.0
14 0.0 0.478125 0.0 0.0
14 0.0 0.478125 0.0 0.0
5 0.0 0.478125 0.0 0.0
14 0.0 0.478125 0.0 0.0
14 0.0 0.478125 0.0 0.0
14 0.0 0.478125 0.0 0.0
5 0.0 0.478125 0.0 0.0
14 0.0 0.478125 0.0 0.0
14 0.33368055555555554 0.543359375 0.6673611111111111 0.03671875
14 0.33368055555555554 0.5763671875 0.6673611111111111 0.029296875
14 0.7392361111111111 0.546875 0.14375 0.0296875
14 0.7618055555555555 0.5755859375 0.09861111111111111 0.022265625
14 0.8996527777777777 0.559375 0.15208333333333332 0.0546875
14 0.33368055555555554 0.621484375 0.6673611111111111 0.03671875
14 0.33368055555555554 0.6544921875 0.6673611111111111 0.029296875
14 0.7392361111111111 0.625 0.14375 0.0296875
14 0.7618055555555555 0.6537109375 0.09861111111111111 0.022265625
14 0.8996527777777777 0.6375 0.15208333333333332 0.0546875
14 0.33368055555555554 0.699609375 0.6673611111111111 0.03671875
14 0.33368055555555554 0.7326171875 0.6673611111111111 0.029296875
14 0.7392361111111111 0.703125 0.14375 0.0296875
14 0.7618055555555555 0.7318359375 0.09861111111111111 0.022265625
14 0.8996527777777777 0.715625 0.15208333333333332 0.0546875
14 0.33368055555555554 0.777734375 0.6673611111111111 0.03671875
14 0.33368055555555554 0.8107421875 0.6673611111111111 0.029296875
14 0.7392361111111111 0.78125 0.14375 0.0296875
14 0.7618055555555555 0.8099609375 0.09861111111111111 0.022265625
14 0.8996527777777777 0.79375 0.15208333333333332 0.0546875
14 0.33368055555555554 0.86875 0.6673611111111111 0.0625
14 0.33368055555555554 0.9146484375 0.6673611111111111 0.029296875
14 0.7392361111111111 0.859375 0.14375 0.0296875
14 0.7618055555555555 0.8880859375 0.09861111111111111 0.022265625
14 0.8996527777777777 0.871875 0.15208333333333332 0.0546875
14 0.4878472222222222 0.9318359375 0.9756944444444444 0.005078125
14 0.4878472222222222 0.9501953125 0.9756944444444444 -0.031640625
0 0.0 0.478125 0.0 0.0
14 0.5 0.4962890625 0.49583333333333335 0.022265625
0 0.25 0.554296875 0.5 0.065625
0 0.75 0.554296875 0.5 0.065625
5 0.0 0.0328125 0.0 0.0
5 0.0 0.0328125 0.0 0.0
5 0.0 0.0328125 0.0 0.0
5 0.0 0.0328125 0.0 0.0
5 0.0 0.0328125 0.0 0.0
5 0.5 0.2203125 1.0 0.375
14 0.5 0.244140625 0.975 0.04375
14 0.5 0.2771484375 0.975 0.022265625
5 0.06076388888888889 0.3732421875 0.07291666666666667 0.041015625
5 0.12569444444444444 0.373046875 0.03194444444444444 0.01796875
5 0.1625 0.373046875 0.03194444444444444 0.01796875
5 0.19930555555555557 0.373046875 0.03194444444444444 0.01796875
5 0.2361111111111111 0.373046875 0.03194444444444444 0.01796875
5 0.27291666666666664 0.373046875 0.03194444444444444 0.01796875
14 0.3875 0.3732421875 0.13194444444444445 0.027734375
14 0.7184027777777777 0.3732421875 0.4895833333333333 0.041796875
14 0.16666666666666666 0.4419921875 0.3333333333333333 0.068359375
14 0.5 0.4419921875 0.3333333333333333 0.068359375
14 0.8333333333333334 0.4419921875 0.3333333333333333 0.068359375
5 0.040625 0.066796875 0.05625 0.02890625
14 0.5 0.0537109375 0.6583333333333333 0.036328125
14 0.5 0.0830078125 0.6583333333333333 0.022265625
5 0.965625 0.0669921875 0.04375 0.026171875
5 0.0 0.0328125 0.0 0.0
5 0.0 0.0328125 0.0 0.0
5 0.0 0.0328125 0.0 0.0
14 0.0 0.0328125 0.0 0.0
14 0.5 0.905859375 1.0 0.05703125
