4 0.06076388888888889 0.0669921875 0.12152777777777778 0.068359375
14 0.4822916666666667 0.066796875 0.2465277777777778 0.0421875
5 0.6295138888888889 0.0669921875 0.022916666666666665 0.007421875
4 0.9392361111111112 0.0669921875 0.12152777777777778 0.068359375
14 0.5104166666666666 0.14609375 0.9305555555555556 0.06796875
14 0.5104166666666666 0.2248046875 0.9305555555555556 0.089453125
14 0.08923611111111111 0.15390625 0.07152777777777777 0.08359375
14 0.5104166666666666 0.2861328125 0.9305555555555556 0.032421875
14 0.04513888888888889 0.2673828125 0.0 -0.005078125
14 0.5104166666666666 0.3380859375 0.9305555555555556 0.059765625
14 0.04513888888888889 0.3056640625 0.0 -0.005078125
14 0.5104166666666666 0.4171875 0.9305555555555556 0.08671875
14 0.04513888888888889 0.3712890625 0.0 -0.005078125
14 0.5104166666666666 0.509765625 0.9305555555555556 0.08671875
14 0.04513888888888889 0.4638671875 0.0 -0.005078125
14 0.5104166666666666 0.6158203125 0.9305555555555556 0.113671875
14 0.04513888888888889 0.5564453125 0.0 -0.005078125
14 0.5104166666666666 0.7083984375 0.9305555555555556 0.059765625
14 0.04513888888888889 0.6759765625 0.0 -0.005078125
14 0.5104166666666666 0.7875 0.9305555555555556 0.08671875
14 0.04513888888888889 0.7416015625 0.0 -0.005078125
14 0.5104166666666666 0.880078125 0.9305555555555556 0.08671875
14 0.04513888888888889 0.8341796875 0.0 -0.005078125
14 0.5104166666666666 0.9318359375 0.9305555555555556 0.005078125
14 0.04513888888888889 0.9267578125 0.0 -0.005078125
5 0.5 0.1052734375 1.0 0.008203125
5 0.5 0.369140625 0.1111111111111111 0.1046875
14 0.5 0.48359375 0.3375 0.05859375
14 0.4996527777777778 0.556640625 0.5854166666666667 0.04375
5 0.0 0.1607421875 0.0 0.255859375
14 0.0 0.3228515625 0.0 0.068359375
14 0.0 0.3943359375 0.0 0.068359375
14 0.0 0.4642578125 0.0 0.068359375
14 0.0 0.5341796875 0.0 0.068359375
14 0.0 0.6041015625 0.0 0.068359375
14 0.0 0.6740234375 0.0 0.068359375
14 0.0 0.7439453125 0.0 0.068359375
14 0.0 0.8138671875 0.0 0.068359375
