5 0.12777777777777777 0.1703125 0.25 0.140625
5 0.3784722222222222 0.1703125 0.25 0.140625
5 0.6291666666666667 0.1703125 0.25 0.140625
5 0.8760416666666667 0.1703125 0.2423611111111111 0.140625
5 0.12777777777777777 0.31640625 0.25 0.140625
5 0.3784722222222222 0.31640625 0.25 0.140625
5 0.6291666666666667 0.31640625 0.25 0.140625
5 0.8760416666666667 0.31640625 0.2423611111111111 0.140625
5 0.12777777777777777 0.4625 0.25 0.140625
5 0.3784722222222222 0.4625 0.25 0.140625
5 0.6291666666666667 0.4625 0.25 0.140625
5 0.8760416666666667 0.4625 0.2423611111111111 0.140625
5 0.12777777777777777 0.60859375 0.25 0.140625
5 0.3784722222222222 0.60859375 0.25 0.140625
5 0.6291666666666667 0.60859375 0.25 0.140625
5 0.8760416666666667 0.60859375 0.2423611111111111 0.140625
5 0.12777777777777777 0.7546875 0.25 0.140625
5 0.3784722222222222 0.7546875 0.25 0.140625
5 0.6291666666666667 0.7546875 0.25 0.140625
5 0.8760416666666667 0.7546875 0.2423611111111111 0.140625
5 0.12777777777777777 0.8474609375 0.25 0.033984375
5 0.3784722222222222 0.8474609375 0.25 0.033984375
5 0.6291666666666667 0.8474609375 0.25 0.033984375
5 0.8760416666666667 0.8474609375 0.2423611111111111 0.033984375
5 0.9399305555555556 0.1322265625 0.07152777777777777 0.040234375
5 0.019444444444444445 0.065625 0.03888888888888889 0.021875
5 0.06875 0.065625 0.07777777777777778 0.04375
14 0.29791666666666666 0.0654296875 0.3611111111111111 0.033203125
