14 0.0 0.109375 0.0 0.0
11 0.0 0.109375 0.0 0.0
14 0.0 0.109375 0.0 0.0
14 0.0 0.109375 0.0 0.0
14 0.0 0.109375 0.0 0.0
14 0.0 0.109375 0.0 0.0
14 0.5 0.1296875 1.0 0.034375
14 0.5 0.1923828125 1.0 0.087890625
5 0.290625 0.1642578125 0.12152777777777778 0.068359375
14 0.4375 0.1642578125 0.12361111111111112 0.033203125
5 0.06319444444444444 0.26015625 0.07777777777777778 0.04375
14 0.18159722222222222 0.2599609375 0.11041666666666666 0.033203125
5 0.06319444444444444 0.34375 0.07777777777777778 0.04375
14 0.20798611111111112 0.3435546875 0.16319444444444445 0.033203125
5 0.06319444444444444 0.42734375 0.07777777777777778 0.04375
14 0.22395833333333334 0.4271484375 0.1951388888888889 0.033203125
5 0.06319444444444444 0.5109375 0.07777777777777778 0.04375
14 0.17673611111111112 0.5107421875 0.10069444444444445 0.033203125
14 0.24131944444444445 0.07109375 0.1909722222222222 0.0390625
4 0.06805555555555555 0.07109375 0.1361111111111111 0.0765625
