4 0.06805555555555555 0.07109375 0.11666666666666667 0.065625
5 0.175 0.07109375 0.0875 0.04921875
5 0.2722222222222222 0.07109375 0.0875 0.04921875
5 0.36944444444444446 0.07109375 0.0875 0.04921875
5 0.4666666666666667 0.07109375 0.0875 0.04921875
5 0.5638888888888889 0.07109375 0.0875 0.04921875
5 0.6611111111111111 0.07109375 0.0875 0.04921875
5 0.7583333333333333 0.07109375 0.0875 0.04921875
5 0.8555555555555555 0.07109375 0.0875 0.04921875
5 0.9496527777777778 0.07109375 0.08125 0.04921875
5 0.058333333333333334 0.14765625 0.0875 0.04921875
5 0.15555555555555556 0.14765625 0.0875 0.04921875
5 0.25277777777777777 0.14765625 0.0875 0.04921875
5 0.35 0.14765625 0.0875 0.04921875
5 0.44722222222222224 0.14765625 0.0875 0.04921875
5 0.5444444444444444 0.14765625 0.0875 0.04921875
5 0.6416666666666667 0.14765625 0.0875 0.04921875
4 0.9319444444444445 0.89609375 0.1361111111111111 0.0765625
4 0.9319444444444445 0.58203125 0.1361111111111111 0.0765625
4 0.0 0.85234375 0.0 0.0
14 0.0 0.85234375 0.0 0.0
14 0.0 0.85234375 0.0 0.0
5 0.0 0.85234375 0.0 0.0
4 0.06805555555555555 0.893359375 0.11666666666666667 0.065625
14 0.0 0.85234375 0.0 0.0
14 0.0 0.85234375 0.0 0.0
14 0.0 0.85234375 0.0 0.0
14 0.0 0.85234375 0.0 0.0
14 0.459375 0.8029296875 0.2798611111111111 0.048046875
5 0.6604166666666667 0.803125 0.11666666666666667 0.065625
14 0.0 0.0328125 0.0 0.0
14 0.0 0.0328125 0.0 0.0
14 0.0 0.0328125 0.0 0.0
14 0.0 0.0328125 0.0 0.0
14 0.0 0.0328125 0.0 0.0
14 0.0 0.0328125 0.0 0.0
14 0.0 0.0328125 0.0 0.0
14 0.0 0.0328125 0.0 0.0
5 0.0 0.0328125 0.0 0.0
14 0.0 0.0328125 0.0 0.0
14 0.0 0.0328125 0.0 0.0
14 0.0 0.0328125 0.0 0.0
14 0.0 0.0328125 0.0 0.0
14 0.0 0.0328125 0.0 0.0
14 0.0 0.0328125 0.0 0.0
14 0.0 0.0328125 0.0 0.0
14 0.0 0.0328125 0.0 0.0
5 0.0 0.0328125 0.0 0.0
14 0.0 0.0328125 0.0 0.0
14 0.0 0.0328125 0.0 0.0
14 0.0 0.0328125 0.0 0.0
14 0.0 0.0328125 0.0 0.0
14 0.0 0.0328125 0.0 0.0
14 0.0 0.0328125 0.0 0.0
14 0.0 0.0328125 0.0 0.0
14 0.0 0.0328125 0.0 0.0
14 0.0 0.0328125 0.0 0.0
14 0.0 0.0328125 0.0 0.0
14 0.0 0.0328125 0.0 0.0
14 0.0 0.0328125 0.0 0.0
14 0.0 0.0328125 0.0 0.0
14 0.0 0.0328125 0.0 0.0
14 0.0 0.0328125 0.0 0.0
14 0.0 0.0328125 0.0 0.0
5 0.0 0.0328125 0.0 0.0
5 0.0 0.0328125 0.0 0.0
