14 0.0 0.109375 0.0 0.0
11 0.0 0.109375 0.0 0.0
5 0.0875 0.165625 0.09722222222222222 0.0546875
14 0.4 0.153125 0.45 0.0296875
14 0.8003472222222222 0.153125 0.3215277777777778 0.0296875
14 0.4152777777777778 0.180859375 0.48055555555555557 0.02578125
14 0.8180555555555555 0.180859375 0.2861111111111111 0.02578125
14 0.36666666666666664 0.180859375 0.38333333333333336 0.02578125
14 0.7694444444444445 0.180859375 0.38333333333333336 0.02578125
14 0.36666666666666664 0.180859375 0.38333333333333336 0.02578125
14 0.7694444444444445 0.180859375 0.38333333333333336 0.02578125
14 0.36666666666666664 0.180859375 0.38333333333333336 0.02578125
14 0.7694444444444445 0.180859375 0.38333333333333336 0.02578125
14 0.36666666666666664 0.180859375 0.38333333333333336 0.02578125
14 0.7694444444444445 0.180859375 0.38333333333333336 0.02578125
0 0.25243055555555555 0.2609375 0.4270833333333333 0.065625
0 0.746875 0.2609375 0.4270833333333333 0.065625
14 0.10520833333333333 0.345703125 0.1326388888888889 0.0296875
14 0.29375 0.3734375 0.5097222222222222 0.02578125
14 0.1361111111111111 0.446484375 0.19444444444444445 0.0296875
14 0.13333333333333333 0.47421875 0.18888888888888888 0.02578125
14 0.146875 0.547265625 0.21597222222222223 0.0296875
14 0.21979166666666666 0.575 0.36180555555555555 0.02578125
14 0.14930555555555555 0.648046875 0.22083333333333333 0.0296875
14 0.09513888888888888 0.67578125 0.1125 0.02578125
14 0.17465277777777777 0.748828125 0.27152777777777776 0.0296875
14 0.15416666666666667 0.7765625 0.23055555555555557 0.02578125
14 0.10034722222222223 0.849609375 0.12291666666666666 0.0296875
14 0.309375 0.87734375 0.5409722222222222 0.02578125
14 0.11041666666666666 0.9349609375 0.14305555555555555 -0.001171875
14 0.3434027777777778 0.9498046875 0.6090277777777777 -0.030859375
6 0.0 0.109375 0.0 0.0
14 0.0 0.109375 0.0 0.0
0 0.0 0.109375 0.0 0.0
0 0.0 0.109375 0.0 0.0
0 0.0 0.109375 0.0 0.0
0 0.0 0.109375 0.0 0.0
14 0.12986111111111112 0.0708984375 0.18194444444444444 0.036328125
