5 0.5 0.28125 1.0 0.5625
5 0.06805555555555555 0.068359375 0.09722222222222222 0.0546875
5 0.42430555555555555 0.515234375 0.05138888888888889 0.02890625
14 0.5253472222222222 0.515234375 0.15069444444444444 0.0671875
14 0.5 0.5890625 1.0 0.053125
14 0.5 0.6501953125 1.0 0.069140625
14 0.5277777777777778 0.67734375 0.03888888888888889 0.02578125
14 0.0 0.5791015625 0.0 -0.073046875
14 0.0 0.5791015625 0.0 -0.073046875
14 0.5 0.768359375 1.0 0.1421875
14 0.5277777777777778 0.83203125 0.03888888888888889 0.02578125
14 0.0 0.697265625 0.0 0.0
14 0.0 0.697265625 0.0 0.0
14 0.5 0.8931640625 1.0 0.082421875
14 0.5277777777777778 0.9541015625 0.03888888888888889 -0.039453125
14 0.0 0.851953125 0.0 0.0
14 0.0 0.851953125 0.0 0.0
5 0.0 0.0 0.0 0.0
14 0.0 0.0 0.0 0.0
5 0.0 0.0 0.0 0.0
14 0.0 0.0 0.0 0.0
14 0.0 0.0 0.0 0.0
5 0.9076388888888889 0.882421875 0.1361111111111111 0.0765625
5 0.06805555555555555 0.89609375 0.0875 0.04921875
