5 0.5 0.48359375 1.0 0.9015625
5 0.5 0.48359375 1.0 0.9015625
5 0.5 0.0548828125 0.8694444444444445 0.044140625
0 0.15034722222222222 0.380078125 0.22708333333333333 0.07578125
0 0.8378472222222222 0.380078125 0.25069444444444444 0.06875
14 0.9100694444444445 0.1720703125 0.049305555555555554 0.027734375
14 0.4513888888888889 0.1748046875 0.7722222222222223 0.033203125
14 0.48194444444444445 0.2119140625 0.7888888888888889 0.041015625
14 0.46111111111111114 0.2830078125 0.7916666666666666 0.068359375
14 0.16458333333333333 0.3392578125 0.1986111111111111 0.022265625
5 0.5 0.4953125 0.8694444444444445 0.24609375
0 0.8378472222222222 0.716015625 0.25069444444444444 0.06875
5 0.11979166666666667 0.716015625 0.18680555555555556 0.0546875
14 0.44583333333333336 0.7037109375 0.4652777777777778 0.036328125
14 0.4326388888888889 0.733984375 0.4388888888888889 0.02421875
14 0.9180555555555555 0.8439453125 0.03333333333333333 0.027734375
14 0.4513888888888889 0.8466796875 0.7722222222222223 0.033203125
14 0.48194444444444445 0.8837890625 0.7888888888888889 0.041015625
14 0.46111111111111114 0.9275390625 0.7916666666666666 0.013671875
4 0.9489583333333333 0.0232421875 0.10208333333333333 -0.019140625
4 0.846875 0.0224609375 0.10208333333333333 -0.020703125
4 0.7361111111111112 0.025 0.11944444444444445 -0.015625
5 0.0 0.101171875 0.0 0.0
5 0.0 0.101171875 0.0 0.0
14 0.0 0.101171875 0.0 0.0
14 0.0 0.101171875 0.0 0.0
14 0.0 0.0328125 0.0 0.0
14 0.0 0.0328125 0.0 0.0
14 0.0 0.0328125 0.0 0.0
4 0.057291666666666664 0.066796875 0.11458333333333333 0.06171875
4 0.9427083333333334 0.066796875 0.11458333333333333 0.06171875
14 0.5 0.0669921875 0.7708333333333334 0.033203125
14 0.012152777777777778 0.9458984375 0.024305555555555556 -0.023046875
4 0.9427083333333334 0.9359375 0.11458333333333333 -0.003125
4 0.828125 0.9359375 0.11458333333333333 -0.003125
4 0.7135416666666666 0.9359375 0.11458333333333333 -0.003125
5 0.0 0.19296875 0.0 0.3203125
4 0.0 0.066796875 0.0 0.06171875
4 0.0 0.9 0.0 0.06171875
5 1.0 0.101171875 0.0 0.0
5 1.0 0.101171875 0.0 0.0
14 1.0 0.101171875 0.0 0.0
14 1.0 0.101171875 0.0 0.0
14 1.0 0.101171875 0.0 0.0
14 1.0 0.0328125 0.0 0.0
14 1.0 0.0328125 0.0 0.0
14 1.0 0.0328125 0.0 0.0
4 1.0 0.066796875 0.0 0.06171875
14 1.0 0.9001953125 0.0 0.022265625
6 1.0 0.0396484375 0.0 0.013671875
