14 0.0 0.0 0.0 0.0
6 0.5 0.182421875 0.03888888888888889 0.021875
14 0.5194444444444445 0.182421875 0.0 0.02578125
5 0.2673611111111111 0.1353515625 0.4861111111111111 0.041015625
0 0.024305555555555556 0.11484375 0.0 0.0
0 0.024305555555555556 0.11484375 0.0 0.0
5 0.2673611111111111 0.1353515625 0.4861111111111111 0.041015625
6 0.325 0.866015625 0.03888888888888889 0.021875
14 0.34444444444444444 0.866015625 0.0 0.02578125
0 0.6746527777777778 0.8658203125 0.03958333333333333 0.020703125
5 0.4996527777777778 0.0662109375 0.3645833333333333 0.030859375
0 0.3173611111111111 0.05078125 0.0 0.0
0 0.3173611111111111 0.05078125 0.0 0.0
5 0.4996527777777778 0.0662109375 0.3645833333333333 0.030859375
0 0.06076388888888889 0.0669921875 0.12152777777777778 0.068359375
0 0.9392361111111112 0.0669921875 0.12152777777777778 0.068359375
