5 0.5 0.150390625 1.0 0.30078125
14 0.5 0.373828125 0.8055555555555556 0.08046875
14 0.5 0.4349609375 0.5652777777777778 0.019921875
14 0.4996527777777778 0.4658203125 0.17569444444444443 0.019921875
5 0.03888888888888889 0.30078125 0.0 0.0
14 0.03888888888888889 0.30078125 0.0 0.0
14 0.3909722222222222 0.546484375 0.09583333333333334 0.02578125
14 0.5871527777777777 0.546484375 0.15902777777777777 0.02578125
5 0.34375 0.60703125 0.03888888888888889 0.021875
14 0.5288194444444444 0.6068359375 0.2923611111111111 0.019921875
14 0.5 0.6859375 0.25277777777777777 0.0265625
14 0.2125 0.7646484375 0.3472222222222222 0.023046875
14 0.34444444444444444 0.817578125 0.6111111111111112 0.04453125
14 0.08020833333333334 0.8662109375 0.08263888888888889 0.019921875
5 0.8347222222222223 0.82578125 0.25277777777777777 0.1421875
14 0.28229166666666666 0.935546875 0.48680555555555555 -0.00234375
14 0.34444444444444444 0.956640625 0.6111111111111112 -0.04453125
5 0.8347222222222223 0.936328125 0.25277777777777777 -0.00390625
5 0.8833333333333333 0.86875 0.03888888888888889 0.021875
14 0.4534722222222222 0.8697265625 0.5597222222222222 0.041796875
5 0.7697916666666667 0.8697265625 0.07291666666666667 0.041015625
14 0.0 0.934375 0.0 0.0
14 0.0 0.934375 0.0 0.0
0 0.5 0.934375 1.0 0.0
5 0.06805555555555555 0.07109375 0.1361111111111111 0.0765625
5 0.9319444444444445 0.07109375 0.1361111111111111 0.0765625
5 0.0 0.0 0.0 0.0
5 0.0 0.0 0.0 0.0
14 0.0 0.0 0.0 0.0
14 0.0 0.0 0.0 0.0
