14 0.5072916666666667 0.07109375 0.18819444444444444 0.040625
14 0.1361111111111111 0.0708984375 0.0 0.037109375
4 0.06805555555555555 0.07109375 0.1361111111111111 0.0765625
3 0.5 0.16953125 0.9222222222222223 0.0390625
3 0.5 0.26015625 0.9222222222222223 0.0390625
3 0.5 0.35078125 0.9222222222222223 0.0390625
3 0.5 0.44140625 0.9222222222222223 0.0390625
3 0.5 0.53203125 0.9222222222222223 0.0390625
3 0.5 0.62265625 0.9222222222222223 0.0390625
0 0.5 0.7162109375 0.9222222222222223 0.066015625
3 0.5 0.82734375 1.0 0.1125
