5 0.17916666666666667 0.07109375 0.32916666666666666 0.04921875
14 0.0 0.0328125 0.0 0.0
14 0.0 0.0328125 0.0 0.0
5 0.0 0.0328125 0.0 0.0
14 0.0 0.408203125 0.0 0.02734375
14 0.0 0.454296875 0.0 0.06484375
5 0.5 0.308203125 0.2916666666666667 0.1640625
14 0.5 0.424609375 1.0 0.02734375
14 0.5 0.470703125 1.0 0.06484375
0 0.4996527777777778 0.63203125 0.6076388888888888 0.065625
14 0.0 0.109375 0.0 0.0
0 0.0 0.109375 0.0 0.0
14 1.0 0.109375 0.0 0.0
5 1.0 0.109375 0.0 0.0
14 1.0 0.109375 0.0 0.0
14 1.0 0.109375 0.0 0.0
14 1.0 0.109375 0.0 0.0
5 0.1 0.8841796875 0.2 0.041796875
14 0.1 0.9142578125 0.2 0.018359375
5 0.1 0.8841796875 0.2 0.041796875
14 0.1 0.9142578125 0.2 0.018359375
5 0.3 0.8841796875 0.2 0.041796875
14 0.3 0.9142578125 0.2 0.018359375
5 0.3 0.8841796875 0.2 0.041796875
14 0.3 0.9142578125 0.2 0.018359375
5 0.5 0.8841796875 0.2 0.041796875
14 0.5 0.9142578125 0.2 0.018359375
5 0.5 0.8841796875 0.2 0.041796875
14 0.5 0.9142578125 0.2 0.018359375
5 0.7 0.8841796875 0.2 0.041796875
14 0.7 0.9142578125 0.2 0.018359375
5 0.7 0.8841796875 0.2 0.041796875
14 0.7 0.9142578125 0.2 0.018359375
5 0.9 0.8841796875 0.2 0.041796875
14 0.9 0.9142578125 0.2 0.018359375
5 0.9 0.8841796875 0.2 0.041796875
14 0.9 0.9142578125 0.2 0.018359375
