5 0.2670138888888889 0.225390625 0.4326388888888889 0.16875
14 0.228125 0.3369140625 0.3548611111111111 0.025390625
5 0.4444444444444444 0.337109375 0.07777777777777778 0.04375
14 0.13229166666666667 0.37890625 0.16319444444444445 0.02109375
14 0.3486111111111111 0.37890625 0.26944444444444443 0.02109375
5 0.7232638888888889 0.225390625 0.4326388888888889 0.16875
14 0.684375 0.3390625 0.3548611111111111 0.04765625
5 0.9006944444444445 0.3390625 0.07777777777777778 0.04375
14 0.6 0.37890625 0.18611111111111112 0.02109375
14 0.8163194444444445 0.37890625 0.2465277777777778 0.02109375
5 0.2670138888888889 0.511328125 0.4326388888888889 0.16875
14 0.228125 0.625 0.3548611111111111 0.04765625
5 0.4444444444444444 0.625 0.07777777777777778 0.04375
14 0.14027777777777778 0.66484375 0.17916666666666667 0.02109375
14 0.35659722222222223 0.66484375 0.2534722222222222 0.02109375
5 0.7232638888888889 0.511328125 0.4326388888888889 0.16875
14 0.684375 0.625 0.3548611111111111 0.04765625
5 0.9006944444444445 0.625 0.07777777777777778 0.04375
14 0.5961805555555556 0.66484375 0.17847222222222223 0.02109375
14 0.8125 0.66484375 0.25416666666666665 0.02109375
5 0.2670138888888889 0.797265625 0.4326388888888889 0.16875
14 0.228125 0.9087890625 0.3548611111111111 0.025390625
5 0.4444444444444444 0.908984375 0.07777777777777778 0.04375
14 0.13993055555555556 0.9373046875 0.17847222222222223 -0.005859375
14 0.35625 0.9373046875 0.25416666666666665 -0.005859375
5 0.7232638888888889 0.797265625 0.4326388888888889 0.16875
14 0.684375 0.9107421875 0.3548611111111111 0.047265625
5 0.9006944444444445 0.9109375 0.07777777777777778 0.04375
14 0.5885416666666666 0.9373046875 0.16319444444444445 -0.005859375
14 0.8048611111111111 0.9373046875 0.26944444444444443 -0.005859375
14 0.5 0.50078125 0.9222222222222223 0.26953125
14 0.28923611111111114 0.678515625 0.5784722222222223 0.0421875
14 0.7892361111111111 0.678515625 0.4215277777777778 0.0421875
14 0.2746527777777778 0.920703125 0.5243055555555556 0.02734375
6 0.5 0.934375 1.0 0.0
11 0.35520833333333335 0.95625 0.7104166666666667 -0.04375
3 0.0 0.9357421875 0.0 -0.002734375
14 0.796875 0.9466796875 0.09513888888888888 -0.024609375
4 0.9222222222222223 0.9453125 0.07777777777777778 -0.021875
14 0.3888888888888889 0.14765625 0.7 0.065625
14 0.3888888888888889 0.21328125 0.7 0.065625
14 0.3888888888888889 0.27890625 0.7 0.065625
14 0.3888888888888889 0.34453125 0.7 0.065625
14 0.3888888888888889 0.41015625 0.7 0.065625
14 0.3888888888888889 0.47578125 0.7 0.065625
14 0.3888888888888889 0.56484375 0.7 0.065625
14 0.3888888888888889 0.63046875 0.7 0.065625
4 0.06805555555555555 0.07109375 0.1361111111111111 0.0765625
0 0.9513888888888888 0.07109375 0.09722222222222222 0.065625
14 0.2378472222222222 0.0708984375 0.12569444444444444 0.036328125
