14 0.25763888888888886 0.056640625 0.14583333333333334 0.02421875
14 0.2420138888888889 0.0818359375 0.11458333333333333 0.036328125
5 0.33819444444444446 0.081640625 0.019444444444444445 0.00546875
10 0.34375 0.0708984375 0.3375 0.058203125
4 0.06805555555555555 0.07109375 0.1361111111111111 0.0765625
14 0.07881944444444444 0.144140625 0.11875 0.06953125
14 0.8510416666666667 0.3328125 0.1423611111111111 0.0296875
14 0.6208333333333333 0.3328125 0.12638888888888888 0.0296875
5 0.0875 0.3328125 0.058333333333333334 0.0328125
14 0.2065972222222222 0.3328125 0.14097222222222222 0.0296875
14 0.6524305555555555 0.37109375 0.06319444444444444 0.0296875
5 0.0875 0.37109375 0.058333333333333334 0.0328125
14 0.19409722222222223 0.37109375 0.11597222222222223 0.0296875
4 0.08055555555555556 0.440234375 0.09722222222222222 0.0546875
4 0.17777777777777778 0.440234375 0.09722222222222222 0.0546875
4 0.275 0.440234375 0.09722222222222222 0.0546875
4 0.9194444444444444 0.440234375 0.09722222222222222 0.0546875
14 0.0 0.47109375 0.0 0.0
5 0.5 0.684765625 0.9611111111111111 0.40546875
14 0.8777777777777778 0.517578125 0.12777777777777777 0.02734375
5 0.5 0.684765625 0.9611111111111111 0.40546875
5 0.058333333333333334 0.739453125 0.0 0.0
14 0.058333333333333334 0.739453125 0.0 0.0
14 0.5 0.7771484375 0.8833333333333333 0.075390625
14 0.058333333333333334 0.8564453125 0.0 0.022265625
4 0.08055555555555556 0.856640625 0.09722222222222222 0.0546875
4 0.17777777777777778 0.856640625 0.09722222222222222 0.0546875
4 0.275 0.856640625 0.09722222222222222 0.0546875
4 0.9194444444444444 0.856640625 0.09722222222222222 0.0546875
14 0.0 0.8875 0.0 0.0
5 0.0875 0.946484375 0.058333333333333334 -0.02421875
14 0.8645833333333334 0.92734375 0.15416666666666667 0.0140625
14 0.5177083333333333 0.92734375 0.5395833333333333 0.0140625
14 0.3076388888888889 0.9435546875 0.11944444444444445 -0.018359375
5 0.0 0.17890625 0.0 0.0
14 0.0 0.17890625 0.0 0.0
14 0.0 0.17890625 0.0 0.0
5 0.0 0.17890625 0.0 0.0
14 0.0 0.17890625 0.0 0.0
0 0.0 0.17890625 0.0 0.0
14 0.9263888888888889 0.9162109375 0.14722222222222223 0.036328125
4 0.8930555555555556 0.87421875 0.1361111111111111 0.0765625
14 0.921875 0.9162109375 0.15625 0.036328125
4 0.8930555555555556 0.87421875 0.1361111111111111 0.0765625
14 0.8822916666666667 0.9162109375 0.23541666666666666 0.036328125
4 0.8930555555555556 0.87421875 0.1361111111111111 0.0765625
4 0.8930555555555556 0.87421875 0.1361111111111111 0.0765625
5 0.0 0.109375 0.0 0.0
14 0.0 0.109375 0.0 0.0
0 0.0 0.109375 0.0 0.0
14 0.0 0.065625 0.0 0.02578125
4 0.0 0.065625 0.0 0.065625
5 0.0 0.219140625 0.0 0.065625
14 0.0 0.29609375 0.0 0.065625
5 0.0 0.635546875 0.0 0.065625
14 0.0 0.7125 0.0 0.065625
