5 0.06805555555555555 0.07109375 0.11666666666666667 0.065625
14 0.5729166666666666 0.07109375 0.8152777777777778 0.0296875
14 0.9805555555555555 0.0328125 0.0 0.0
14 0.9805555555555555 0.0328125 0.0 0.0
14 0.5 0.1498046875 1.0 0.080859375
11 0.9180555555555555 0.2310546875 0.11527777777777778 0.037109375
14 0.43645833333333334 0.23125 0.7993055555555556 0.0296875
11 0.5 0.23125 1.0 0.08203125
14 0.5 0.3119140625 1.0 0.079296875
11 0.9180555555555555 0.3923828125 0.11527777777777778 0.037109375
14 0.43645833333333334 0.392578125 0.7993055555555556 0.0296875
11 0.5 0.392578125 1.0 0.08203125
11 0.9180555555555555 0.4744140625 0.11527777777777778 0.037109375
14 0.43645833333333334 0.474609375 0.7993055555555556 0.0296875
11 0.5 0.474609375 1.0 0.08203125
11 0.9180555555555555 0.5564453125 0.11527777777777778 0.037109375
14 0.43645833333333334 0.556640625 0.7993055555555556 0.0296875
11 0.5 0.556640625 1.0 0.08203125
11 0.9180555555555555 0.6384765625 0.11527777777777778 0.037109375
14 0.43645833333333334 0.638671875 0.7993055555555556 0.0296875
11 0.5 0.638671875 1.0 0.08203125
11 0.9180555555555555 0.7205078125 0.11527777777777778 0.037109375
14 0.43645833333333334 0.720703125 0.7993055555555556 0.0296875
11 0.5 0.720703125 1.0 0.08203125
11 0.9180555555555555 0.8025390625 0.11527777777777778 0.037109375
14 0.43645833333333334 0.802734375 0.7993055555555556 0.0296875
11 0.5 0.802734375 1.0 0.08203125
5 0.4222222222222222 0.0875 0.3416666666666667 0.0546875
14 0.4222222222222222 0.1859375 0.7666666666666667 0.065625
14 0.4222222222222222 0.2515625 0.7666666666666667 0.065625
14 0.4222222222222222 0.3171875 0.7666666666666667 0.065625
14 0.4222222222222222 0.3828125 0.7666666666666667 0.065625
14 0.4222222222222222 0.4484375 0.7666666666666667 0.065625
14 0.4222222222222222 0.5375 0.7666666666666667 0.065625
14 0.4222222222222222 0.603125 0.7666666666666667 0.065625
14 0.4222222222222222 0.66875 0.7666666666666667 0.065625
14 0.4222222222222222 0.734375 0.7666666666666667 0.065625
14 0.4222222222222222 0.8234375 0.7666666666666667 0.065625
14 0.4222222222222222 0.8890625 0.7666666666666667 0.065625
14 0.4222222222222222 0.928125 0.7666666666666667 0.0125
