14 0.15381944444444445 0.1421875 0.2881944444444444 0.065625
14 0.44375 0.1421875 0.2916666666666667 0.065625
14 0.6986111111111111 0.1421875 0.21805555555555556 0.065625
4 0.060069444444444446 0.1421875 0.12013888888888889 0.065625
3 0.5 0.1421875 0.7597222222222222 0.065625
4 0.9399305555555556 0.1421875 0.12013888888888889 0.065625
14 0.5 0.194921875 0.9805555555555555 0.02578125
7 0.12083333333333333 0.2498046875 0.2222222222222222 0.058984375
7 0.3503472222222222 0.2498046875 0.23680555555555555 0.058984375
7 0.5819444444444445 0.2498046875 0.2263888888888889 0.058984375
14 0.5 0.3046875 0.9805555555555555 0.02578125
5 0.10347222222222222 0.385546875 0.17777777777777778 0.1
5 0.10347222222222222 0.385546875 0.17777777777777778 0.1
14 0.3611111111111111 0.3603515625 0.31805555555555554 0.049609375
14 0.3333333333333333 0.4017578125 0.2625 0.027734375
1 0.8885416666666667 0.3919921875 0.16458333333333333 0.047265625
5 0.10347222222222222 0.50703125 0.17777777777777778 0.1
5 0.10347222222222222 0.50703125 0.17777777777777778 0.1
14 0.3298611111111111 0.4818359375 0.25555555555555554 0.049609375
14 0.33194444444444443 0.5232421875 0.25972222222222224 0.027734375
1 0.8885416666666667 0.5134765625 0.16458333333333333 0.047265625
5 0.10347222222222222 0.628515625 0.17777777777777778 0.1
5 0.10347222222222222 0.628515625 0.17777777777777778 0.1
14 0.23020833333333332 0.6033203125 0.05625 0.049609375
14 0.3333333333333333 0.6447265625 0.2625 0.027734375
1 0.8885416666666667 0.6349609375 0.16458333333333333 0.047265625
5 0.0920138888888889 0.1630859375 0.05763888888888889 0.036328125
14 0.3642361111111111 0.1650390625 0.48680555555555555 0.040234375
0 0.19583333333333333 0.2466796875 0.30416666666666664 0.062890625
0 0.5388888888888889 0.2466796875 0.30416666666666664 0.062890625
4 0.9336805555555555 0.1521484375 0.10347222222222222 0.058203125
14 0.4270833333333333 0.3220703125 0.7666666666666667 0.033203125
1 0.8833333333333333 0.3244140625 0.14583333333333334 0.037109375
14 0.30486111111111114 0.3908203125 0.48333333333333334 0.036328125
7 0.19166666666666668 0.4548828125 0.2375 0.058984375
7 0.23402777777777778 0.5138671875 0.32222222222222224 0.058984375
14 0.4270833333333333 0.5873046875 0.7666666666666667 0.033203125
1 0.8833333333333333 0.5896484375 0.14583333333333334 0.037109375
7 0.21180555555555555 0.6619140625 0.33611111111111114 0.058984375
7 0.28541666666666665 0.7208984375 0.48333333333333334 0.058984375
5 0.5 0.664453125 0.1361111111111111 0.0765625
0 0.0 0.1421875 0.0 0.065625
0 0.0 0.2078125 0.0 0.065625
0 0.0 0.2734375 0.0 0.065625
0 0.0 0.3390625 0.0 0.065625
0 0.0 0.4046875 0.0 0.065625
0 0.0 0.4703125 0.0 0.065625
0 0.0 0.5359375 0.0 0.065625
0 0.0 0.6015625 0.0 0.065625
0 0.0 0.6671875 0.0 0.065625
0 0.0 0.7328125 0.0 0.065625
0 0.0 0.7984375 0.0 0.065625
0 0.0 0.8640625 0.0 0.065625
0 0.0 0.915625 0.0 0.0375
14 0.22881944444444444 0.0708984375 0.1076388888888889 0.036328125
4 0.06805555555555555 0.07109375 0.1361111111111111 0.0765625
