5 0.16666666666666666 0.143359375 0.07777777777777778 0.04375
5 0.5 0.143359375 0.07777777777777778 0.04375
5 0.8333333333333334 0.143359375 0.07777777777777778 0.04375
14 0.5 0.555859375 0.9513888888888888 0.02578125
5 0.38819444444444445 0.9001953125 0.06111111111111111 0.030078125
14 0.5364583333333334 0.9001953125 0.21041666666666667 0.027734375
14 0.5 0.216796875 0.2513888888888889 0.078125
5 0.0 0.109375 0.0 0.0
5 0.25 0.143359375 0.07777777777777778 0.04375
5 0.0 0.109375 0.0 0.0
5 0.75 0.143359375 0.07777777777777778 0.04375
14 0.5 0.216796875 0.2513888888888889 0.078125
14 0.5 0.49453125 0.9513888888888888 0.02578125
5 0.38819444444444445 0.7771484375 0.06111111111111111 0.030078125
14 0.5364583333333334 0.7771484375 0.21041666666666667 0.027734375
14 0.5184027777777778 0.8333984375 0.9631944444444445 0.041015625
5 0.08541666666666667 0.88125 0.09722222222222222 0.0546875
14 0.08541666666666667 0.894921875 0.09722222222222222 0.02734375
4 0.890625 0.8728515625 0.1701388888888889 0.095703125
14 0.2267361111111111 0.0708984375 0.16180555555555556 0.036328125
4 0.06805555555555555 0.07109375 0.1361111111111111 0.0765625
