5 0.5 0.48359375 1.0 0.9015625
14 0.25798611111111114 0.90546875 0.11319444444444444 0.03125
14 0.41180555555555554 0.90546875 0.09305555555555556 0.03125
14 0.571875 0.90546875 0.12569444444444444 0.03125
14 0.7760416666666666 0.90546875 0.18541666666666667 0.03125
14 0.059375 0.78203125 0.07013888888888889 0.02578125
14 0.059722222222222225 0.8115234375 0.08888888888888889 0.033203125
14 0.225 0.78203125 0.1736111111111111 0.02578125
14 0.34618055555555555 0.78203125 0.06875 0.02578125
14 0.225 0.8078125 0.1736111111111111 0.02578125
14 0.34618055555555555 0.8078125 0.06875 0.02578125
14 0.225 0.83359375 0.1736111111111111 0.02578125
14 0.34618055555555555 0.83359375 0.06875 0.02578125
14 0.225 0.859375 0.1736111111111111 0.02578125
14 0.34618055555555555 0.859375 0.06875 0.02578125
5 0.09444444444444444 0.86015625 0.04861111111111111 0.02734375
5 0.41180555555555554 0.821484375 0.002777777777777778 0.1078125
14 0.5038194444444445 0.7845703125 0.07013888888888889 0.033984375
5 0.5034722222222222 0.820703125 0.06805555555555555 0.03828125
14 0.4618055555555556 0.85703125 0.07777777777777778 0.02578125
5 0.5038194444444445 0.85703125 0.0006944444444444445 0.0171875
14 0.5458333333333333 0.85703125 0.07777777777777778 0.02578125
5 0.5947916666666667 0.821484375 0.0006944444444444445 0.0921875
14 0.6854166666666667 0.7845703125 0.08472222222222223 0.033984375
5 0.6854166666666667 0.820703125 0.06805555555555555 0.03828125
14 0.64375 0.85703125 0.07777777777777778 0.02578125
5 0.6857638888888888 0.85703125 0.0006944444444444445 0.0171875
14 0.7277777777777777 0.85703125 0.07777777777777778 0.02578125
5 0.7767361111111111 0.821484375 0.0006944444444444445 0.0921875
14 0.8673611111111111 0.7845703125 0.06666666666666667 0.033984375
5 0.8673611111111111 0.820703125 0.06805555555555555 0.03828125
14 0.8256944444444444 0.85703125 0.07777777777777778 0.02578125
5 0.8677083333333333 0.85703125 0.0006944444444444445 0.0171875
14 0.9097222222222222 0.85703125 0.07777777777777778 0.02578125
5 0.9586805555555555 0.821484375 0.0006944444444444445 0.0921875
14 0.984375 0.85703125 0.03125 0.02578125
5 0.08541666666666667 0.6466796875 0.14583333333333334 0.030078125
5 0.0 0.150390625 0.0 0.0
5 0.0 0.150390625 0.0 0.0
5 0.0 0.150390625 0.0 0.0
5 0.0 0.150390625 0.0 0.0
5 0.5 0.458984375 1.0 0.6171875
4 0.05486111111111111 0.7435546875 0.10972222222222222 0.048046875
12 0.2621527777777778 0.7435546875 0.06458333333333334 0.041015625
5 0.315625 0.7435546875 0.003472222222222222 0.026171875
12 0.3871527777777778 0.7435546875 0.10069444444444445 0.041015625
12 0.4996527777777778 0.7435546875 0.08541666666666667 0.048046875
14 0.7163194444444444 0.743359375 0.34791666666666665 0.02578125
4 0.9451388888888889 0.7435546875 0.10972222222222222 0.048046875
12 0.035416666666666666 0.693359375 0.07083333333333333 0.04921875
5 0.5354166666666667 0.693359375 0.9291666666666667 0.04921875
11 0.0 0.150390625 0.0 0.0
5 0.12152777777777778 0.1251953125 0.24305555555555555 0.048046875
14 0.5722222222222222 0.1251953125 0.2763888888888889 0.048046875
5 0.9447916666666667 0.125 0.08541666666666667 0.034375
0 0.9510416666666667 0.1251953125 0.09791666666666667 0.048046875
