5 0.5 0.48359375 1.0 0.9015625
5 0.12152777777777778 0.1251953125 0.24305555555555555 0.048046875
14 0.5725694444444445 0.1251953125 0.2951388888888889 0.048046875
5 0.9447916666666667 0.125 0.08541666666666667 0.034375
0 0.9510416666666667 0.1251953125 0.09791666666666667 0.048046875
5 0.0 0.101171875 0.0 0.0
5 0.0 0.101171875 0.0 0.0
14 0.0 0.101171875 0.0 0.0
14 0.0 0.101171875 0.0 0.0
14 0.0 0.101171875 0.0 0.0
14 0.0 0.101171875 0.0 0.0
14 0.0 0.101171875 0.0 0.0
14 0.5 0.0626953125 0.4930555555555556 0.032421875
14 0.5 0.0935546875 0.2152777777777778 0.029296875
11 0.5 0.173046875 1.0 0.05859375
11 0.5 0.231640625 1.0 0.05859375
11 0.5 0.290234375 1.0 0.05859375
14 0.5 0.34609375 1.0 0.05
14 0.5 0.42265625 1.0 0.0890625
14 0.5 0.51171875 1.0 0.0890625
0 0.5 0.896484375 1.0 0.07578125
