14 0.3402777777777778 0.0708984375 0.3888888888888889 0.036328125
4 0.06805555555555555 0.07109375 0.1361111111111111 0.0765625
14 0.4076388888888889 0.1697265625 0.7 0.053515625
14 0.8611111111111112 0.1697265625 0.13055555555555556 0.050390625
5 0.090625 0.2822265625 0.11041666666666666 0.062109375
14 0.5552083333333333 0.2822265625 0.79375 0.030859375
1 0.50625 0.338671875 0.8847222222222222 0.04375
14 0.8767361111111112 0.3384765625 0.15625 0.026171875
1 0.50625 0.389453125 0.8847222222222222 0.04375
14 0.8670138888888889 0.3892578125 0.17569444444444443 0.026171875
1 0.50625 0.440234375 0.8847222222222222 0.04375
14 0.8670138888888889 0.4400390625 0.17569444444444443 0.026171875
14 0.8670138888888889 0.4873046875 0.17569444444444443 0.026171875
1 0.50625 0.4875 0.8972222222222223 0.04375
1 0.50625 0.534765625 0.8847222222222222 0.04375
1 0.50625 0.585546875 0.8847222222222222 0.04375
14 0.5 0.666796875 0.4 0.06953125
14 0.5 0.919921875 0.975 0.01484375
