5 0.5 0.48359375 1.0 0.9015625
14 0.25798611111111114 0.90546875 0.11319444444444444 0.03125
14 0.41180555555555554 0.90546875 0.09305555555555556 0.03125
14 0.571875 0.90546875 0.12569444444444444 0.03125
14 0.7760416666666666 0.90546875 0.18541666666666667 0.03125
14 0.22256944444444443 0.1884765625 0.24375 0.036328125
14 0.6461805555555555 0.1884765625 0.50625 0.036328125
5 0.13402777777777777 0.27578125 0.24305555555555555 0.0796875
5 0.13402777777777777 0.27578125 0.0 0.0
14 0.6336805555555556 0.2583984375 0.7076388888888889 0.053515625
14 0.6336805555555556 0.2990234375 0.7076388888888889 0.027734375
14 0.6336805555555556 0.3625 0.7076388888888889 0.09921875
5 0.13402777777777777 0.465234375 0.24305555555555555 0.0796875
5 0.13402777777777777 0.465234375 0.0 0.0
14 0.6336805555555556 0.4478515625 0.7076388888888889 0.053515625
14 0.6336805555555556 0.4884765625 0.7076388888888889 0.027734375
14 0.6336805555555556 0.551953125 0.7076388888888889 0.09921875
5 0.13402777777777777 0.6546875 0.24305555555555555 0.0796875
5 0.13402777777777777 0.6546875 0.0 0.0
14 0.6336805555555556 0.637890625 0.7076388888888889 0.0546875
14 0.6336805555555556 0.6791015625 0.7076388888888889 0.027734375
14 0.6336805555555556 0.742578125 0.7076388888888889 0.09921875
5 0.13402777777777777 0.8369140625 0.24305555555555555 0.062890625
5 0.13402777777777777 0.8453125 0.0 0.0
14 0.6336805555555556 0.828515625 0.7076388888888889 0.0546875
14 0.6336805555555556 0.862109375 0.7076388888888889 0.0125
14 0.6336805555555556 0.8759765625 0.7076388888888889 -0.015234375
5 0.12152777777777778 0.1251953125 0.24305555555555555 0.048046875
14 0.5725694444444445 0.1251953125 0.3284722222222222 0.048046875
5 0.9447916666666667 0.125 0.08541666666666667 0.034375
0 0.9510416666666667 0.1251953125 0.09791666666666667 0.048046875
5 0.9447916666666667 0.125 0.08541666666666667 0.034375
14 0.7666666666666667 0.1765625 0.3597222222222222 0.03125
5 0.9684027777777777 0.1771484375 0.04375 0.020703125
14 0.9680555555555556 0.17734375 0.0 0.02578125
14 0.7666666666666667 0.228125 0.3597222222222222 0.03125
5 0.9684027777777777 0.2287109375 0.04375 0.020703125
14 0.9680555555555556 0.22890625 0.0 0.02578125
14 0.7666666666666667 0.2796875 0.3597222222222222 0.03125
5 0.9684027777777777 0.2802734375 0.04375 0.020703125
14 0.9680555555555556 0.28046875 0.0 0.02578125
14 0.7666666666666667 0.33125 0.3597222222222222 0.03125
5 0.9684027777777777 0.3318359375 0.04375 0.020703125
14 0.9680555555555556 0.33203125 0.0 0.02578125
14 0.7666666666666667 0.3828125 0.3597222222222222 0.03125
5 0.9684027777777777 0.3833984375 0.04375 0.020703125
14 0.9680555555555556 0.38359375 0.0 0.02578125
14 0.7666666666666667 0.434375 0.3597222222222222 0.03125
5 0.9684027777777777 0.4349609375 0.04375 0.020703125
14 0.9680555555555556 0.43515625 0.0 0.02578125
14 0.7666666666666667 0.4859375 0.3597222222222222 0.03125
5 0.9684027777777777 0.4865234375 0.04375 0.020703125
14 0.9680555555555556 0.48671875 0.0 0.02578125
