5 0.7958333333333333 0.065625 0.1361111111111111 0.065625
0 0.7958333333333333 0.065625 0.1361111111111111 0.065625
5 0.9319444444444445 0.065625 0.1361111111111111 0.065625
0 0.9319444444444445 0.065625 0.1361111111111111 0.065625
14 0.014583333333333334 0.0654296875 0.029166666666666667 0.034765625
5 0.0 0.0328125 0.0 0.0
5 0.0 0.0328125 0.0 0.0
14 0.5 0.0654296875 0.45555555555555555 0.037890625
14 0.16631944444444444 0.1328125 0.15347222222222223 0.065625
14 0.4996527777777778 0.1328125 0.20208333333333334 0.065625
14 0.8333333333333334 0.1328125 0.10555555555555556 0.065625
14 0.5 0.816015625 1.0 0.065625
5 0.12395833333333334 0.1568359375 0.16041666666666668 -0.017578125
14 0.31006944444444445 0.112890625 0.17291666666666666 -0.10546875
14 0.31631944444444443 0.127734375 0.18541666666666667 -0.07578125
14 0.4847222222222222 0.1380859375 0.5222222222222223 -0.055078125
14 0.20729166666666668 0.2041015625 0.3076388888888889 0.046484375
14 0.8722222222222222 0.2041015625 0.20694444444444443 0.046484375
5 0.12395833333333334 0.306640625 0.16041666666666668 0.1203125
14 0.32083333333333336 0.2640625 0.19444444444444445 0.0296875
14 0.35659722222222223 0.29375 0.2659722222222222 0.0296875
14 0.5875 0.3279296875 0.7277777777777777 0.038671875
14 0.20729166666666668 0.4228515625 0.3076388888888889 0.046484375
14 0.8722222222222222 0.4228515625 0.20694444444444443 0.046484375
5 0.12395833333333334 0.525390625 0.16041666666666668 0.1203125
14 0.3059027777777778 0.4828125 0.16458333333333333 0.0296875
14 0.44340277777777776 0.5125 0.4395833333333333 0.0296875
14 0.5875 0.5556640625 0.7277777777777777 0.056640625
14 0.20729166666666668 0.6416015625 0.3076388888888889 0.046484375
14 0.8722222222222222 0.6416015625 0.20694444444444443 0.046484375
5 0.12395833333333334 0.7328125 0.16041666666666668 0.09765625
14 0.31006944444444445 0.7015625 0.17291666666666666 0.0296875
14 0.3145833333333333 0.73125 0.18194444444444444 0.0296875
14 0.49895833333333334 0.7564453125 0.5506944444444445 0.020703125
14 0.20729166666666668 0.809375 0.3076388888888889 -0.05546875
14 0.8722222222222222 0.809375 0.20694444444444443 -0.05546875
5 0.125 0.882421875 0.08055555555555556 0.0453125
14 0.12465277777777778 0.9142578125 0.09791666666666667 0.018359375
5 0.375 0.882421875 0.08055555555555556 0.0453125
14 0.375 0.9142578125 0.08611111111111111 0.018359375
5 0.625 0.882421875 0.08055555555555556 0.0453125
14 0.6246527777777777 0.9142578125 0.10486111111111111 0.018359375
5 0.875 0.882421875 0.08055555555555556 0.0453125
14 0.875 0.9142578125 0.07916666666666666 0.018359375
