5 0.5 0.4671875 1.0 0.934375
5 0.06875 0.4671875 0.1375 0.07734375
5 0.0 0.0 0.0 0.0
5 0.0 0.0 0.0 0.0
5 0.0 0.0 0.0 0.0
5 0.0 0.0 0.0 0.0
14 0.0 0.0 0.0 0.0
5 0.9190972222222222 0.0728515625 0.16180555555555556 0.091015625
5 0.9190972222222222 0.1912109375 0.16180555555555556 0.091015625
5 0.9190972222222222 0.3095703125 0.16180555555555556 0.091015625
5 0.9190972222222222 0.4279296875 0.16180555555555556 0.091015625
5 0.9190972222222222 0.5462890625 0.16180555555555556 0.091015625
5 0.08090277777777778 0.8888671875 0.16180555555555556 0.091015625
5 0.9190972222222222 0.8888671875 0.16180555555555556 0.091015625
5 0.12743055555555555 0.0697265625 0.2298611111111111 0.084765625
14 0.0 0.0 0.0 0.0
14 0.0 0.0 0.0 0.0
14 0.0 0.0 0.0 0.0
14 0.0 0.0 0.0 0.0
5 0.07326388888888889 0.788671875 0.07291666666666667 0.109375
