5 0.0 0.0328125 0.0 0.0
5 0.0 0.0328125 0.0 0.0
14 0.0 0.0328125 0.0 0.0
14 0.0 0.0328125 0.0 0.0
6 0.0 0.0328125 0.0 0.0
5 0.0 0.0328125 0.0 0.0
4 0.0 0.0328125 0.0 0.0
4 0.0 0.0328125 0.0 0.0
14 0.0 0.0328125 0.0 0.0
14 0.0 0.0328125 0.0 0.0
5 0.05347222222222222 0.07109375 0.10694444444444444 0.0765625
14 0.43194444444444446 0.0578125 0.625 0.03125
14 0.43194444444444446 0.0880859375 0.625 0.023828125
14 0.15069444444444444 0.07109375 0.0625 0.0296875
14 0.25381944444444443 0.07109375 0.09513888888888888 0.03125
14 0.4079861111111111 0.07109375 0.13125 0.0375
5 0.7569444444444444 0.07109375 0.0 0.0765625
14 0.7399305555555555 0.133203125 0.16597222222222222 0.03125
11 0.9055555555555556 0.133203125 0.14027777777777778 0.03984375
13 0.00034722222222222224 0.157421875 0.0006944444444444445 0.0
5 0.5 0.344921875 1.0 0.375
14 0.0 0.157421875 0.0 0.0
14 0.0 0.157421875 0.0 0.0
14 0.0 0.157421875 0.0 0.0
5 0.0 0.157421875 0.0 0.0
14 0.0 0.157421875 0.0 0.0
14 0.08611111111111111 0.5048828125 0.12361111111111112 0.023828125
9 0.45902777777777776 0.5048828125 0.6222222222222222 0.024609375
14 0.8322916666666667 0.5048828125 0.12430555555555556 0.023828125
4 0.9472222222222222 0.5046875 0.05694444444444444 0.03203125
5 0.5 0.544921875 1.0 0.025
14 0.0 0.157421875 0.0 0.0
0 0.0 0.157421875 0.0 0.0
5 0.5 0.859765625 1.0 0.0
14 0.0 0.859765625 0.0 0.0
9 0.0 0.859765625 0.0 0.0
14 0.0 0.859765625 0.0 0.0
4 0.0 0.859765625 0.0 0.0
14 0.0 0.859765625 0.0 0.0
14 0.0 0.859765625 0.0 0.0
5 0.125 0.884375 0.058333333333333334 0.0328125
6 0.125 0.884375 0.0875 0.04921875
14 0.125 0.9181640625 0.24027777777777778 0.018359375
5 0.375 0.884375 0.0875 0.04921875
14 0.375 0.9181640625 0.24027777777777778 0.018359375
5 0.625 0.884375 0.0875 0.04921875
14 0.625 0.9181640625 0.24027777777777778 0.018359375
5 0.875 0.884375 0.0875 0.04921875
14 0.875 0.9181640625 0.24027777777777778 0.018359375
5 0.0 0.0328125 0.0 0.0
14 0.0 0.0328125 0.0 0.0
14 0.0 0.0328125 0.0 0.0
5 0.0 0.0328125 0.0 0.0
6 0.0 0.0328125 0.0 0.0
5 0.0 0.0328125 0.0 0.0
14 0.0 0.0328125 0.0 0.0
14 0.0 0.0328125 0.0 0.0
14 0.0 0.0328125 0.0 0.0
14 0.0 0.0328125 0.0 0.0
14 0.0 0.0328125 0.0 0.0
14 0.0 0.0328125 0.0 0.0
14 0.0 0.0328125 0.0 0.0
14 0.0 0.0328125 0.0 0.0
14 0.0 0.0328125 0.0 0.0
14 0.0 0.0328125 0.0 0.0
14 0.0 0.0328125 0.0 0.0
14 0.0 0.0328125 0.0 0.0
14 0.0 0.0328125 0.0 0.0
14 0.0 0.0328125 0.0 0.0
14 0.0 0.0328125 0.0 0.0
14 0.0 0.0328125 0.0 0.0
14 0.0 0.0328125 0.0 0.0
14 0.0 0.0328125 0.0 0.0
14 0.0 0.0328125 0.0 0.0
14 0.0 0.0328125 0.0 0.0
5 0.0 0.0328125 0.0 0.0
14 0.0 0.0328125 0.0 0.0
14 0.0 0.0328125 0.0 0.0
