14 0.5 0.022265625 0.8708333333333333 0.04453125
5 0.5 0.0451171875 1.0 0.001171875
5 0.5 0.1029296875 1.0 0.001171875
5 0.12638888888888888 0.175390625 0.24305555555555555 0.13671875
5 0.5 0.2470703125 1.0 0.001171875
5 0.12638888888888888 0.31953125 0.24305555555555555 0.13671875
5 0.5 0.3912109375 1.0 0.001171875
5 0.12638888888888888 0.463671875 0.24305555555555555 0.13671875
5 0.5 0.5353515625 1.0 0.001171875
5 0.12638888888888888 0.6078125 0.24305555555555555 0.13671875
5 0.5 0.6794921875 1.0 0.001171875
5 0.12638888888888888 0.751953125 0.24305555555555555 0.13671875
5 0.5 0.8236328125 1.0 0.001171875
5 0.12638888888888888 0.8810546875 0.24305555555555555 0.106640625
5 0.5 0.95078125 1.0 -0.0328125
