14 0.32881944444444444 0.0708984375 0.3076388888888889 0.036328125
4 0.06805555555555555 0.07109375 0.1361111111111111 0.0765625
14 0.5190972222222222 0.076953125 0.7354166666666667 0.0546875
5 0.08819444444444445 0.076953125 0.058333333333333334 0.0328125
5 0.5 0.287109375 1.0 0.35546875
14 0.5 0.3962890625 1.0 0.027734375
5 1.0 0.287109375 0.0 0.35546875
14 1.0 0.3962890625 0.0 0.027734375
0 0.25729166666666664 0.50859375 0.4756944444444444 0.065625
0 0.7427083333333333 0.50859375 0.4756944444444444 0.065625
0 0.25729166666666664 0.5796875 0.4756944444444444 0.065625
0 0.7427083333333333 0.5796875 0.4756944444444444 0.065625
5 0.5 0.7447265625 1.0 0.242578125
14 0.5 0.8869140625 1.0 -0.041796875
0 0.8864583333333333 0.7908203125 0.14097222222222222 0.079296875
0 0.8864583333333333 0.7908203125 0.14097222222222222 0.079296875
14 0.6388888888888888 0.786328125 0.2763888888888889 0.03671875
14 0.6340277777777777 0.786328125 0.2861111111111111 0.03671875
6 0.0 0.109375 0.0 0.0
5 0.0 0.123046875 0.0 0.24609375
