5 0.016666666666666666 0.019921875 0.03333333333333333 0.01875
5 0.14131944444444444 0.019921875 0.21597222222222223 0.0140625
5 0.2673611111111111 0.019921875 0.030555555555555555 0.0171875
5 0.14270833333333333 0.0310546875 0.2743055555555556 0.000390625
3 0.14201388888888888 0.0431640625 0.27847222222222223 0.012890625
5 0.03888888888888889 0.065234375 0.03333333333333333 0.01875
14 0.020833333333333332 0.055078125 0.0 0.0
14 0.03819444444444445 0.080859375 0.06111111111111111 0.00703125
5 0.10694444444444444 0.065234375 0.03333333333333333 0.01875
14 0.08888888888888889 0.055078125 0.0 0.0
14 0.10625 0.080859375 0.06111111111111111 0.00703125
5 0.175 0.065234375 0.03333333333333333 0.01875
14 0.15694444444444444 0.055078125 0.0 0.0
14 0.17430555555555555 0.080859375 0.06111111111111111 0.00703125
5 0.004166666666666667 0.05390625 0.0 0.0
5 0.004166666666666667 0.05390625 0.0 0.0
0 0.004166666666666667 0.05390625 0.0 0.0
0 0.004166666666666667 0.05390625 0.0 0.0
14 0.004166666666666667 0.05390625 0.0 0.0
5 0.004166666666666667 0.05390625 0.0 0.0
5 0.004166666666666667 0.05390625 0.0 0.0
5 0.004166666666666667 0.05390625 0.0 0.0
5 0.004166666666666667 0.05390625 0.0 0.0
5 0.004166666666666667 0.05390625 0.0 0.0
11 0.14270833333333333 0.1603515625 0.27708333333333335 0.212890625
5 0.019444444444444445 0.0203125 0.03888888888888889 0.021875
5 0.08611111111111111 0.0203125 0.09444444444444444 0.015625
5 0.12013888888888889 0.137890625 0.09027777777777778 0.05078125
5 0.12013888888888889 0.094921875 0.03333333333333333 0.01875
5 0.05416666666666667 0.11640625 0.03333333333333333 0.01875
5 0.05416666666666667 0.159375 0.03333333333333333 0.01875
5 0.12013888888888889 0.180859375 0.03333333333333333 0.01875
5 0.18611111111111112 0.159375 0.03333333333333333 0.01875
5 0.18611111111111112 0.11640625 0.03333333333333333 0.01875
5 0.019444444444444445 0.225390625 0.03333333333333333 0.01875
5 0.05416666666666667 0.236328125 0.03333333333333333 0.01875
5 0.07361111111111111 0.255859375 0.03333333333333333 0.01875
