14 0.5 0.148046875 0.0 0.03359375
5 0.4996527777777778 0.312890625 0.7493055555555556 0.25234375
14 0.5 0.47109375 0.9222222222222223 0.0421875
14 0.5 0.5171875 0.9222222222222223 0.03359375
14 0.5 0.6162109375 0.9611111111111111 0.031640625
5 0.0 0.109375 0.0 0.0
14 0.0 0.109375 0.0 0.0
4 0.0 0.109375 0.0 0.0
14 0.0 0.13671875 0.0 0.0546875
14 0.0 0.191015625 0.0 0.0546875
14 0.0 0.2453125 0.0 0.0546875
14 0.0 0.299609375 0.0 0.0546875
14 0.0 0.38671875 0.0 0.0546875
14 0.0 0.441015625 0.0 0.0546875
14 0.0 0.4953125 0.0 0.0546875
14 0.0 0.549609375 0.0 0.0546875
14 0.28923611111111114 0.0708984375 0.13125 0.036328125
5 0.175 0.07109375 0.07777777777777778 0.04375
4 0.06805555555555555 0.07109375 0.1361111111111111 0.0765625
