14 0.5 0.0740234375 0.8722222222222222 0.038671875
14 0.5 0.116796875 0.8722222222222222 0.04375
14 0.5 0.162109375 0.8722222222222222 0.04375
14 0.5 0.207421875 0.8722222222222222 0.04375
14 0.5 0.252734375 0.8722222222222222 0.04375
14 0.5 0.298046875 0.8722222222222222 0.04375
14 0.5 0.343359375 0.8722222222222222 0.04375
14 0.5 0.388671875 0.8722222222222222 0.04375
5 0.08819444444444445 0.4337890625 0.04861111111111111 0.019140625
14 0.5243055555555556 0.433984375 0.8236111111111111 0.04375
5 0.08819444444444445 0.4791015625 0.04861111111111111 0.019140625
14 0.5243055555555556 0.479296875 0.8236111111111111 0.04375
5 0.08819444444444445 0.5244140625 0.04861111111111111 0.019140625
14 0.5243055555555556 0.524609375 0.8236111111111111 0.04375
5 0.08819444444444445 0.5697265625 0.04861111111111111 0.019140625
14 0.5243055555555556 0.569921875 0.8236111111111111 0.04375
5 0.08819444444444445 0.6150390625 0.04861111111111111 0.019140625
14 0.5243055555555556 0.615234375 0.8236111111111111 0.04375
14 0.5 0.6580078125 0.8722222222222222 0.038671875
14 0.5 0.70078125 0.8722222222222222 0.04375
14 0.5 0.7435546875 0.8722222222222222 0.038671875
14 0.5 0.786328125 0.8722222222222222 0.04375
14 0.5 0.8228515625 0.8722222222222222 0.026171875
0 0.19340277777777778 0.87421875 0.20069444444444445 0.065625
0 0.5802083333333333 0.87421875 0.16180555555555556 0.065625
0 0.7840277777777778 0.87421875 0.24583333333333332 0.065625
0 0.5 0.87421875 0.8722222222222222 0.0765625
