5 0.12604166666666666 0.02734375 0.2520833333333333 0.04375
5 0.378125 0.02734375 0.2520833333333333 0.04375
5 0.6239583333333333 0.0271484375 0.23958333333333334 0.036328125
5 0.871875 0.0271484375 0.25625 0.045703125
14 0.16666666666666666 0.1513671875 0.3333333333333333 0.053515625
14 0.5 0.1513671875 0.3333333333333333 0.053515625
14 0.8333333333333334 0.1513671875 0.3333333333333333 0.053515625
5 0.9611111111111111 0.198046875 0.07777777777777778 0.03984375
14 0.5 0.288671875 0.9513888888888888 0.1140625
1 0.44166666666666665 0.367578125 0.8347222222222223 0.04375
5 0.9173611111111111 0.367578125 0.11666666666666667 0.04375
14 0.5 0.4294921875 0.9513888888888888 0.080078125
3 0.29583333333333334 0.6142578125 0.15555555555555556 0.033203125
14 0.1986111111111111 0.46953125 0.0 0.0
14 0.1986111111111111 0.46953125 0.0 0.0
14 0.1986111111111111 0.46953125 0.0 0.0
14 0.1986111111111111 0.46953125 0.0 0.0
14 0.1986111111111111 0.46953125 0.0 0.0
14 0.1986111111111111 0.46953125 0.0 0.0
14 0.1986111111111111 0.46953125 0.0 0.0
14 0.1986111111111111 0.46953125 0.0 0.0
14 0.1986111111111111 0.46953125 0.0 0.0
5 0.1986111111111111 0.46953125 0.0 0.0
14 0.5 0.7974609375 0.9513888888888888 0.045703125
14 0.11145833333333334 0.21875 0.17430555555555555 0.02578125
14 0.8597222222222223 0.21875 0.23194444444444445 0.02578125
9 0.5 0.242578125 0.9513888888888888 0.021875
14 0.2013888888888889 0.26640625 0.2013888888888889 0.02578125
5 0.3284722222222222 0.258984375 0.05277777777777778 0.0109375
14 0.4986111111111111 0.26640625 0.2111111111111111 0.02578125
5 0.6305555555555555 0.258984375 0.05277777777777778 0.0109375
14 0.7972222222222223 0.26640625 0.20416666666666666 0.02578125
14 0.5 0.3529296875 0.9513888888888888 0.033203125
14 0.5 0.396875 0.9513888888888888 0.0546875
5 0.19479166666666667 0.3947265625 0.034027777777777775 0.019140625
14 0.25381944444444443 0.3947265625 0.06875 0.018359375
5 0.8548611111111111 0.38046875 0.24166666666666667 0.146875
14 0.5 0.5259765625 0.9513888888888888 0.033203125
14 0.052083333333333336 0.5548828125 0.05555555555555555 0.036328125
14 0.20416666666666666 0.5548828125 0.24861111111111112 0.036328125
14 0.39618055555555554 0.5548828125 0.13541666666666666 0.036328125
14 0.024305555555555556 0.509375 0.0 0.0
14 0.5 0.6794921875 0.9513888888888888 0.033203125
14 0.041666666666666664 0.7189453125 0.034722222222222224 0.045703125
14 0.171875 0.725 0.22569444444444445 0.02578125
14 0.37916666666666665 0.7232421875 0.18888888888888888 0.031640625
14 0.5 0.8138671875 0.9513888888888888 0.033203125
14 0.08611111111111111 0.8533203125 0.12361111111111112 0.045703125
5 0.190625 0.8544921875 0.08541666666666667 0.048046875
5 0.0 0.0 0.0 0.0
14 0.0 0.0 0.0 0.0
5 0.0 0.0 0.0 0.0
14 0.0 0.0 0.0 0.0
14 0.0 0.0 0.0 0.0
5 0.0 0.0 0.0 0.0
14 0.0 0.0 0.0 0.0
14 0.0 0.0 0.0 0.0
14 0.0 0.0 0.0 0.0
5 0.0 0.0 0.0 0.0
14 0.0 0.0 0.0 0.0
5 0.0 0.0 0.0 0.0
14 0.0 0.0 0.0 0.0
14 0.0 0.25859375 0.0 0.040625
14 0.0 0.326953125 0.0 0.065625
14 0.0 0.421484375 0.0 0.065625
14 0.0 0.516015625 0.0 0.065625
14 0.0 0.610546875 0.0 0.065625
14 0.0 0.705078125 0.0 0.065625
14 0.0 0.799609375 0.0 0.065625
