5 0.08541666666666667 0.8111328125 0.14583333333333334 0.030078125
5 0.0 0.0328125 0.0 0.0
5 0.0 0.0328125 0.0 0.0
5 0.0 0.0328125 0.0 0.0
5 0.0 0.0328125 0.0 0.0
5 0.934375 0.1298828125 0.11180555555555556 0.062890625
0 0.934375 0.1298828125 0.11180555555555556 0.062890625
0 0.934375 0.1982421875 0.11180555555555556 0.062890625
0 0.5 0.9029296875 0.15833333333333333 0.041015625
14 0.0 0.0328125 0.0 0.0
4 0.06076388888888889 0.06015625 0.12152777777777778 0.0546875
5 0.0 0.0328125 0.0 0.0
5 0.0 0.0328125 0.0 0.0
4 0.9503472222222222 0.0599609375 0.06041666666666667 0.033984375
5 0.5 0.065625 0.09722222222222222 0.065625
5 0.5 0.8837890625 1.0 0.101171875
14 0.9208333333333333 0.8728515625 0.08055555555555556 0.022265625
14 0.8034722222222223 0.9017578125 0.16944444444444445 0.019140625
5 0.9295138888888889 0.901171875 0.06319444444444444 0.01796875
5 0.065625 0.8701171875 0.05347222222222222 0.030078125
14 0.40069444444444446 0.8708984375 0.5972222222222222 0.031640625
8 0.12395833333333334 0.9017578125 0.1701388888888889 0.019140625
14 0.23541666666666666 0.90234375 0.03333333333333333 0.0203125
14 0.16805555555555557 0.93984375 0.09722222222222222 -0.0109375
14 0.1684027777777778 0.9509765625 0.08958333333333333 -0.033203125
14 0.3885416666666667 0.93984375 0.11319444444444444 -0.0109375
14 0.3885416666666667 0.9509765625 0.09930555555555555 -0.033203125
14 0.6114583333333333 0.93984375 0.06736111111111111 -0.0109375
14 0.6114583333333333 0.9509765625 0.08958333333333333 -0.033203125
14 0.8315972222222222 0.93984375 0.06180555555555556 -0.0109375
14 0.8315972222222222 0.9509765625 0.08958333333333333 -0.033203125
4 0.06076388888888889 0.860546875 0.12152777777777778 0.0546875
14 0.30451388888888886 0.8603515625 0.3659722222222222 0.031640625
5 0.03229166666666667 0.934375 0.025694444444444443 0.0
5 0.9659722222222222 0.934375 0.04861111111111111 0.0
14 0.4934027777777778 0.934375 0.8770833333333333 0.0
0 0.5 0.934375 1.0 0.0
4 0.7836805555555556 0.8181640625 0.11180555555555556 0.062890625
4 0.9052083333333333 0.8181640625 0.11180555555555556 0.062890625
5 0.41805555555555557 0.08203125 0.09722222222222222 0.0546875
14 0.20416666666666666 0.0763671875 0.33055555555555555 0.042578125
14 0.24305555555555555 0.138671875 0.4861111111111111 0.03671875
14 0.24305555555555555 0.18359375 0.4861111111111111 0.053125
14 0.24305555555555555 0.2470703125 0.4861111111111111 0.075390625
14 0.375 0.3216796875 0.18333333333333332 0.022265625
14 0.16111111111111112 0.3216796875 0.24444444444444444 0.031640625
14 0.24305555555555555 0.393359375 0.4861111111111111 0.06953125
14 0.24305555555555555 0.462109375 0.4861111111111111 0.06953125
14 0.24305555555555555 0.530859375 0.4861111111111111 0.06953125
14 0.24305555555555555 0.599609375 0.4861111111111111 0.06953125
5 0.0875 0.8919921875 0.09722222222222222 0.041015625
