5 0.5 0.4671875 1.0 0.934375
5 0.0625 0.107421875 0.125 0.0671875
5 0.1875 0.107421875 0.125 0.0671875
5 0.3125 0.107421875 0.125 0.0671875
5 0.4375 0.107421875 0.125 0.0671875
5 0.5625 0.107421875 0.125 0.0671875
5 0.6875 0.107421875 0.125 0.0671875
5 0.8125 0.107421875 0.125 0.0671875
5 0.9375 0.107421875 0.125 0.0671875
5 0.9170138888888889 0.1876953125 0.16597222222222222 0.093359375
5 0.08333333333333333 0.25 0.16666666666666666 0.09375
5 0.08333333333333333 0.34375 0.16666666666666666 0.09375
5 0.08333333333333333 0.4375 0.16666666666666666 0.09375
5 0.08333333333333333 0.53125 0.16666666666666666 0.09375
5 0.08333333333333333 0.625 0.16666666666666666 0.09375
5 0.08333333333333333 0.71875 0.16666666666666666 0.09375
5 0.08333333333333333 0.8125 0.16666666666666666 0.09375
5 0.08333333333333333 0.896875 0.16666666666666666 0.075
5 0.08333333333333333 0.94375 0.16666666666666666 -0.01875
5 0.9170138888888889 0.3609375 0.16597222222222222 0.08828125
5 0.9170138888888889 0.44921875 0.16597222222222222 0.08828125
5 0.9170138888888889 0.5375 0.16597222222222222 0.08828125
5 0.9170138888888889 0.62578125 0.16597222222222222 0.08828125
5 0.9170138888888889 0.7140625 0.16597222222222222 0.08828125
5 0.9170138888888889 0.80234375 0.16597222222222222 0.08828125
5 0.9170138888888889 0.8904296875 0.16597222222222222 0.087890625
5 0.0 0.0 0.0 0.0
5 0.0 0.0 0.0 0.0
5 0.0 0.0 0.0 0.0
5 0.0 0.0 0.0 0.0
5 0.0 0.0 0.0 0.0
5 0.0 0.0 0.0 0.0
5 0.0 0.0 0.0 0.0
5 0.0 0.0 0.0 0.0
