14 0.4996527777777778 0.024609375 0.5090277777777777 0.04765625
4 0.95625 0.024609375 0.0875 0.04921875
5 0.2013888888888889 0.13515625 0.20416666666666666 0.11484375
14 0.6020833333333333 0.1001953125 0.5972222222222222 0.044921875
14 0.6020833333333333 0.1375 0.5972222222222222 0.0296875
5 0.32534722222222223 0.1796875 0.04375 0.02890625
5 0.36909722222222224 0.1796875 0.04375 0.02890625
5 0.4128472222222222 0.1796875 0.04375 0.02890625
5 0.4565972222222222 0.1796875 0.04375 0.02890625
5 0.5003472222222223 0.1796875 0.04375 0.02890625
14 0.8024305555555555 0.171484375 0.19652777777777777 0.0421875
5 0.2013888888888889 0.3015625 0.20416666666666666 0.11484375
14 0.6020833333333333 0.2666015625 0.5972222222222222 0.044921875
14 0.6020833333333333 0.30390625 0.5972222222222222 0.0296875
5 0.32534722222222223 0.34609375 0.04375 0.02890625
5 0.36909722222222224 0.34609375 0.04375 0.02890625
5 0.4128472222222222 0.34609375 0.04375 0.02890625
5 0.4565972222222222 0.34609375 0.04375 0.02890625
5 0.5003472222222223 0.34609375 0.04375 0.02890625
14 0.8024305555555555 0.337890625 0.19652777777777777 0.0421875
5 0.2013888888888889 0.46796875 0.20416666666666666 0.11484375
14 0.6020833333333333 0.4330078125 0.5972222222222222 0.044921875
14 0.6020833333333333 0.4703125 0.5972222222222222 0.0296875
5 0.32534722222222223 0.5125 0.04375 0.02890625
5 0.36909722222222224 0.5125 0.04375 0.02890625
5 0.4128472222222222 0.5125 0.04375 0.02890625
5 0.4565972222222222 0.5125 0.04375 0.02890625
5 0.5003472222222223 0.5125 0.04375 0.02890625
14 0.8024305555555555 0.504296875 0.19652777777777777 0.0421875
5 0.2013888888888889 0.634375 0.20416666666666666 0.11484375
14 0.6020833333333333 0.5994140625 0.5972222222222222 0.044921875
14 0.6020833333333333 0.63671875 0.5972222222222222 0.0296875
5 0.32534722222222223 0.67890625 0.04375 0.02890625
5 0.36909722222222224 0.67890625 0.04375 0.02890625
5 0.4128472222222222 0.67890625 0.04375 0.02890625
5 0.4565972222222222 0.67890625 0.04375 0.02890625
5 0.5003472222222223 0.67890625 0.04375 0.02890625
14 0.8024305555555555 0.670703125 0.19652777777777777 0.0421875
5 0.2013888888888889 0.80078125 0.20416666666666666 0.11484375
14 0.6020833333333333 0.7658203125 0.5972222222222222 0.044921875
14 0.6020833333333333 0.803125 0.5972222222222222 0.0296875
5 0.32534722222222223 0.8453125 0.04375 0.02890625
5 0.36909722222222224 0.8453125 0.04375 0.02890625
5 0.4128472222222222 0.8453125 0.04375 0.02890625
5 0.4565972222222222 0.8453125 0.04375 0.02890625
5 0.5003472222222223 0.8453125 0.04375 0.02890625
14 0.8024305555555555 0.837109375 0.19652777777777777 0.0421875
5 0.2013888888888889 0.9015625 0.20416666666666666 -0.01640625
14 0.6020833333333333 0.9015625 0.5972222222222222 -0.01640625
14 0.6020833333333333 0.9240234375 0.5972222222222222 -0.061328125
5 0.32534722222222223 0.9453125 0.04375 -0.10390625
5 0.36909722222222224 0.9453125 0.04375 -0.10390625
5 0.4128472222222222 0.9453125 0.04375 -0.10390625
5 0.4565972222222222 0.9453125 0.04375 -0.10390625
5 0.5003472222222223 0.9453125 0.04375 -0.10390625
14 0.8024305555555555 0.937890625 0.19652777777777777 -0.0890625
14 0.38472222222222224 0.9138671875 0.24444444444444444 0.041015625
5 0.621875 0.9138671875 0.2298611111111111 0.016796875
5 0.030555555555555555 0.919921875 0.06111111111111111 0.02890625
