5 0.21388888888888888 0.03828125 0.07777777777777778 0.04375
10 0.27395833333333336 0.03828125 0.19791666666666666 0.065625
5 0.4388888888888889 0.03828125 0.13194444444444445 0.04375
14 0.7027777777777777 0.03828125 0.3958333333333333 0.0765625
5 0.9503472222222222 0.03828125 0.09930555555555555 0.04375
4 0.06805555555555555 0.03828125 0.1361111111111111 0.0765625
5 0.25 0.291015625 0.5 0.42890625
5 0.75 0.291015625 0.5 0.42890625
5 0.25 0.719921875 0.5 0.42890625
5 0.75 0.719921875 0.5 0.42890625
5 1.0 0.291015625 0.0 0.42890625
5 1.0 0.719921875 0.0 0.42890625
5 0.25 0.15859375 0.23333333333333334 0.13125
14 0.25 0.25625 0.4375 0.0640625
5 0.10208333333333333 0.355078125 0.14583333333333334 0.065625
14 0.3375 0.355078125 0.325 0.04765625
5 0.10208333333333333 0.4421875 0.14583333333333334 0.065625
14 0.3375 0.4421875 0.325 0.04765625
5 0.10208333333333333 0.529296875 0.14583333333333334 0.065625
14 0.3375 0.529296875 0.325 0.04765625
5 0.10208333333333333 0.61640625 0.14583333333333334 0.065625
14 0.3375 0.61640625 0.325 0.04765625
5 0.10208333333333333 0.703515625 0.14583333333333334 0.065625
14 0.3375 0.703515625 0.325 0.04765625
5 0.10208333333333333 0.790625 0.14583333333333334 0.065625
14 0.3375 0.790625 0.325 0.04765625
5 0.10208333333333333 0.877734375 0.14583333333333334 0.065625
14 0.3375 0.877734375 0.325 0.04765625
5 0.10208333333333333 0.933203125 0.14583333333333334 0.00234375
14 0.3375 0.9376953125 0.325 -0.006640625
