14 0.5875 0.0708984375 0.825 0.036328125
14 0.175 0.0708984375 0.0 0.033203125
4 0.06805555555555555 0.07109375 0.1361111111111111 0.0765625
14 0.5 0.1578125 1.0 0.096875
14 0.49409722222222224 0.234765625 0.9145833333333333 0.0296875
14 0.49409722222222224 0.2625 0.9145833333333333 0.02578125
5 0.9319444444444445 0.24765625 0.03888888888888889 0.00546875
14 0.07673611111111112 0.315625 0.0798611111111111 0.02578125
14 0.10416666666666667 0.343359375 0.13472222222222222 0.0296875
5 0.9319444444444445 0.33046875 0.03888888888888889 0.00546875
14 0.09409722222222222 0.3984375 0.11458333333333333 0.02578125
14 0.10173611111111111 0.426171875 0.12986111111111112 0.0296875
5 0.9319444444444445 0.41328125 0.03888888888888889 0.00546875
14 0.0 0.20625 0.0 0.0
14 0.0 0.20625 0.0 0.0
5 0.0 0.20625 0.0 0.0
14 0.1 0.48125 0.12638888888888888 0.02578125
14 0.058333333333333334 0.508984375 0.043055555555555555 0.0296875
5 0.9319444444444445 0.49609375 0.03888888888888889 0.00546875
14 0.10277777777777777 0.5640625 0.13194444444444445 0.02578125
14 0.18020833333333333 0.591796875 0.28680555555555554 0.0296875
5 0.9319444444444445 0.57890625 0.03888888888888889 0.00546875
14 0.08854166666666667 0.646875 0.10347222222222222 0.02578125
14 0.09965277777777778 0.674609375 0.12569444444444444 0.0296875
5 0.9319444444444445 0.66171875 0.03888888888888889 0.00546875
0 0.5 0.893359375 0.9513888888888888 0.0546875
