14 0.5097222222222222 0.0724609375 0.6694444444444444 0.036328125
4 0.06805555555555555 0.07109375 0.1361111111111111 0.0765625
14 0.5190972222222222 0.076953125 0.7354166666666667 0.0546875
5 0.9173611111111111 0.076953125 0.06111111111111111 0.0546875
5 0.08819444444444445 0.076953125 0.058333333333333334 0.0328125
14 0.5486111111111112 0.1455078125 0.9027777777777778 0.066796875
5 0.06805555555555555 0.1455078125 0.058333333333333334 0.066796875
14 0.5486111111111112 0.212890625 0.9027777777777778 0.06796875
5 0.06805555555555555 0.212890625 0.058333333333333334 0.06796875
14 0.5486111111111112 0.280859375 0.9027777777777778 0.06796875
5 0.06805555555555555 0.280859375 0.058333333333333334 0.06796875
14 0.5486111111111112 0.348828125 0.9027777777777778 0.06796875
5 0.06805555555555555 0.348828125 0.058333333333333334 0.06796875
14 0.5486111111111112 0.416796875 0.9027777777777778 0.06796875
5 0.06805555555555555 0.416796875 0.058333333333333334 0.06796875
14 0.5486111111111112 0.484765625 0.9027777777777778 0.06796875
5 0.06805555555555555 0.484765625 0.058333333333333334 0.06796875
14 0.5486111111111112 0.552734375 0.9027777777777778 0.06796875
5 0.06805555555555555 0.552734375 0.058333333333333334 0.06796875
14 0.5486111111111112 0.620703125 0.9027777777777778 0.06796875
5 0.06805555555555555 0.620703125 0.058333333333333334 0.06796875
14 0.5486111111111112 0.688671875 0.9027777777777778 0.06796875
5 0.06805555555555555 0.688671875 0.058333333333333334 0.06796875
14 0.5486111111111112 0.756640625 0.9027777777777778 0.06796875
5 0.06805555555555555 0.756640625 0.058333333333333334 0.06796875
14 0.5486111111111112 0.824609375 0.9027777777777778 0.06796875
5 0.06805555555555555 0.824609375 0.058333333333333334 0.06796875
14 0.5486111111111112 0.896484375 0.9027777777777778 0.07578125
5 0.06805555555555555 0.896484375 0.058333333333333334 0.07578125
5 0.0 0.112109375 0.0 0.0
0 0.8930555555555556 0.79765625 0.1361111111111111 0.0765625
5 0.0 0.13125 0.0 0.2625
