14 0.09965277777777778 0.073828125 0.12152777777777778 0.08203125
5 0.9295138888888889 0.0736328125 0.10208333333333333 0.057421875
14 0.5194444444444445 0.073828125 0.4708333333333333 0.0328125
14 0.03888888888888889 0.073828125 0.0 0.0328125
5 0.5 0.2734375 0.2 0.1125
5 0.5 0.2734375 0.14027777777777778 0.07890625
14 0.5 0.4875 1.0 0.11015625
14 0.5 0.5677734375 1.0 0.050390625
14 0.05486111111111111 0.641796875 0.06111111111111111 0.034375
14 0.09513888888888888 0.641796875 0.0 0.034375
14 0.8510416666666667 0.641796875 0.09097222222222222 0.034375
14 0.9409722222222222 0.641796875 0.06944444444444445 0.034375
14 0.17083333333333334 0.7013671875 0.07361111111111111 0.030078125
14 0.0 0.11484375 0.0 0.0
14 0.0 0.7546875 0.0 0.0
14 0.5 0.830078125 1.0 0.15078125
14 0.834375 0.9169921875 0.06041666666666667 0.023046875
6 0.5 0.27265625 0.11666666666666667 0.065625
5 0.5 0.27265625 0.2 0.1125
5 0.5 0.27265625 0.14027777777777778 0.07890625
14 0.009722222222222222 0.408984375 0.019444444444444445 0.02890625
9 0.4829861111111111 0.408984375 0.9270833333333334 0.04375
14 0.95625 0.408984375 0.019444444444444445 0.02890625
4 0.9829861111111111 0.387890625 0.034027777777777775 0.0015625
14 0.0 0.11484375 0.0 0.0
14 0.0 0.11484375 0.0 0.0
14 0.0 0.11484375 0.0 0.0
6 0.5 0.50625 0.11666666666666667 0.065625
14 0.5 0.5642578125 0.16111111111111112 0.023046875
5 0.0 0.11484375 0.0 0.0
14 0.0 0.11484375 0.0 0.0
14 0.0 0.11484375 0.0 0.0
14 0.0 0.11484375 0.0 0.0
5 0.0 0.11484375 0.0 0.0
14 0.0 0.11484375 0.0 0.0
14 0.0 0.11484375 0.0 0.0
14 0.0 0.11484375 0.0 0.0
5 0.5 0.355859375 0.12638888888888888 0.07109375
14 0.5 0.44765625 0.7277777777777777 0.0796875
14 0.5 0.534375 0.7277777777777777 0.05
0 0.35381944444444446 0.6140625 0.2423611111111111 0.065625
0 0.6402777777777777 0.6140625 0.25277777777777777 0.065625
5 0.0 0.0328125 0.0 0.0
5 0.0 0.0328125 0.0 0.0
5 0.0 0.0328125 0.0 0.0
14 0.0 0.0328125 0.0 0.0
14 0.0 0.0328125 0.0 0.0
6 0.0 0.0328125 0.0 0.0
