5 0.0875 0.16953125 0.09722222222222222 0.05546875
14 0.4013888888888889 0.158203125 0.4527777777777778 0.0296875
14 0.3458333333333333 0.1841796875 0.3416666666666667 0.022265625
14 0.175 0.143359375 0.0 0.0
14 0.175 0.143359375 0.0 0.0
5 0.0875 0.28359375 0.09722222222222222 0.0546875
14 0.2267361111111111 0.259765625 0.10347222222222222 0.0296875
14 0.5680555555555555 0.2986328125 0.7861111111111111 0.048046875
5 0.0875 0.388671875 0.09722222222222222 0.0546875
14 0.25243055555555555 0.36484375 0.15486111111111112 0.0296875
14 0.5680555555555555 0.4037109375 0.7861111111111111 0.048046875
5 0.0875 0.49375 0.09722222222222222 0.0546875
14 0.24930555555555556 0.469921875 0.1486111111111111 0.0296875
14 0.5680555555555555 0.5087890625 0.7861111111111111 0.048046875
5 0.0 0.109375 0.0 0.0
14 0.0 0.109375 0.0 0.0
14 0.0 0.109375 0.0 0.0
5 0.7253472222222223 0.8126953125 0.1701388888888889 0.091796875
5 0.4756944444444444 0.7609375 0.0 0.0
14 0.4756944444444444 0.7609375 0.0 0.0
14 0.4756944444444444 0.7609375 0.0 0.0
14 0.4756944444444444 0.7609375 0.0 0.0
4 0.4756944444444444 0.7609375 0.0 0.0
4 0.4756944444444444 0.7609375 0.0 0.0
4 0.4756944444444444 0.7609375 0.0 0.0
5 0.4756944444444444 0.7609375 0.0 0.0
11 0.4756944444444444 0.7609375 0.0 0.0
4 0.7253472222222223 0.8400390625 0.08541666666666667 0.068359375
14 0.4756944444444444 0.7609375 0.0 0.0
14 0.4756944444444444 0.7609375 0.0 0.0
14 0.53125 0.8916015625 0.07222222222222222 0.018359375
14 0.8229166666666666 0.8916015625 0.07222222222222222 0.018359375
9 0.6770833333333334 0.891796875 0.21944444444444444 0.04375
4 0.9270833333333334 0.891796875 0.09722222222222222 0.0546875
13 0.7256944444444444 0.8400390625 0.5 0.158203125
14 0.2222222222222222 0.07109375 0.17222222222222222 0.03359375
4 0.06805555555555555 0.07109375 0.1361111111111111 0.0765625
0 0.9513888888888888 0.07109375 0.09722222222222222 0.065625
14 0.0 0.065625 0.0 0.065625
