5 0.11909722222222222 0.2611328125 0.1701388888888889 0.095703125
14 0.11909722222222222 0.321875 0.08819444444444445 0.02578125
5 0.11909722222222222 0.4099609375 0.1701388888888889 0.095703125
14 0.11909722222222222 0.470703125 0.21875 0.02578125
5 0.11909722222222222 0.5587890625 0.1701388888888889 0.095703125
14 0.11875 0.61953125 0.10833333333333334 0.02578125
5 0.11909722222222222 0.7076171875 0.1701388888888889 0.095703125
14 0.11875 0.768359375 0.09027777777777778 0.02578125
5 0.16319444444444445 0.1923828125 0.2916666666666667 0.102734375
14 0.6458333333333334 0.1751953125 0.6736111111111112 0.068359375
14 0.9052083333333333 0.222265625 0.10625 0.02578125
5 0.16319444444444445 0.3037109375 0.2916666666666667 0.102734375
14 0.6458333333333334 0.2865234375 0.6736111111111112 0.068359375
14 0.9052083333333333 0.33359375 0.10625 0.02578125
5 0.16319444444444445 0.4150390625 0.2916666666666667 0.102734375
14 0.6458333333333334 0.3978515625 0.6736111111111112 0.068359375
14 0.9052083333333333 0.444921875 0.10625 0.02578125
5 0.16319444444444445 0.5263671875 0.2916666666666667 0.102734375
14 0.6458333333333334 0.5091796875 0.6736111111111112 0.068359375
14 0.9052083333333333 0.55625 0.10625 0.02578125
5 0.16319444444444445 0.6376953125 0.2916666666666667 0.102734375
14 0.6458333333333334 0.6205078125 0.6736111111111112 0.068359375
14 0.9052083333333333 0.667578125 0.10625 0.02578125
5 0.16319444444444445 0.7490234375 0.2916666666666667 0.102734375
14 0.6458333333333334 0.7318359375 0.6736111111111112 0.068359375
14 0.9052083333333333 0.77890625 0.10625 0.02578125
5 0.16319444444444445 0.8375 0.2916666666666667 0.05703125
14 0.6458333333333334 0.8375 0.6736111111111112 0.05703125
14 0.9052083333333333 0.8716796875 0.10625 -0.011328125
14 0.0 0.109375 0.0 0.0
14 0.0 0.109375 0.0 0.0
14 0.0 0.109375 0.0 0.0
6 0.5 0.920703125 1.0 0.02734375
14 0.3038194444444444 0.919921875 0.5826388888888889 0.02578125
6 0.5 0.934375 1.0 0.0
11 0.3611111111111111 0.95625 0.7222222222222222 -0.04375
14 0.8027777777777778 0.9478515625 0.08333333333333333 -0.026953125
4 0.9222222222222223 0.9453125 0.07777777777777778 -0.021875
14 0.10173611111111111 0.0708984375 0.12569444444444444 0.036328125
0 0.9513888888888888 0.07109375 0.09722222222222222 0.065625
0 0.0 0.0328125 0.0 0.0
14 0.0 0.0328125 0.0 0.0
5 0.0 0.0328125 0.0 0.0
5 0.0 0.0328125 0.0 0.0
