14 0.38055555555555554 0.0708984375 0.4111111111111111 0.036328125
4 0.06805555555555555 0.07109375 0.1361111111111111 0.0765625
14 0.13472222222222222 0.1435546875 0.1527777777777778 0.022265625
14 0.38680555555555557 0.1435546875 0.11805555555555555 0.022265625
5 0.06979166666666667 0.206640625 0.13402777777777777 0.05703125
14 0.21041666666666667 0.206640625 0.14722222222222223 0.04375
5 0.06979166666666667 0.266796875 0.13402777777777777 0.05703125
14 0.3128472222222222 0.266796875 0.35208333333333336 0.04375
5 0.06979166666666667 0.326953125 0.13402777777777777 0.05703125
14 0.290625 0.326953125 0.3076388888888889 0.04375
5 0.06979166666666667 0.387109375 0.13402777777777777 0.05703125
14 0.278125 0.387109375 0.2826388888888889 0.04375
5 0.06979166666666667 0.447265625 0.13402777777777777 0.05703125
14 0.28125 0.447265625 0.28888888888888886 0.04375
5 0.06979166666666667 0.507421875 0.13402777777777777 0.05703125
14 0.21493055555555557 0.507421875 0.15625 0.04375
14 0.3402777777777778 0.227734375 0.6027777777777777 0.02578125
14 0.3402777777777778 0.30625 0.6027777777777777 0.065625
14 0.3402777777777778 0.371875 0.6027777777777777 0.065625
14 0.3402777777777778 0.4375 0.6027777777777777 0.065625
14 0.3402777777777778 0.503125 0.6027777777777777 0.065625
14 0.3402777777777778 0.5921875 0.6027777777777777 0.065625
