5 0.5 0.079296875 1.0 0.09296875
5 0.17256944444444444 0.0791015625 0.07291666666666667 0.041015625
14 0.5086805555555556 0.0791015625 0.5159722222222223 0.035546875
14 0.0 0.0328125 0.0 0.0
4 0.06805555555555555 0.079296875 0.1361111111111111 0.0765625
14 0.12777777777777777 0.166796875 0.25555555555555554 0.08203125
14 0.38958333333333334 0.166796875 0.26805555555555555 0.08203125
14 0.6486111111111111 0.166796875 0.25 0.08203125
14 0.8868055555555555 0.166796875 0.2263888888888889 0.08203125
5 0.5048611111111111 0.366015625 0.9902777777777778 0.31328125
14 0.1486111111111111 0.2408203125 0.22916666666666666 0.035546875
14 0.21805555555555556 0.476171875 0.3680555555555556 0.065625
14 0.6458333333333334 0.4587890625 0.4388888888888889 0.030859375
5 0.5048611111111111 0.679296875 0.9902777777777778 0.31328125
14 0.15034722222222222 0.789453125 0.2326388888888889 0.065625
14 0.6211805555555555 0.7720703125 0.6604166666666667 0.030859375
14 0.6211805555555555 0.8025390625 0.6604166666666667 0.030078125
14 0.9756944444444444 0.8109375 0.04861111111111111 0.02265625
5 0.5048611111111111 0.88515625 0.9902777777777778 0.0984375
5 0.315625 0.106640625 0.13125 0.09296875
14 0.3159722222222222 0.240625 0.5833333333333334 0.03828125
14 0.3159722222222222 0.30625 0.5833333333333334 0.03828125
14 0.3159722222222222 0.371875 0.5833333333333334 0.03828125
14 0.3159722222222222 0.4375 0.5833333333333334 0.03828125
14 0.3159722222222222 0.503125 0.5833333333333334 0.03828125
14 0.3159722222222222 0.56875 0.5833333333333334 0.03828125
14 0.3159722222222222 0.634375 0.5833333333333334 0.03828125
5 0.0 0.0 0.0 0.0
14 0.0 0.0 0.0 0.0
