0 0.08333333333333333 0.031640625 0.16666666666666666 0.06015625
0 0.2503472222222222 0.031640625 0.16597222222222222 0.06015625
0 0.4170138888888889 0.031640625 0.16597222222222222 0.06015625
0 0.5836805555555555 0.031640625 0.16597222222222222 0.06015625
0 0.7503472222222223 0.031640625 0.16597222222222222 0.06015625
0 0.9170138888888889 0.031640625 0.16597222222222222 0.06015625
0 0.5 0.9015625 1.0 0.065625
14 0.5 0.116796875 1.0 0.065625
14 0.5 0.183203125 1.0 0.065625
14 0.5 0.249609375 1.0 0.065625
