0 0.9086805555555556 0.0669921875 0.15763888888888888 0.068359375
14 0.1954861111111111 0.0669921875 0.3909722222222222 0.068359375
14 0.5861111111111111 0.0669921875 0.3902777777777778 0.068359375
14 0.0 0.3462890625 0.0 0.036328125
14 0.0 0.3826171875 0.0 0.036328125
14 0.0 0.5037109375 0.0 0.027734375
14 0.5 0.1203125 1.0 0.03828125
14 0.050694444444444445 0.1734375 0.05277777777777778 0.0296875
3 0.225 0.1734375 0.24305555555555555 0.02578125
14 0.4222222222222222 0.1734375 0.6416666666666667 0.0296875
14 0.5 0.2294921875 1.0 0.041796875
5 0.07291666666666667 0.29140625 0.09722222222222222 0.0546875
14 0.24270833333333333 0.29140625 0.19375 0.0296875
5 0.07291666666666667 0.37421875 0.09722222222222222 0.0546875
14 0.27847222222222223 0.37421875 0.2652777777777778 0.0296875
14 0.0 0.101171875 0.0 0.0
14 0.0 0.101171875 0.0 0.0
0 0.0 0.101171875 0.0 0.0
14 0.0 0.101171875 0.0 0.0
5 0.0 0.101171875 0.0 0.0
14 0.0 0.101171875 0.0 0.0
