5 0.1 0.88203125 0.0875 0.04921875
14 0.09965277777777778 0.9177734375 0.11736111111111111 0.022265625
5 0.3 0.88203125 0.0875 0.04921875
14 0.3 0.9177734375 0.13472222222222222 0.022265625
5 0.5 0.88203125 0.0875 0.04921875
14 0.5 0.9177734375 0.04861111111111111 0.022265625
5 0.7 0.88203125 0.0875 0.04921875
14 0.6996527777777778 0.9177734375 0.1076388888888889 0.022265625
5 0.9 0.88203125 0.0875 0.04921875
0 0.9690972222222223 0.8748046875 0.03680555555555556 0.020703125
14 0.8996527777777777 0.9177734375 0.06736111111111111 0.022265625
5 0.0 0.85234375 0.0 0.0
5 0.0 0.85234375 0.0 0.0
5 0.0 0.85234375 0.0 0.0
5 0.0 0.85234375 0.0 0.0
5 0.0 0.0328125 0.0 0.0
14 0.0 0.0328125 0.0 0.0
14 0.0 0.0328125 0.0 0.0
5 0.9326388888888889 0.0669921875 0.10972222222222222 0.046484375
14 0.13819444444444445 0.0669921875 0.2763888888888889 0.033203125
14 0.0 0.0328125 0.0 0.0
5 0.0 0.0328125 0.0 0.0
5 0.07916666666666666 0.128515625 0.06111111111111111 0.034375
14 0.5010416666666667 0.128515625 0.7826388888888889 0.0546875
5 0.9427083333333334 0.1283203125 0.03680555555555556 0.020703125
14 0.0 0.0328125 0.0 0.0
14 0.0 0.0328125 0.0 0.0
5 0.0 0.0328125 0.0 0.0
14 0.0 0.0328125 0.0 0.0
14 0.0 0.0328125 0.0 0.0
14 0.0 0.0328125 0.0 0.0
14 0.0 0.0328125 0.0 0.0
14 0.5 0.1998046875 1.0 0.033203125
5 0.1267361111111111 0.3052734375 0.12152777777777778 0.068359375
14 0.46597222222222223 0.3052734375 0.5083333333333333 0.033203125
5 0.9329861111111111 0.3052734375 0.03680555555555556 0.020703125
5 0.1267361111111111 0.4490234375 0.12152777777777778 0.068359375
14 0.43194444444444446 0.4490234375 0.44027777777777777 0.033203125
5 0.9329861111111111 0.4490234375 0.03680555555555556 0.020703125
5 0.1267361111111111 0.5927734375 0.12152777777777778 0.068359375
14 0.39861111111111114 0.5927734375 0.3736111111111111 0.033203125
5 0.9329861111111111 0.5927734375 0.03680555555555556 0.020703125
14 0.3128472222222222 0.68125 0.4798611111111111 0.02578125
