14 0.19895833333333332 0.0708984375 0.10625 0.036328125
4 0.06805555555555555 0.07109375 0.1361111111111111 0.0765625
14 0.25 0.1421875 0.2152777777777778 0.0296875
14 0.7496527777777777 0.1419921875 0.24930555555555556 0.046484375
5 1.0 0.2736328125 0.0 0.194140625
6 1.0 0.1765625 0.0 0.0
14 1.0 0.1765625 0.0 0.0
5 1.0 0.1765625 0.0 0.0
14 1.0 0.1765625 0.0 0.0
14 1.0 0.1765625 0.0 0.0
14 1.0 0.1765625 0.0 0.0
5 0.09479166666666666 0.2298828125 0.10208333333333333 0.057421875
14 0.37256944444444445 0.2173828125 0.4048611111111111 0.037890625
5 0.6142361111111111 0.2173828125 0.04375 0.024609375
14 0.39652777777777776 0.2490234375 0.4527777777777778 0.025390625
14 0.019444444444444445 0.27421875 0.0 0.0
5 0.10486111111111111 0.79453125 0.058333333333333334 0.0328125
14 0.15555555555555556 0.79453125 0.043055555555555555 0.0296875
0 0.12638888888888888 0.79453125 0.21388888888888888 0.065625
5 0.32916666666666666 0.79453125 0.058333333333333334 0.0328125
14 0.36909722222222224 0.79453125 0.021527777777777778 0.0296875
0 0.3402777777777778 0.79453125 0.21388888888888888 0.065625
5 0.5541666666666667 0.79453125 0.21388888888888888 0.065625
5 0.7680555555555556 0.79453125 0.21388888888888888 0.065625
5 0.09479166666666666 0.8833984375 0.10208333333333333 0.057421875
14 0.5357638888888889 0.8708984375 0.73125 0.037890625
5 0.9375 0.8708984375 0.0375 0.024609375
14 0.35 0.9025390625 0.3597222222222222 0.025390625
6 0.0 0.1765625 0.0 0.0
14 0.0 0.1765625 0.0 0.0
5 0.0 0.1765625 0.0 0.0
14 0.0 0.1765625 0.0 0.0
14 0.0 0.1765625 0.0 0.0
14 0.0 0.1765625 0.0 0.0
5 0.3402777777777778 0.155859375 0.6805555555555556 0.24609375
5 0.1361111111111111 0.137890625 0.19444444444444445 0.109375
14 0.44722222222222224 0.123046875 0.3888888888888889 0.0296875
14 0.25277777777777777 0.152734375 0.0 0.0296875
6 0.3402777777777778 0.220703125 0.6027777777777777 0.034375
5 0.05138888888888889 0.2205078125 0.0 0.020703125
14 0.5371527777777778 0.2205078125 0.1840277777777778 0.020703125
14 0.3402777777777778 0.32265625 0.6027777777777777 0.065625
14 0.3402777777777778 0.38828125 0.6027777777777777 0.065625
14 0.3402777777777778 0.47734375 0.6027777777777777 0.065625
14 0.3402777777777778 0.54296875 0.6027777777777777 0.065625
14 0.3402777777777778 0.60859375 0.6027777777777777 0.065625
14 0.3402777777777778 0.67421875 0.6027777777777777 0.065625
