5 0.11597222222222223 0.0341796875 0.21666666666666667 0.059765625
5 0.5 0.0341796875 0.5513888888888889 0.059765625
5 0.21909722222222222 0.2392578125 0.3645833333333333 0.205078125
14 0.6701388888888888 0.1505859375 0.5375 0.116015625
0 0.6701388888888888 0.2359375 0.19444444444444445 0.0546875
4 0.6701388888888888 0.304296875 0.19444444444444445 0.0546875
5 0.13402777777777777 0.1357421875 0.24305555555555555 0.120703125
5 0.0125 0.075390625 0.0 0.0
14 0.0125 0.075390625 0.0 0.0
4 0.0125 0.075390625 0.0 0.0
0 0.0125 0.075390625 0.0 0.0
5 0.21909722222222222 0.5806640625 0.3645833333333333 0.205078125
14 0.6701388888888888 0.4919921875 0.5375 0.116015625
0 0.6701388888888888 0.57734375 0.19444444444444445 0.0546875
4 0.6701388888888888 0.645703125 0.19444444444444445 0.0546875
5 0.13402777777777777 0.4771484375 0.24305555555555555 0.120703125
5 0.0125 0.416796875 0.0 0.0
14 0.0125 0.416796875 0.0 0.0
4 0.0125 0.416796875 0.0 0.0
0 0.0125 0.416796875 0.0 0.0
5 0.21909722222222222 0.876953125 0.3645833333333333 0.11484375
14 0.6701388888888888 0.8333984375 0.5375 0.116015625
0 0.6701388888888888 0.912890625 0.19444444444444445 0.04296875
4 0.6701388888888888 0.9470703125 0.19444444444444445 -0.025390625
5 0.13402777777777777 0.8185546875 0.24305555555555555 0.120703125
5 0.0125 0.758203125 0.0 0.0
14 0.0125 0.758203125 0.0 0.0
4 0.0125 0.758203125 0.0 0.0
0 0.0125 0.758203125 0.0 0.0
