5 0.5 0.1162109375 1.0 0.166796875
5 0.08506944444444445 0.1435546875 0.12152777777777778 0.090234375
14 0.5704861111111111 0.1685546875 0.8104166666666667 0.040234375
5 0.9756944444444444 0.166796875 0.0 0.04375
14 0.14791666666666667 0.2322265625 0.2375 0.020703125
14 0.4739583333333333 0.2322265625 0.29791666666666666 0.020703125
14 0.8121527777777777 0.2322265625 0.26180555555555557 0.020703125
5 0.5 0.4228515625 0.975 0.308203125
0 0.5 0.9015625 1.0 0.065625
4 0.06805555555555555 0.07109375 0.1361111111111111 0.0765625
5 0.9319444444444445 0.07109375 0.07777777777777778 0.04375
