14 0.12777777777777777 0.106640625 0.1486111111111111 0.021875
14 0.5 0.186328125 0.11944444444444445 0.1375
14 0.8489583333333334 0.266015625 0.1951388888888889 0.021875
5 0.5 0.3591796875 0.9847222222222223 0.090234375
9 0.5 0.421484375 1.0 0.034375
4 0.4996527777777778 0.876953125 0.24375 0.06015625
5 0.07465277777777778 0.1076171875 0.04236111111111111 0.023828125
14 0.496875 0.1076171875 0.6951388888888889 0.033203125
5 0.07465277777777778 0.1923828125 0.04236111111111111 0.023828125
14 0.496875 0.1923828125 0.6951388888888889 0.033203125
5 0.07465277777777778 0.2771484375 0.04236111111111111 0.023828125
14 0.496875 0.2771484375 0.6951388888888889 0.033203125
5 0.059027777777777776 0.0328125 0.09722222222222222 0.0546875
14 0.2829861111111111 0.0326171875 0.33125 0.033203125
