5 0.5 0.48359375 1.0 0.9015625
5 0.0 0.101171875 0.0 0.0
5 0.0 0.101171875 0.0 0.0
5 0.0 0.101171875 0.0 0.0
5 0.0 0.101171875 0.0 0.0
5 0.0 0.101171875 0.0 0.0
5 0.09965277777777778 0.0599609375 0.08541666666666667 0.048046875
0 0.1 0.065625 0.2 0.065625
5 0.29965277777777777 0.0599609375 0.08541666666666667 0.048046875
0 0.3 0.065625 0.2 0.065625
5 0.4996527777777778 0.0599609375 0.08541666666666667 0.048046875
0 0.5 0.065625 0.2 0.065625
5 0.6996527777777778 0.0599609375 0.08541666666666667 0.048046875
0 0.7 0.065625 0.2 0.065625
5 0.8996527777777777 0.0599609375 0.08541666666666667 0.048046875
0 0.9 0.065625 0.2 0.065625
14 0.5 0.8419921875 1.0 0.037109375
6 0.5 0.8216796875 1.0 0.004296875
0 0.5 0.8974609375 1.0 0.073828125
5 0.09965277777777778 0.8974609375 0.08541666666666667 0.048046875
0 0.1 0.890625 0.2 0.06015625
5 0.29965277777777777 0.8974609375 0.08541666666666667 0.048046875
0 0.3 0.890625 0.2 0.06015625
5 0.4996527777777778 0.8974609375 0.08541666666666667 0.048046875
0 0.5 0.8974609375 0.2 0.073828125
5 0.6996527777777778 0.8974609375 0.08541666666666667 0.048046875
0 0.7 0.8974609375 0.2 0.073828125
5 0.8996527777777777 0.8974609375 0.08541666666666667 0.048046875
0 0.9 0.890625 0.2 0.06015625
6 0.5 0.48359375 0.8055555555555556 0.0546875
14 0.4996527777777778 0.5517578125 0.1284722222222222 0.040234375
14 0.4996527777777778 0.4150390625 0.5465277777777777 0.040234375
