14 0.3003472222222222 0.058203125 0.25069444444444444 0.02578125
14 0.3003472222222222 0.083984375 0.25069444444444444 0.02578125
10 0.35868055555555556 0.07109375 0.36736111111111114 0.0515625
4 0.06805555555555555 0.07109375 0.1361111111111111 0.0765625
5 0.5 0.4876953125 1.0 0.756640625
14 0.5 0.7763671875 1.0 0.179296875
0 0.5 0.8048828125 1.0 0.122265625
5 0.5 0.4876953125 1.0 0.756640625
5 0.0 0.4876953125 0.0 0.756640625
14 0.0 0.7763671875 0.0 0.179296875
0 0.0 0.8048828125 0.0 0.122265625
5 0.0 0.4876953125 0.0 0.756640625
5 0.75 0.4876953125 0.5 0.756640625
14 0.75 0.7763671875 0.5 0.179296875
0 0.75 0.8048828125 0.5 0.122265625
5 0.75 0.4876953125 0.5 0.756640625
5 0.5 0.112890625 1.0 0.00703125
