14 0.40694444444444444 0.0708984375 0.5222222222222223 0.036328125
4 0.06805555555555555 0.07109375 0.1361111111111111 0.0765625
5 0.8635416666666667 0.07109375 0.04375 0.065625
4 0.94375 0.209375 0.07777777777777778 0.04375
5 0.12152777777777778 0.4869140625 0.24305555555555555 0.324609375
5 0.12152777777777778 0.89296875 0.24305555555555555 0.0828125
5 0.3715277777777778 0.89296875 0.24305555555555555 0.0828125
5 0.6215277777777778 0.89296875 0.24305555555555555 0.0828125
5 0.8715277777777778 0.89296875 0.24305555555555555 0.0828125
0 0.8930555555555556 0.87421875 0.1361111111111111 0.0765625
