5 0.05138888888888889 0.07109375 0.07777777777777778 0.04375
14 0.2826388888888889 0.071484375 0.38472222222222224 0.040625
5 0.125 0.13125 0.0 0.0
14 0.12465277777777778 0.151171875 0.1076388888888889 0.02578125
5 0.375 0.13125 0.0 0.0
14 0.3746527777777778 0.151171875 0.06319444444444444 0.02578125
5 0.625 0.13125 0.0 0.0
14 0.625 0.151171875 0.0763888888888889 0.02578125
5 0.875 0.13125 0.0 0.0
14 0.875 0.151171875 0.08333333333333333 0.02578125
14 0.5010416666666667 0.199609375 0.7173611111111111 0.04921875
14 0.5010416666666667 0.3712890625 0.7173611111111111 0.321484375
14 0.2760416666666667 0.252734375 0.13125 0.04921875
9 0.553125 0.2537109375 0.4909722222222222 0.042578125
1 0.4986111111111111 0.3447265625 0.6541666666666667 0.051953125
14 0.2760416666666667 0.39765625 0.13125 0.04921875
9 0.553125 0.3986328125 0.4909722222222222 0.042578125
0 0.4986111111111111 0.495703125 0.6541666666666667 0.06171875
14 0.5010416666666667 0.56875 0.7173611111111111 0.04921875
14 0.5010416666666667 0.6255859375 0.7173611111111111 0.091796875
3 0.4170138888888889 0.6302734375 0.4909722222222222 0.051953125
0 0.7489583333333333 0.632421875 0.16319444444444445 0.06171875
14 0.5010416666666667 0.199609375 0.7173611111111111 0.04921875
14 0.5010416666666667 0.3138671875 0.7173611111111111 0.206640625
7 0.4986111111111111 0.2611328125 0.6541666666666667 0.051953125
7 0.4986111111111111 0.3201171875 0.6541666666666667 0.051953125
7 0.4986111111111111 0.3787109375 0.6541666666666667 0.051953125
14 0.5010416666666667 0.45390625 0.7173611111111111 0.04921875
14 0.5010416666666667 0.5099609375 0.7173611111111111 0.090234375
1 0.4986111111111111 0.5142578125 0.6541666666666667 0.051953125
14 0.5010416666666667 0.199609375 0.7173611111111111 0.04921875
14 0.5010416666666667 0.255078125 0.7173611111111111 0.0890625
14 0.3138888888888889 0.2625 0.2847222222222222 0.04921875
3 0.6253472222222223 0.2611328125 0.3284722222222222 0.051953125
14 0.5010416666666667 0.336328125 0.7173611111111111 0.04921875
14 0.5010416666666667 0.5955078125 0.7173611111111111 0.496484375
14 0.3138888888888889 0.39921875 0.2847222222222222 0.04921875
3 0.6253472222222223 0.3978515625 0.3284722222222222 0.051953125
14 0.3138888888888889 0.458203125 0.2847222222222222 0.04921875
3 0.6253472222222223 0.4568359375 0.3284722222222222 0.051953125
14 0.3138888888888889 0.516796875 0.2847222222222222 0.04921875
3 0.6253472222222223 0.5154296875 0.3284722222222222 0.051953125
14 0.3138888888888889 0.57578125 0.2847222222222222 0.04921875
3 0.6253472222222223 0.5744140625 0.3284722222222222 0.051953125
1 0.4777777777777778 0.6318359375 0.6125 0.051953125
14 0.3138888888888889 0.69453125 0.2847222222222222 0.04921875
14 0.5756944444444444 0.69765625 0.17777777777777778 0.0609375
10 0.6253472222222223 0.698046875 0.3284722222222222 0.06171875
14 0.3138888888888889 0.75625 0.2847222222222222 0.04921875
3 0.6253472222222223 0.7548828125 0.3284722222222222 0.051953125
0 0.4777777777777778 0.8388671875 0.6125 0.009765625
14 0.0 0.17109375 0.0 0.0
14 0.0 0.17109375 0.0 0.0
14 0.0 0.17109375 0.0 0.0
3 0.0 0.17109375 0.0 0.0
0 0.0 0.17109375 0.0 0.0
0 0.0 0.17109375 0.0 0.0
0 0.9149305555555556 0.893359375 0.12152777777777778 0.06171875
0 0.7628472222222222 0.893359375 0.15763888888888888 0.06171875
0 0.5802083333333333 0.893359375 0.18263888888888888 0.06171875
