14 0.5194444444444445 0.7390625 0.9611111111111111 0.05859375
5 0.0 0.709765625 0.0 0.0
14 0.0 0.709765625 0.0 0.0
5 0.15416666666666667 0.823046875 0.11666666666666667 0.065625
14 0.15381944444444445 0.891796875 0.16319444444444445 0.04140625
5 0.38472222222222224 0.823046875 0.11666666666666667 0.065625
14 0.384375 0.891796875 0.11041666666666666 0.04140625
5 0.6152777777777778 0.823046875 0.11666666666666667 0.065625
14 0.6152777777777778 0.891796875 0.12638888888888888 0.04140625
5 0.0 0.768359375 0.0 0.0
14 0.0 0.768359375 0.0 0.0
