5 0.0 0.0 0.0 0.0
5 0.06805555555555555 0.035546875 0.10694444444444444 0.06015625
5 0.9319444444444445 0.035546875 0.10694444444444444 0.06015625
5 0.07291666666666667 0.112109375 0.14583333333333334 0.08203125
5 0.029166666666666667 0.0916015625 0.058333333333333334 0.041015625
3 0.0 0.07109375 0.0 0.0
3 0.0 0.07109375 0.0 0.0
5 0.9270833333333334 0.112109375 0.14583333333333334 0.08203125
5 0.9708333333333333 0.0916015625 0.058333333333333334 0.041015625
5 0.4996527777777778 0.4669921875 0.86875 0.488671875
14 0.5 0.5189453125 1.0 0.830859375
5 0.0 0.0 0.0 0.0
5 0.0 0.0 0.0 0.0
5 0.17881944444444445 0.78984375 0.3284722222222222 0.01796875
5 0.5072916666666667 0.78984375 0.3284722222222222 0.01796875
5 0.8357638888888889 0.78984375 0.3284722222222222 0.01796875
5 0.17881944444444445 0.8296875 0.3284722222222222 0.06171875
5 0.5072916666666667 0.8296875 0.3284722222222222 0.06171875
5 0.8357638888888889 0.8296875 0.3284722222222222 0.06171875
5 0.10833333333333334 0.041015625 0.1875 0.02890625
5 0.3017361111111111 0.041015625 0.19930555555555557 0.06015625
5 0.5010416666666667 0.041015625 0.19930555555555557 0.06015625
5 0.7003472222222222 0.041015625 0.19930555555555557 0.06015625
5 0.9 0.041015625 0.2 0.06015625
5 0.0 0.0 0.0 0.0
5 0.0 0.0 0.0 0.0
5 0.0 0.0 0.0 0.0
5 0.0 0.0 0.0 0.0
5 0.0 0.0 0.0 0.0
