14 0.1423611111111111 0.14765625 0.2847222222222222 0.0765625
14 0.40694444444444444 0.14765625 0.24444444444444444 0.0765625
14 0.6454861111111111 0.14765625 0.2326388888888889 0.0765625
14 0.8809027777777778 0.14765625 0.23819444444444443 0.0765625
5 0.0 0.1859375 0.0 0.0
14 0.0 0.1859375 0.0 0.0
5 0.0 0.1859375 0.0 0.0
6 0.4996527777777778 0.5599609375 0.12152777777777778 0.068359375
5 0.21458333333333332 0.2634765625 0.38055555555555554 0.127734375
14 0.6902777777777778 0.2326171875 0.5708333333333333 0.066015625
14 0.6902777777777778 0.2900390625 0.5708333333333333 0.026953125
5 0.21458333333333332 0.4197265625 0.38055555555555554 0.127734375
14 0.6902777777777778 0.3888671875 0.5708333333333333 0.066015625
14 0.6902777777777778 0.4462890625 0.5708333333333333 0.026953125
5 0.21458333333333332 0.5318359375 0.38055555555555554 0.039453125
14 0.6902777777777778 0.5451171875 0.5708333333333333 0.066015625
14 0.6902777777777778 0.6025390625 0.5708333333333333 0.026953125
5 0.21458333333333332 0.7083984375 0.38055555555555554 0.127734375
14 0.6902777777777778 0.694140625 0.5708333333333333 0.09921875
14 0.6902777777777778 0.7681640625 0.5708333333333333 0.026953125
5 0.21458333333333332 0.872265625 0.38055555555555554 0.12421875
14 0.6902777777777778 0.8431640625 0.5708333333333333 0.066015625
14 0.6902777777777778 0.9005859375 0.5708333333333333 0.026953125
5 1.0 0.1859375 0.0 0.0
14 1.0 0.1859375 0.0 0.0
5 1.0 0.1859375 0.0 0.0
13 0.5 0.56015625 1.0 0.7484375
4 0.06805555555555555 0.07109375 0.1361111111111111 0.0765625
14 0.1361111111111111 0.0708984375 0.0 0.036328125
14 0.5680555555555555 0.0744140625 0.8638888888888889 0.045703125
