5 0.1 0.07109375 0.058333333333333334 0.0328125
5 0.3 0.07109375 0.058333333333333334 0.0328125
5 0.5 0.07109375 0.09027777777777778 0.05078125
5 0.7 0.07109375 0.058333333333333334 0.0328125
5 0.9 0.07109375 0.058333333333333334 0.0328125
5 0.3857638888888889 0.8578125 0.20902777777777778 0.13125
5 0.6142361111111111 0.8578125 0.20902777777777778 0.13125
5 0.20590277777777777 0.8208984375 0.12152777777777778 0.068359375
5 0.7940972222222222 0.8208984375 0.12152777777777778 0.068359375
5 0.7673611111111112 0.708203125 0.044444444444444446 0.025
14 0.8079861111111111 0.7095703125 0.01875 0.023828125
5 0.8579861111111111 0.708203125 0.04375 0.025
14 0.8920138888888889 0.7095703125 0.01875 0.023828125
14 0.14930555555555555 0.69375 0.10138888888888889 0.028125
14 0.18958333333333333 0.7240234375 0.14444444444444443 0.026171875
5 0.5 0.4337890625 0.8375 0.471484375
5 0.025 0.16640625 0.0 0.0
14 0.025 0.16640625 0.0 0.0
5 0.025 0.16640625 0.0 0.0
14 0.025 0.16640625 0.0 0.0
5 0.7673611111111112 0.708203125 0.044444444444444446 0.025
14 0.8079861111111111 0.7095703125 0.01875 0.023828125
5 0.8579861111111111 0.708203125 0.04375 0.025
14 0.8920138888888889 0.7095703125 0.01875 0.023828125
5 0.11736111111111111 0.6947265625 0.0375 0.020703125
14 0.18611111111111112 0.69453125 0.08194444444444444 0.028125
5 0.11041666666666666 0.723828125 0.02361111111111111 0.01953125
14 0.18541666666666667 0.7240234375 0.10833333333333334 0.024609375
5 0.5 0.434375 0.8375 0.47109375
5 0.025 0.16640625 0.0 0.0
14 0.025 0.16640625 0.0 0.0
5 0.025 0.16640625 0.0 0.0
14 0.025 0.16640625 0.0 0.0
5 0.7746527777777777 0.7005859375 0.04513888888888889 0.025390625
14 0.8163194444444445 0.701953125 0.01875 0.02421875
5 0.8673611111111111 0.7005859375 0.04583333333333333 0.025390625
14 0.9024305555555555 0.701953125 0.01875 0.02421875
14 0.18541666666666667 0.68671875 0.19444444444444445 0.02890625
5 0.1 0.7166015625 0.02361111111111111 0.019921875
14 0.17465277777777777 0.716796875 0.10625 0.025
5 0.5 0.4197265625 0.8597222222222223 0.483984375
5 0.0125 0.144921875 0.0 0.0
14 0.0125 0.144921875 0.0 0.0
5 0.0125 0.144921875 0.0 0.0
14 0.0125 0.144921875 0.0 0.0
5 0.7815972222222223 0.6931640625 0.04652777777777778 0.026171875
14 0.8243055555555555 0.69453125 0.019444444444444445 0.025
5 0.8767361111111112 0.6931640625 0.04652777777777778 0.026171875
14 0.9125 0.69453125 0.019444444444444445 0.025
14 0.1545138888888889 0.67890625 0.15347222222222223 0.0296875
5 0.08993055555555556 0.7095703125 0.024305555555555556 0.020703125
14 0.16875 0.709765625 0.11388888888888889 0.02578125
5 0.5 0.405078125 0.8819444444444444 0.49609375
5 0.0 0.123046875 0.0 0.0
14 0.0 0.123046875 0.0 0.0
5 0.0 0.123046875 0.0 0.0
14 0.0 0.123046875 0.0 0.0
14 0.0 0.109375 0.0 0.0
14 0.0 0.109375 0.0 0.0
5 0.0 0.109375 0.0 0.0
5 0.0 0.109375 0.0 0.0
5 0.0 0.109375 0.0 0.0
5 0.0 0.109375 0.0 0.0
0 0.0 0.109375 0.0 0.0
5 0.0 0.109375 0.0 0.0
14 0.0 0.109375 0.0 0.0
14 0.0 0.109375 0.0 0.0
0 0.0 0.109375 0.0 0.0
5 0.0 0.109375 0.0 0.0
14 0.0 0.109375 0.0 0.0
5 0.0 0.109375 0.0 0.0
14 0.0 0.109375 0.0 0.0
14 0.0 0.109375 0.0 0.0
0 0.0 0.109375 0.0 0.0
5 0.0 0.109375 0.0 0.0
14 0.0 0.109375 0.0 0.0
14 0.0 0.109375 0.0 0.0
0 0.0 0.109375 0.0 0.0
5 0.0 0.0328125 0.0 0.0
14 0.0 0.0328125 0.0 0.0
14 0.0 0.0328125 0.0 0.0
