4 0.06805555555555555 0.07109375 0.1361111111111111 0.0765625
5 0.8847222222222222 0.07109375 0.09722222222222222 0.065625
14 0.019444444444444445 0.1513671875 0.0 0.040234375
5 0.40243055555555557 0.6185546875 0.024305555555555556 0.013671875
5 0.4510416666666667 0.6185546875 0.024305555555555556 0.013671875
5 0.4996527777777778 0.6185546875 0.024305555555555556 0.013671875
5 0.5482638888888889 0.6185546875 0.024305555555555556 0.013671875
5 0.596875 0.6185546875 0.024305555555555556 0.013671875
14 0.5194444444444445 0.14609375 0.9611111111111111 0.0296875
14 0.5 0.19921875 1.0 0.0765625
14 0.5 0.27578125 1.0 0.0765625
14 0.5 0.35234375 1.0 0.0765625
14 0.5 0.42890625 1.0 0.0765625
14 0.5 0.50546875 1.0 0.0765625
14 0.5 0.58203125 1.0 0.0765625
14 0.5 0.65859375 1.0 0.0765625
14 0.5 0.73515625 1.0 0.0765625
5 0.18715277777777778 0.8291015625 0.21875 0.123046875
14 0.33541666666666664 0.7841796875 0.0 0.033203125
14 0.33541666666666664 0.82265625 0.0 0.0296875
14 0.33541666666666664 0.859375 0.0 0.0296875
5 0.9048611111111111 0.77734375 0.1125 0.06328125
0 0.125 0.89609375 0.25 0.0765625
0 0.375 0.89609375 0.25 0.0765625
0 0.625 0.89609375 0.25 0.0765625
0 0.875 0.89609375 0.25 0.0765625
5 0.5 0.4109375 0.24305555555555555 0.13671875
14 0.5 0.5251953125 0.9222222222222223 0.048046875
14 0.4996527777777778 0.58671875 0.4270833333333333 0.075
