5 0.15868055555555555 0.3685546875 0.04375 0.024609375
14 0.2861111111111111 0.34296875 0.1625 0.02578125
14 0.44131944444444443 0.34296875 0.14791666666666667 0.02578125
14 0.30277777777777776 0.36875 0.19583333333333333 0.02578125
14 0.4565972222222222 0.36875 0.11180555555555556 0.02578125
14 0.04375 0.31640625 0.0 0.0
14 0.04375 0.39609375 0.0 0.0
3 0.04375 0.39609375 0.0 0.0
6 0.04375 0.39609375 0.0 0.0
14 0.04375 0.39609375 0.0 0.0
14 0.04375 0.39609375 0.0 0.0
3 0.5 0.429296875 0.8472222222222222 0.0296875
14 0.0763888888888889 0.414453125 0.0 0.0
14 0.5680555555555555 0.50078125 0.6527777777777778 0.0453125
14 0.28229166666666666 0.5384765625 0.08125 0.024609375
14 0.08125 0.465234375 0.0 0.0
14 0.04375 0.39609375 0.0 0.0
14 0.8611111111111112 0.61796875 0.125 0.065625
