14 0.5 0.260546875 0.7291666666666666 0.0453125
5 0.2423611111111111 0.328125 0.11666666666666667 0.065625
14 0.4510416666666667 0.31015625 0.29097222222222224 0.0296875
14 0.5607638888888888 0.3599609375 0.5104166666666666 0.069921875
5 0.5 0.3978515625 0.6319444444444444 0.002734375
5 0.2423611111111111 0.45078125 0.11666666666666667 0.065625
14 0.375 0.4328125 0.1388888888888889 0.0296875
14 0.5607638888888888 0.4826171875 0.5104166666666666 0.069921875
5 0.5 0.5205078125 0.6319444444444444 0.002734375
5 0.2423611111111111 0.5734375 0.11666666666666667 0.065625
14 0.3434027777777778 0.55546875 0.07569444444444444 0.0296875
14 0.5607638888888888 0.594140625 0.5104166666666666 0.04765625
5 0.5 0.6431640625 0.6319444444444444 0.002734375
0 0.4996527777777778 0.682421875 0.3284722222222222 0.03828125
