14 0.5 0.0166015625 0.9805555555555555 0.031640625
5 0.521875 0.212109375 0.95625 0.30625
14 0.5 0.402734375 1.0 0.02578125
14 0.057291666666666664 0.44296875 0.11458333333333333 0.02578125
9 0.5048611111111111 0.44296875 0.7805555555555556 0.0546875
14 0.9475694444444445 0.44296875 0.10486111111111111 0.02578125
14 0.5 0.483203125 1.0 0.02578125
14 0.057291666666666664 0.5234375 0.11458333333333333 0.02578125
9 0.5048611111111111 0.5234375 0.7805555555555556 0.0546875
14 0.9475694444444445 0.5234375 0.10486111111111111 0.02578125
14 0.5 0.563671875 1.0 0.02578125
14 0.057291666666666664 0.60390625 0.11458333333333333 0.02578125
9 0.5048611111111111 0.60390625 0.7805555555555556 0.0546875
14 0.9475694444444445 0.60390625 0.10486111111111111 0.02578125
14 0.5 0.644140625 1.0 0.02578125
14 0.057291666666666664 0.684375 0.11458333333333333 0.02578125
9 0.5048611111111111 0.684375 0.7805555555555556 0.0546875
14 0.9475694444444445 0.684375 0.10486111111111111 0.02578125
14 0.5 0.724609375 1.0 0.02578125
14 0.057291666666666664 0.76484375 0.11458333333333333 0.02578125
9 0.5048611111111111 0.7583984375 0.7805555555555556 0.041796875
14 0.9475694444444445 0.76484375 0.10486111111111111 0.02578125
0 0.16666666666666666 0.8294921875 0.3333333333333333 0.073046875
12 0.5 0.8294921875 0.3333333333333333 0.073046875
0 0.8333333333333334 0.8294921875 0.3333333333333333 0.073046875
