5 0.5 0.48359375 1.0 0.9015625
5 0.08159722222222222 0.09140625 0.08541666666666667 0.034375
0 0.08784722222222222 0.09140625 0.09791666666666667 0.06484375
5 0.9076388888888889 0.09140625 0.058333333333333334 0.0328125
5 0.4996527777777778 0.0787109375 0.6479166666666667 0.048046875
14 0.5 0.115625 0.7666666666666667 0.02578125
14 0.0 0.0328125 0.0 0.0
5 0.0 0.0328125 0.0 0.0
5 0.5 0.865625 1.0 0.00078125
7 0.0 0.865234375 0.0 0.0
7 0.0 0.865234375 0.0 0.0
7 0.0 0.865234375 0.0 0.0
7 0.0 0.865234375 0.0 0.0
5 0.0 0.1326171875 0.0 0.199609375
5 0.5 0.48359375 1.0 0.9015625
14 0.5 0.1166015625 0.0 0.044140625
0 0.5 0.89609375 1.0 0.0765625
