5 0.5 0.48359375 1.0 0.9015625
14 0.5 0.071875 1.0 0.078125
5 0.5 0.14140625 1.0 0.065625
14 0.5 0.2341796875 0.5180555555555556 0.037890625
5 0.09722222222222222 0.299609375 0.09722222222222222 0.0546875
14 0.4996527777777778 0.2994140625 0.8784722222222222 0.037890625
5 0.9076388888888889 0.299609375 0.0875 0.04921875
14 0.5 0.3923828125 0.5 0.037890625
5 0.09722222222222222 0.4578125 0.09722222222222222 0.0546875
14 0.4996527777777778 0.4576171875 0.8784722222222222 0.037890625
5 0.9076388888888889 0.4578125 0.0875 0.04921875
14 0.5 0.641796875 0.07777777777777778 0.30234375
0 0.8736111111111111 0.863671875 0.175 0.0984375
5 0.26979166666666665 0.863671875 0.4618055555555556 0.1140625
5 0.5013888888888889 0.833984375 0.07777777777777778 0.04375
4 0.06805555555555555 0.07109375 0.1361111111111111 0.0765625
0 0.9513888888888888 0.07109375 0.09722222222222222 0.065625
