5 0.5 0.48359375 1.0 0.9015625
5 0.9659722222222222 0.9056640625 0.06805555555555555 0.057421875
14 0.2204861111111111 0.9056640625 0.11458333333333333 0.027734375
14 0.3746527777777778 0.9056640625 0.09513888888888888 0.027734375
14 0.5371527777777778 0.9056640625 0.12986111111111112 0.027734375
14 0.7472222222222222 0.9056640625 0.19305555555555556 0.027734375
14 0.9121527777777778 0.9056640625 0.03958333333333333 0.027734375
14 0.06076388888888889 0.79296875 0.07291666666666667 0.02265625
14 0.06111111111111111 0.8189453125 0.09166666666666666 0.029296875
14 0.23020833333333332 0.79296875 0.17847222222222223 0.02265625
14 0.36527777777777776 0.79296875 0.09166666666666666 0.02265625
14 0.23020833333333332 0.815625 0.17847222222222223 0.02265625
14 0.36527777777777776 0.815625 0.09166666666666666 0.02265625
14 0.23020833333333332 0.83828125 0.17847222222222223 0.02265625
14 0.36527777777777776 0.83828125 0.09166666666666666 0.02265625
14 0.23020833333333332 0.8609375 0.17847222222222223 0.02265625
14 0.36527777777777776 0.8609375 0.09166666666666666 0.02265625
5 0.09722222222222222 0.86015625 0.04861111111111111 0.02734375
5 0.4423611111111111 0.827734375 0.002777777777777778 0.0953125
14 0.534375 0.7953125 0.06041666666666667 0.03046875
5 0.5340277777777778 0.82890625 0.06805555555555555 0.03671875
14 0.49236111111111114 0.85859375 0.07777777777777778 0.02265625
5 0.534375 0.85859375 0.0006944444444444445 0.0140625
14 0.5763888888888888 0.85859375 0.07777777777777778 0.02265625
5 0.6253472222222223 0.827734375 0.0006944444444444445 0.0796875
14 0.7163194444444444 0.7953125 0.07430555555555556 0.03046875
5 0.7159722222222222 0.82890625 0.06805555555555555 0.03671875
14 0.6743055555555556 0.85859375 0.07777777777777778 0.02265625
5 0.7163194444444444 0.85859375 0.0006944444444444445 0.0140625
14 0.7583333333333333 0.85859375 0.07777777777777778 0.02265625
5 0.8072916666666666 0.827734375 0.0006944444444444445 0.0796875
14 0.8982638888888889 0.7953125 0.08819444444444445 0.03046875
5 0.8979166666666667 0.82890625 0.06805555555555555 0.03671875
14 0.85625 0.85859375 0.07777777777777778 0.02265625
5 0.8982638888888889 0.85859375 0.0006944444444444445 0.0140625
14 0.9402777777777778 0.85859375 0.07777777777777778 0.02265625
5 0.9892361111111111 0.827734375 0.0006944444444444445 0.0796875
14 0.9996527777777777 0.85859375 0.0006944444444444445 0.02265625
5 0.08541666666666667 0.6591796875 0.14583333333333334 0.030078125
5 0.0 0.150390625 0.0 0.0
5 0.0 0.150390625 0.0 0.0
5 0.0 0.150390625 0.0 0.0
5 0.0 0.150390625 0.0 0.0
5 0.5 0.465234375 1.0 0.6296875
4 0.05486111111111111 0.7560546875 0.10972222222222222 0.048046875
12 0.25833333333333336 0.7560546875 0.06666666666666667 0.041015625
5 0.3128472222222222 0.7560546875 0.003472222222222222 0.026171875
12 0.3857638888888889 0.7560546875 0.10347222222222222 0.041015625
12 0.4996527777777778 0.7560546875 0.08541666666666667 0.048046875
14 0.7163194444444444 0.755859375 0.34791666666666665 0.02265625
4 0.9451388888888889 0.7560546875 0.10972222222222222 0.048046875
12 0.035416666666666666 0.705859375 0.07083333333333333 0.04921875
5 0.5354166666666667 0.705859375 0.9291666666666667 0.04921875
11 0.0 0.150390625 0.0 0.0
5 0.12152777777777778 0.1251953125 0.24305555555555555 0.048046875
14 0.5722222222222222 0.1251953125 0.1625 0.048046875
5 0.9447916666666667 0.125 0.08541666666666667 0.034375
0 0.9510416666666667 0.1251953125 0.09791666666666667 0.048046875
