5 0.5 0.1609375 0.4861111111111111 0.2015625
5 0.5 0.46328125 0.9027777777777778 0.403125
14 0.5 0.7654296875 0.9027777777777778 0.201171875
5 0.378125 0.8923828125 0.05347222222222222 0.013671875
5 0.42916666666666664 0.8921875 0.04861111111111111 0.01328125
5 0.4777777777777778 0.8921875 0.04861111111111111 0.01328125
5 0.5263888888888889 0.8921875 0.04861111111111111 0.01328125
5 0.575 0.8921875 0.04861111111111111 0.01328125
5 0.6236111111111111 0.8921875 0.04861111111111111 0.01328125
5 0.9399305555555556 0.8923828125 0.12013888888888889 0.056640625
