5 0.09236111111111112 0.1837890625 0.1361111111111111 0.116015625
14 0.2881944444444444 0.14296875 0.23055555555555557 0.034375
14 0.5559027777777777 0.1734375 0.7659722222222223 0.02578125
5 0.9510416666666667 0.17890625 0.024305555555555556 0.0234375
5 0.09236111111111112 0.3009765625 0.1361111111111111 0.116015625
14 0.27534722222222224 0.26015625 0.2048611111111111 0.034375
14 0.5559027777777777 0.290625 0.7659722222222223 0.02578125
14 0.5559027777777777 0.31640625 0.7659722222222223 0.02578125
14 0.5559027777777777 0.3421875 0.7659722222222223 0.02578125
5 0.9510416666666667 0.29609375 0.024305555555555556 0.0234375
5 0.09236111111111112 0.4181640625 0.1361111111111111 0.116015625
14 0.2791666666666667 0.37734375 0.2125 0.034375
14 0.5559027777777777 0.4078125 0.7659722222222223 0.02578125
14 0.5559027777777777 0.43359375 0.7659722222222223 0.02578125
14 0.5559027777777777 0.459375 0.7659722222222223 0.02578125
5 0.9510416666666667 0.41328125 0.024305555555555556 0.0234375
5 0.07291666666666667 0.140234375 0.14583333333333334 0.06171875
14 0.19791666666666666 0.140234375 0.10416666666666667 0.06171875
5 0.07291666666666667 0.20234375 0.14583333333333334 0.06171875
14 0.2482638888888889 0.20234375 0.2048611111111111 0.06171875
5 0.07291666666666667 0.264453125 0.14583333333333334 0.06171875
14 0.24861111111111112 0.264453125 0.20555555555555555 0.06171875
5 0.07291666666666667 0.3265625 0.14583333333333334 0.06171875
14 0.23645833333333333 0.3265625 0.18125 0.06171875
5 0.07291666666666667 0.388671875 0.14583333333333334 0.06171875
14 0.184375 0.388671875 0.07708333333333334 0.06171875
5 0.07291666666666667 0.45078125 0.14583333333333334 0.06171875
14 0.20416666666666666 0.45078125 0.11666666666666667 0.06171875
5 0.07291666666666667 0.512890625 0.14583333333333334 0.06171875
14 0.29791666666666666 0.512890625 0.30416666666666664 0.06171875
5 0.07291666666666667 0.575 0.14583333333333334 0.06171875
14 0.21840277777777778 0.575 0.1451388888888889 0.06171875
14 0.27881944444444445 0.0708984375 0.2659722222222222 0.036328125
4 0.06805555555555555 0.07109375 0.1361111111111111 0.0765625
