4 0.06076388888888889 0.0669921875 0.12152777777777778 0.068359375
4 0.9392361111111112 0.0669921875 0.12152777777777778 0.068359375
5 0.8784722222222222 0.0328125 0.0 0.0
14 0.8784722222222222 0.0328125 0.0 0.0
14 0.5 0.0669921875 0.24722222222222223 0.038671875
4 0.3277777777777778 0.066796875 0.058333333333333334 0.0328125
4 0.6722222222222223 0.066796875 0.058333333333333334 0.0328125
5 0.5 0.1029296875 1.0 0.003515625
14 0.07152777777777777 0.117578125 0.14305555555555555 0.02578125
14 0.21458333333333332 0.117578125 0.14305555555555555 0.02578125
14 0.3576388888888889 0.117578125 0.14305555555555555 0.02578125
14 0.5006944444444444 0.117578125 0.14305555555555555 0.02578125
14 0.64375 0.117578125 0.14305555555555555 0.02578125
14 0.7864583333333334 0.117578125 0.1423611111111111 0.02578125
14 0.9288194444444444 0.117578125 0.1423611111111111 0.02578125
5 0.06076388888888889 0.9001953125 0.12152777777777778 0.068359375
14 0.9048611111111111 0.9001953125 0.19027777777777777 0.068359375
14 0.3329861111111111 0.8828125 0.3840277777777778 0.02578125
14 0.46319444444444446 0.912890625 0.6444444444444445 0.034375
5 0.017361111111111112 0.924609375 0.029166666666666667 0.01640625
14 0.0 0.0328125 0.0 0.0
6 0.0 0.0328125 0.0 0.0
14 0.0 0.0328125 0.0 0.0
5 0.0 0.0328125 0.0 0.0
5 0.0 0.0328125 0.0 0.0
14 0.0 0.0328125 0.0 0.0
5 0.0 0.0328125 0.0 0.0
14 0.0 0.0328125 0.0 0.0
14 0.16701388888888888 0.5607421875 0.2604166666666667 0.033203125
6 0.9302083333333333 0.5607421875 0.06597222222222222 0.037109375
5 0.5 0.5876953125 1.0 0.002734375
14 0.5 0.6056640625 0.9263888888888889 0.033203125
14 0.4996527777777778 0.744140625 0.1423611111111111 0.090625
14 0.0 0.0328125 0.0 0.0
0 0.0 0.0328125 0.0 0.0
