5 0.25 0.601171875 0.49027777777777776 0.36015625
4 0.04756944444444444 0.7572265625 0.08541666666666667 0.048046875
14 0.2503472222222222 0.7572265625 0.32013888888888886 0.046484375
0 0.4527777777777778 0.75703125 0.08472222222222223 0.04765625
5 0.75 0.623046875 0.49027777777777776 0.40390625
4 0.5475694444444444 0.8009765625 0.08541666666666667 0.048046875
14 0.7503472222222223 0.8009765625 0.32013888888888886 0.046484375
0 0.9527777777777777 0.80078125 0.08472222222222223 0.04765625
5 0.25 0.860546875 0.49027777777777776 0.14765625
5 0.75 0.882421875 0.49027777777777776 0.10390625
4 0.1 0.89609375 0.2 0.0765625
4 0.3 0.89609375 0.2 0.0765625
4 0.5 0.89609375 0.2 0.0765625
4 0.7 0.89609375 0.2 0.0765625
4 0.9 0.89609375 0.2 0.0765625
5 0.4996527777777778 0.2240234375 0.43680555555555556 0.245703125
5 0.4996527777777778 0.2240234375 0.1701388888888889 0.095703125
5 0.8 0.2173828125 0.32222222222222224 0.205859375
14 0.4701388888888889 0.3041015625 0.005555555555555556 0.017578125
14 0.5270833333333333 0.3041015625 0.005555555555555556 0.017578125
4 0.04548611111111111 0.1255859375 0.08541666666666667 0.048046875
4 0.04548611111111111 0.1751953125 0.08541666666666667 0.048046875
4 0.04548611111111111 0.2248046875 0.08541666666666667 0.048046875
4 0.04548611111111111 0.2744140625 0.08541666666666667 0.048046875
4 0.04548611111111111 0.3240234375 0.08541666666666667 0.048046875
14 0.30659722222222224 0.0685546875 0.26319444444444445 0.036328125
4 0.06805555555555555 0.068359375 0.1361111111111111 0.06015625
14 0.16631944444444444 0.3826171875 0.18819444444444444 0.031640625
14 0.4996527777777778 0.3826171875 0.25763888888888886 0.031640625
14 0.8329861111111111 0.3826171875 0.0798611111111111 0.031640625
5 0.5 0.48359375 1.0 0.9015625
5 0.4996527777777778 0.2341796875 0.76875 0.129296875
10 0.5 0.544921875 0.3888888888888889 0.21875
5 0.0 0.1171875 0.0 0.16875
14 0.0 0.105859375 0.0 0.02578125
14 0.0 0.1298828125 0.0 0.022265625
14 0.0 0.63984375 0.0 0.02578125
