5 0.5 0.079296875 0.8069444444444445 0.09296875
5 0.5 0.1271484375 1.0 0.002734375
5 0.5 0.3470703125 1.0 0.020703125
14 0.5 0.3892578125 1.0 0.036328125
4 0.29965277777777777 0.46484375 0.18958333333333333 0.06015625
3 0.29965277777777777 0.526953125 0.18958333333333333 0.0640625
4 0.29965277777777777 0.5890625 0.18958333333333333 0.06015625
4 0.4947916666666667 0.46484375 0.18958333333333333 0.06015625
3 0.4947916666666667 0.526953125 0.18958333333333333 0.0640625
4 0.4947916666666667 0.5890625 0.18958333333333333 0.06015625
4 0.6947916666666667 0.46484375 0.19930555555555557 0.06015625
3 0.6947916666666667 0.526953125 0.19930555555555557 0.0640625
4 0.6947916666666667 0.5890625 0.19930555555555557 0.06015625
14 0.0 0.434765625 0.0 0.0
14 0.0 0.434765625 0.0 0.0
14 0.0 0.434765625 0.0 0.0
14 0.0 0.434765625 0.0 0.0
14 0.0 0.434765625 0.0 0.0
14 0.0 0.434765625 0.0 0.0
14 0.0 0.434765625 0.0 0.0
14 0.0 0.434765625 0.0 0.0
14 0.0 0.434765625 0.0 0.0
5 0.0 0.434765625 0.0 0.0
0 0.5 0.67265625 0.13194444444444445 0.065625
5 0.5 0.7158203125 1.0 0.020703125
5 0.8541666666666666 0.8904296875 0.24305555555555555 0.020703125
14 0.5704861111111111 0.8904296875 0.29930555555555555 0.033203125
0 0.5 0.8904296875 1.0 0.033203125
