5 0.2520833333333333 0.2884765625 0.4986111111111111 0.212890625
14 0.2520833333333333 0.3478515625 0.44027777777777777 0.027734375
14 0.2520833333333333 0.3720703125 0.44027777777777777 0.020703125
4 0.4576388888888889 0.206640625 0.0875 0.04921875
5 0.0 0.179296875 0.0 0.0
14 0.0 0.179296875 0.0 0.0
14 0.0 0.179296875 0.0 0.0
5 1.0 0.179296875 0.0 0.0
14 1.0 0.179296875 0.0 0.0
14 1.0 0.179296875 0.0 0.0
5 0.0 0.1203125 0.0 0.0
14 0.0 0.1203125 0.0 0.0
4 0.5 0.87421875 0.1361111111111111 0.0765625
5 0.08263888888888889 0.0765625 0.06805555555555555 0.03828125
14 0.5267361111111111 0.0765625 0.69375 0.02578125
4 0.9173611111111111 0.0765625 0.06805555555555555 0.03828125
4 0.019444444444444445 0.04375 0.0 0.0
3 0.019444444444444445 0.04375 0.0 0.0
5 0.019444444444444445 0.04375 0.0 0.0
3 0.5 0.0765625 0.9611111111111111 0.065625
