5 0.06319444444444444 0.144921875 0.11666666666666667 0.065625
14 0.5753472222222222 0.144921875 0.8493055555555555 0.04375
5 0.06319444444444444 0.217578125 0.11666666666666667 0.065625
14 0.5753472222222222 0.217578125 0.8493055555555555 0.04375
5 0.06319444444444444 0.290234375 0.11666666666666667 0.065625
14 0.5753472222222222 0.290234375 0.8493055555555555 0.04375
5 0.06319444444444444 0.362890625 0.11666666666666667 0.065625
14 0.5753472222222222 0.362890625 0.8493055555555555 0.04375
5 0.06319444444444444 0.435546875 0.11666666666666667 0.065625
14 0.5753472222222222 0.435546875 0.8493055555555555 0.04375
5 0.06319444444444444 0.508203125 0.11666666666666667 0.065625
14 0.5753472222222222 0.508203125 0.8493055555555555 0.04375
5 0.06319444444444444 0.580859375 0.11666666666666667 0.065625
14 0.5753472222222222 0.580859375 0.8493055555555555 0.04375
5 0.06319444444444444 0.653515625 0.11666666666666667 0.065625
14 0.5753472222222222 0.653515625 0.8493055555555555 0.04375
5 0.06319444444444444 0.726171875 0.11666666666666667 0.065625
14 0.5753472222222222 0.726171875 0.8493055555555555 0.04375
5 0.06319444444444444 0.798828125 0.11666666666666667 0.065625
14 0.5753472222222222 0.798828125 0.8493055555555555 0.04375
5 0.06319444444444444 0.871484375 0.11666666666666667 0.065625
14 0.5753472222222222 0.871484375 0.8493055555555555 0.04375
5 0.06319444444444444 0.9228515625 0.11666666666666667 0.023046875
14 0.5753472222222222 0.9283203125 0.8493055555555555 0.012109375
14 0.2767361111111111 0.0708984375 0.4756944444444444 0.036328125
0 0.9513888888888888 0.07109375 0.09722222222222222 0.065625
