14 0.4378472222222222 0.127734375 0.7979166666666667 0.02578125
14 0.85625 0.127734375 0.0 0.02578125
14 0.2378472222222222 0.153515625 0.39791666666666664 0.02578125
14 0.9291666666666667 0.1509765625 0.06805555555555555 0.063671875
14 0.0 0.0984375 0.0 0.0
5 0.08993055555555556 0.90078125 0.1798611111111111 0.065625
5 0.26006944444444446 0.9 0.16041666666666668 0.065625
5 0.4204861111111111 0.9 0.16041666666666668 0.065625
5 0.5809027777777778 0.9 0.16041666666666668 0.065625
5 0.7413194444444444 0.9 0.16041666666666668 0.065625
5 0.8798611111111111 0.9 0.07777777777777778 0.04375
14 0.9215277777777777 0.908984375 0.04027777777777778 0.0234375
0 0.0 0.0328125 0.0 0.0
5 0.009722222222222222 0.065625 0.019444444444444445 0.065625
5 0.07777777777777778 0.065625 0.07777777777777778 0.065625
14 0.19618055555555555 0.065625 0.12013888888888889 0.03125
5 0.8104166666666667 0.065625 0.07777777777777778 0.04375
5 0.9368055555555556 0.065625 0.07777777777777778 0.04375
14 1.0 0.0654296875 0.0 0.033203125
5 0.07777777777777778 0.0765625 0.07777777777777778 0.04375
14 0.4111111111111111 0.066796875 0.4722222222222222 0.02421875
14 0.4 0.0927734375 0.45 0.022265625
14 0.32256944444444446 0.13671875 0.2951388888888889 0.04375
5 0.7916666666666666 0.065625 0.11666666666666667 0.065625
5 0.0 0.0328125 0.0 0.0
14 0.0 0.0328125 0.0 0.0
14 0.0 0.0328125 0.0 0.0
5 0.07777777777777778 0.22578125 0.07777777777777778 0.04375
14 0.48333333333333334 0.22578125 0.6166666666666667 0.02578125
5 0.07777777777777778 0.29140625 0.07777777777777778 0.04375
14 0.48333333333333334 0.29140625 0.6166666666666667 0.02578125
5 0.07777777777777778 0.35703125 0.07777777777777778 0.04375
14 0.48333333333333334 0.35703125 0.6166666666666667 0.02578125
5 0.07777777777777778 0.42265625 0.07777777777777778 0.04375
14 0.48333333333333334 0.42265625 0.6166666666666667 0.02578125
5 0.07777777777777778 0.48828125 0.07777777777777778 0.04375
14 0.46319444444444446 0.48828125 0.5763888888888888 0.02578125
14 0.7909722222222222 0.48828125 0.04027777777777778 0.0234375
5 0.07777777777777778 0.55390625 0.07777777777777778 0.04375
14 0.48333333333333334 0.55390625 0.6166666666666667 0.02578125
5 0.07777777777777778 0.61953125 0.07777777777777778 0.04375
14 0.46319444444444446 0.61953125 0.5763888888888888 0.02578125
14 0.7909722222222222 0.61953125 0.04027777777777778 0.0234375
5 0.07777777777777778 0.68515625 0.07777777777777778 0.04375
14 0.48333333333333334 0.68515625 0.6166666666666667 0.02578125
5 0.07777777777777778 0.75078125 0.07777777777777778 0.04375
14 0.48333333333333334 0.75078125 0.6166666666666667 0.02578125
5 0.07777777777777778 0.81640625 0.07777777777777778 0.04375
14 0.48333333333333334 0.81640625 0.6166666666666667 0.02578125
