14 0.7520833333333333 0.07109375 0.39861111111111114 0.0296875
14 0.7520833333333333 0.13671875 0.39861111111111114 0.0296875
14 0.7520833333333333 0.20234375 0.39861111111111114 0.0296875
14 0.7520833333333333 0.26796875 0.39861111111111114 0.0296875
14 0.7520833333333333 0.33359375 0.39861111111111114 0.0296875
14 0.7520833333333333 0.39921875 0.39861111111111114 0.0296875
14 0.7520833333333333 0.46484375 0.39861111111111114 0.0296875
14 0.7520833333333333 0.53046875 0.39861111111111114 0.0296875
14 0.7520833333333333 0.59609375 0.39861111111111114 0.0296875
14 0.7520833333333333 0.66171875 0.39861111111111114 0.0296875
14 0.7520833333333333 0.72734375 0.39861111111111114 0.0296875
14 0.7520833333333333 0.79296875 0.39861111111111114 0.0296875
