5 0.5 0.4798828125 1.0 0.172265625
14 0.5 0.591796875 1.0 0.0515625
14 0.4996527777777778 0.64140625 0.3770833333333333 0.04765625
5 1.0 0.179296875 0.0 0.0
14 1.0 0.179296875 0.0 0.0
14 1.0 0.179296875 0.0 0.0
5 0.0 0.1203125 0.0 0.0
14 0.0 0.1203125 0.0 0.0
14 0.0 0.0328125 0.0 0.0
5 0.0875 0.0765625 0.09722222222222222 0.0546875
14 0.5472222222222223 0.073828125 0.75 0.0296875
5 0.0875 0.1640625 0.09722222222222222 0.0546875
14 0.5472222222222223 0.161328125 0.75 0.0296875
5 0.0875 0.2515625 0.09722222222222222 0.0546875
14 0.5472222222222223 0.248828125 0.75 0.0296875
14 0.0 0.381640625 0.0 0.0
14 0.0 0.381640625 0.0 0.0
4 0.07048611111111111 0.42265625 0.10208333333333333 0.06015625
3 0.5020833333333333 0.42265625 0.7222222222222222 0.08203125
4 0.9315972222222222 0.42265625 0.13680555555555557 0.08203125
14 0.2107638888888889 0.51484375 0.022916666666666665 0.03515625
5 0.2107638888888889 0.54765625 0.04097222222222222 0.01328125
14 0.19027777777777777 0.5478515625 0.0 0.022265625
0 0.2111111111111111 0.528125 0.28888888888888886 0.0875
14 0.4996527777777778 0.5146484375 0.04097222222222222 0.035546875
14 0.5 0.5478515625 0.05555555555555555 0.022265625
0 0.5 0.528125 0.28888888888888886 0.0875
14 0.7885416666666667 0.5146484375 0.03958333333333333 0.036328125
14 0.7885416666666667 0.5482421875 0.052083333333333336 0.022265625
0 0.7888888888888889 0.528125 0.28888888888888886 0.0875
14 0.2111111111111111 0.60234375 0.044444444444444446 0.03515625
14 0.2111111111111111 0.6353515625 0.04861111111111111 0.022265625
0 0.2111111111111111 0.615625 0.28888888888888886 0.0875
14 0.4996527777777778 0.60234375 0.03819444444444445 0.0359375
14 0.5 0.6357421875 0.05 0.022265625
0 0.5 0.615625 0.28888888888888886 0.0875
14 0.7888888888888889 0.6021484375 0.03888888888888889 0.036328125
14 0.7888888888888889 0.6357421875 0.06666666666666667 0.022265625
0 0.7888888888888889 0.615625 0.28888888888888886 0.0875
14 0.21041666666666667 0.68984375 0.041666666666666664 0.03515625
14 0.2107638888888889 0.7228515625 0.07430555555555556 0.022265625
0 0.2111111111111111 0.703125 0.28888888888888886 0.0875
14 0.49930555555555556 0.6896484375 0.04027777777777778 0.036328125
14 0.4996527777777778 0.7232421875 0.05486111111111111 0.022265625
0 0.5 0.703125 0.28888888888888886 0.0875
14 0.7881944444444444 0.68984375 0.03888888888888889 0.0359375
14 0.7885416666666667 0.7232421875 0.07847222222222222 0.022265625
0 0.7888888888888889 0.703125 0.28888888888888886 0.0875
14 0.2107638888888889 0.7814453125 0.035416666666666666 0.019921875
0 0.2111111111111111 0.790625 0.28888888888888886 0.0875
14 0.5 0.7787109375 0.03888888888888889 0.036328125
14 0.5 0.8095703125 0.016666666666666666 0.022265625
0 0.5 0.790625 0.28888888888888886 0.0875
14 0.7885416666666667 0.781640625 0.03125 0.02265625
0 0.7888888888888889 0.790625 0.28888888888888886 0.0875
4 0.5 0.87421875 0.1361111111111111 0.0765625
5 0.08263888888888889 0.0041015625 0.06805555555555555 0.008203125
14 0.5267361111111111 0.0009765625 0.69375 0.001953125
4 0.9173611111111111 0.0041015625 0.06805555555555555 0.008203125
3 0.5 0.0109375 0.9611111111111111 0.021875
