14 0.4392361111111111 0.3341796875 0.7020833333333333 0.040234375
14 0.8510416666666667 0.3365234375 0.12152777777777778 0.033203125
0 0.209375 0.405078125 0.27569444444444446 0.065625
0 0.5003472222222223 0.405078125 0.27569444444444446 0.065625
0 0.7909722222222222 0.405078125 0.275 0.065625
0 0.209375 0.479296875 0.27569444444444446 0.065625
0 0.5003472222222223 0.479296875 0.27569444444444446 0.065625
0 0.7909722222222222 0.479296875 0.275 0.065625
0 0.209375 0.553515625 0.27569444444444446 0.065625
0 0.5003472222222223 0.553515625 0.27569444444444446 0.065625
0 0.7909722222222222 0.553515625 0.275 0.065625
0 0.209375 0.627734375 0.27569444444444446 0.065625
0 0.5003472222222223 0.627734375 0.27569444444444446 0.065625
0 0.7909722222222222 0.627734375 0.275 0.065625
0 0.6572916666666667 0.703125 0.18819444444444444 0.065625
0 0.8291666666666667 0.703125 0.15555555555555556 0.065625
0 0.5 0.703125 0.8722222222222222 0.0765625
