14 0.3795138888888889 0.07109375 0.40902777777777777 0.04375
14 0.1361111111111111 0.0708984375 0.0 0.036328125
4 0.06805555555555555 0.07109375 0.1361111111111111 0.0765625
0 0.9513888888888888 0.07109375 0.09722222222222222 0.065625
5 0.5024305555555556 0.296875 0.8993055555555556 0.3203125
0 0.5020833333333333 0.524609375 0.4597222222222222 0.08046875
0 0.5020833333333333 0.632421875 0.4597222222222222 0.08046875
5 0.5024305555555556 0.8171875 0.32430555555555557 0.234375
4 0.0 0.109375 0.0 0.0
4 0.0 0.109375 0.0 0.0
4 0.0 0.109375 0.0 0.0
4 0.0 0.109375 0.0 0.0
4 0.0 0.109375 0.0 0.0
14 0.0 0.109375 0.0 0.0
14 0.0 0.109375 0.0 0.0
14 0.0 0.109375 0.0 0.0
14 0.0 0.109375 0.0 0.0
14 0.0 0.109375 0.0 0.0
5 0.0 0.109375 0.0 0.0
4 0.0 0.109375 0.0 0.0
4 0.0 0.109375 0.0 0.0
4 0.0 0.109375 0.0 0.0
4 0.0 0.109375 0.0 0.0
4 0.0 0.109375 0.0 0.0
4 0.0 0.109375 0.0 0.0
