4 0.115625 0.05 0.19236111111111112 0.078125
14 0.17777777777777778 0.030078125 0.04861111111111111 0.02734375
4 0.3079861111111111 0.05 0.19236111111111112 0.078125
4 0.5003472222222223 0.05 0.19236111111111112 0.078125
4 0.6927083333333334 0.05 0.19236111111111112 0.078125
4 0.8847222222222222 0.05 0.19166666666666668 0.078125
5 0.5 0.9001953125 1.0 0.068359375
4 0.06701388888888889 0.0431640625 0.13402777777777777 0.086328125
14 0.36215277777777777 0.0431640625 0.17708333333333334 0.036328125
5 0.0 0.0 0.0 0.0
5 0.0 0.0 0.0 0.0
14 0.0 0.0 0.0 0.0
14 0.3597222222222222 0.115234375 0.6805555555555556 0.04921875
