5 0.08541666666666667 0.9123046875 0.14583333333333334 0.030078125
5 0.0 0.0765625 0.0 0.0
5 0.0 0.0765625 0.0 0.0
5 0.0 0.0765625 0.0 0.0
5 0.0 0.0765625 0.0 0.0
14 0.5 0.10234375 1.0 0.0515625
14 0.7298611111111111 0.280078125 0.09583333333333334 0.134375
14 0.7295138888888889 0.2662109375 0.09791666666666667 0.159765625
5 0.8798611111111111 0.195703125 0.16666666666666666 0.09375
14 0.8798611111111111 0.195703125 0.0 0.09375
5 0.8798611111111111 0.195703125 0.16666666666666666 0.09375
14 0.8798611111111111 0.195703125 0.16666666666666666 0.09375
5 0.0 0.934375 0.0 0.0
14 0.0 0.934375 0.0 0.0
5 0.09722222222222222 0.85234375 0.14583333333333334 0.08203125
5 0.9027777777777778 0.85234375 0.14583333333333334 0.08203125
5 0.9027777777777778 0.756640625 0.14583333333333334 0.08203125
5 0.9027777777777778 0.6609375 0.14583333333333334 0.08203125
14 0.0 0.10234375 0.0 0.0515625
5 0.0 0.2892578125 0.0 0.322265625
5 0.0 0.2892578125 0.0 0.322265625
5 0.0 0.401953125 0.0 0.096875
5 0.0 0.6923828125 0.0 0.483984375
5 0.0 0.6923828125 0.0 0.483984375
14 0.5 0.10234375 1.0 0.0515625
5 0.034027777777777775 0.16640625 0.06805555555555555 0.03828125
14 0.09131944444444444 0.11328125 0.10486111111111111 0.0296875
14 0.14444444444444443 0.141015625 0.2111111111111111 0.02578125
14 0.08333333333333333 0.2140625 0.08888888888888889 0.0296875
14 0.14444444444444443 0.241796875 0.2111111111111111 0.02578125
14 0.20381944444444444 0.31484375 0.3298611111111111 0.0296875
14 0.10243055555555555 0.342578125 0.12708333333333333 0.02578125
11 0.9034722222222222 0.3275390625 0.11527777777777778 0.037109375
14 0.203125 0.415625 0.3284722222222222 0.0296875
14 0.10208333333333333 0.443359375 0.12638888888888888 0.02578125
11 0.9034722222222222 0.4283203125 0.11527777777777778 0.037109375
14 0.19895833333333332 0.51640625 0.32013888888888886 0.0296875
11 0.9034722222222222 0.5162109375 0.11527777777777778 0.037109375
0 0.0 0.0765625 0.0 0.0
0 0.0 0.0765625 0.0 0.0
5 0.16527777777777777 0.9015625 0.33055555555555555 0.065625
4 0.06805555555555555 0.03828125 0.1361111111111111 0.0765625
5 0.13645833333333332 0.0380859375 0.0006944444444444445 0.000390625
14 0.33541666666666664 0.0380859375 0.37777777777777777 0.033203125
5 0.06319444444444444 0.03828125 0.058333333333333334 0.0328125
0 0.9513888888888888 0.03828125 0.09722222222222222 0.065625
