5 0.06805555555555555 0.066796875 0.058333333333333334 0.0328125
14 0.19722222222222222 0.066796875 0.2 0.03515625
14 0.8076388888888889 0.066796875 0.30694444444444446 0.0421875
10 0.8076388888888889 0.0669921875 0.30694444444444446 0.068359375
4 0.7965277777777777 0.05625 0.08333333333333333 0.046875
0 0.5 0.878125 0.175 0.0984375
5 0.07569444444444444 0.13125 0.058333333333333334 0.0328125
14 0.24965277777777778 0.13125 0.14375 0.0296875
14 0.3038194444444444 0.162109375 0.5979166666666667 0.0015625
5 0.07569444444444444 0.192578125 0.058333333333333334 0.0328125
14 0.22083333333333333 0.192578125 0.08611111111111111 0.0296875
14 0.3038194444444444 0.2234375 0.5979166666666667 0.0015625
5 0.07569444444444444 0.25390625 0.058333333333333334 0.0328125
14 0.2142361111111111 0.25390625 0.07291666666666667 0.0296875
14 0.3038194444444444 0.284765625 0.5979166666666667 0.0015625
5 0.07569444444444444 0.315234375 0.058333333333333334 0.0328125
14 0.2611111111111111 0.315234375 0.16666666666666666 0.0296875
14 0.3038194444444444 0.34609375 0.5979166666666667 0.0015625
5 0.07569444444444444 0.3765625 0.058333333333333334 0.0328125
14 0.24513888888888888 0.3765625 0.13472222222222222 0.0296875
14 0.3038194444444444 0.407421875 0.5979166666666667 0.0015625
5 0.07569444444444444 0.437890625 0.058333333333333334 0.0328125
14 0.2513888888888889 0.437890625 0.14722222222222223 0.0296875
14 0.3038194444444444 0.46875 0.5979166666666667 0.0015625
5 0.07569444444444444 0.49921875 0.058333333333333334 0.0328125
14 0.26284722222222223 0.49921875 0.1701388888888889 0.0296875
14 0.3038194444444444 0.530078125 0.5979166666666667 0.0015625
5 0.07569444444444444 0.560546875 0.058333333333333334 0.0328125
14 0.3416666666666667 0.560546875 0.3277777777777778 0.0296875
14 0.3038194444444444 0.59140625 0.5979166666666667 0.0015625
5 0.07569444444444444 0.621875 0.058333333333333334 0.0328125
14 0.3003472222222222 0.621875 0.24513888888888888 0.0296875
14 0.3038194444444444 0.652734375 0.5979166666666667 0.0015625
5 0.07569444444444444 0.683203125 0.058333333333333334 0.0328125
14 0.29618055555555556 0.683203125 0.23680555555555555 0.0296875
14 0.3038194444444444 0.7140625 0.5979166666666667 0.0015625
5 0.07569444444444444 0.74453125 0.058333333333333334 0.0328125
14 0.21770833333333334 0.74453125 0.0798611111111111 0.0296875
14 0.3038194444444444 0.775390625 0.5979166666666667 0.0015625
5 0.07569444444444444 0.805859375 0.058333333333333334 0.0328125
14 0.24861111111111112 0.805859375 0.14166666666666666 0.0296875
14 0.3038194444444444 0.83671875 0.5979166666666667 0.0015625
5 0.07569444444444444 0.8671875 0.058333333333333334 0.0328125
14 0.21145833333333333 0.8671875 0.06736111111111111 0.0296875
14 0.3038194444444444 0.898046875 0.5979166666666667 0.0015625
