14 0.23645833333333333 0.0708984375 0.12291666666666666 0.036328125
4 0.06805555555555555 0.07109375 0.1361111111111111 0.0765625
5 0.7083333333333334 0.07109375 0.11666666666666667 0.065625
5 0.65 0.03828125 0.0 0.0
14 0.06458333333333334 0.1439453125 0.12916666666666668 0.066015625
14 0.23159722222222223 0.1439453125 0.2048611111111111 0.066015625
14 0.41423611111111114 0.1439453125 0.16041666666666668 0.066015625
14 0.5680555555555555 0.1439453125 0.14722222222222223 0.066015625
14 0.7631944444444444 0.1439453125 0.24305555555555555 0.066015625
14 0.9423611111111111 0.1439453125 0.11527777777777778 0.066015625
14 0.14097222222222222 0.18984375 0.23333333333333334 0.02578125
14 0.5704861111111111 0.1931640625 0.6256944444444444 0.027734375
10 0.6288194444444445 0.193359375 0.7423611111111111 0.0328125
5 0.5 0.2890625 1.0 0.22421875
14 0.4996527777777778 0.4107421875 0.34652777777777777 0.067578125
14 0.5 0.46796875 1.0 0.046875
14 0.5 0.5080078125 1.0 0.033203125
14 0.5 0.6556640625 1.0 0.262109375
0 0.5 0.81953125 0.9513888888888888 0.065625
