5 0.5 0.065625 1.0 0.065625
5 0.06805555555555555 0.06640625 0.1361111111111111 0.065625
5 0.9319444444444445 0.06640625 0.1361111111111111 0.065625
5 0.12465277777777778 0.1310546875 0.06597222222222222 0.037109375
5 0.3746527777777778 0.1310546875 0.06597222222222222 0.037109375
5 0.6246527777777777 0.1310546875 0.06597222222222222 0.037109375
5 0.8746527777777777 0.1310546875 0.06597222222222222 0.037109375
5 0.5 0.240625 0.7 0.153125
14 0.30243055555555554 0.20703125 0.19930555555555557 0.05859375
14 0.33055555555555555 0.251953125 0.25555555555555554 0.02421875
14 0.5510416666666667 0.22890625 0.18541666666666667 0.10234375
14 0.7201388888888889 0.22890625 0.1527777777777778 0.10234375
14 0.0 0.3171875 0.0 0.0
14 0.0 0.3171875 0.0 0.0
5 0.5 0.358203125 0.03888888888888889 0.021875
5 0.4996527777777778 0.4451171875 0.74375 0.151953125
14 0.24027777777777778 0.5859375 0.19166666666666668 0.10234375
14 0.48819444444444443 0.5859375 0.2013888888888889 0.10234375
14 0.7479166666666667 0.5859375 0.2152777777777778 0.10234375
14 1.0 0.261328125 0.0 0.0359375
14 1.0 0.581640625 0.0 0.56875
5 0.0 0.4482421875 0.0 0.166796875
5 0.5 0.144921875 0.35 0.09296875
14 0.4996527777777778 0.23984375 0.7673611111111112 0.05546875
5 0.5 0.3919921875 0.6611111111111111 0.194140625
14 0.5 0.5373046875 0.7888888888888889 0.027734375
0 0.5 0.618359375 0.2791666666666667 0.065625
