14 0.5 0.18046875 0.8722222222222222 0.065625
14 0.5 0.24609375 0.8722222222222222 0.065625
14 0.5 0.31171875 0.8722222222222222 0.065625
14 0.5 0.37734375 0.8722222222222222 0.065625
14 0.5 0.44296875 0.8722222222222222 0.065625
14 0.5 0.50859375 0.8722222222222222 0.065625
14 0.5 0.57421875 0.8722222222222222 0.065625
14 0.5 0.63984375 0.8722222222222222 0.065625
14 0.5 0.70546875 0.8722222222222222 0.065625
0 0.8291666666666667 0.853125 0.15555555555555556 0.065625
0 0.5 0.853125 0.8722222222222222 0.0765625
