6 0.0 0.0984375 0.0 0.0
14 0.0 0.0984375 0.0 0.0
14 0.5 0.51640625 1.0 0.8359375
5 0.35 0.1630859375 0.6611111111111111 0.129296875
14 0.10520833333333333 0.2513671875 0.1423611111111111 0.031640625
5 0.084375 0.30390625 0.10486111111111111 0.04375
14 0.2388888888888889 0.3 0.20416666666666666 0.0359375
5 0.6618055555555555 0.28203125 0.0125 0.0
5 0.084375 0.361328125 0.10486111111111111 0.04375
14 0.22534722222222223 0.357421875 0.17708333333333334 0.0359375
5 0.6618055555555555 0.339453125 0.0125 0.0
5 0.084375 0.41875 0.10486111111111111 0.04375
14 0.26493055555555556 0.41484375 0.25625 0.0359375
5 0.6618055555555555 0.396875 0.0125 0.0
5 0.084375 0.476171875 0.10486111111111111 0.04375
14 0.24791666666666667 0.472265625 0.2222222222222222 0.0359375
5 0.6618055555555555 0.454296875 0.0125 0.0
5 0.084375 0.53359375 0.10486111111111111 0.04375
14 0.26006944444444446 0.5296875 0.2465277777777778 0.0359375
5 0.6618055555555555 0.51171875 0.0125 0.0
5 0.084375 0.591015625 0.10486111111111111 0.04375
14 0.19340277777777778 0.587109375 0.11319444444444444 0.0359375
5 0.6618055555555555 0.569140625 0.0125 0.0
14 0.16041666666666668 0.6435546875 0.25277777777777777 0.031640625
5 0.084375 0.69609375 0.10486111111111111 0.04375
14 0.22465277777777778 0.6921875 0.17569444444444443 0.0359375
5 0.6618055555555555 0.67421875 0.0125 0.0
5 0.084375 0.753515625 0.10486111111111111 0.04375
14 0.18125 0.749609375 0.08888888888888889 0.0359375
5 0.6618055555555555 0.731640625 0.0125 0.0
5 0.084375 0.8109375 0.10486111111111111 0.04375
14 0.18229166666666666 0.80703125 0.09097222222222222 0.0359375
5 0.6618055555555555 0.7890625 0.0125 0.0
14 0.2263888888888889 0.8634765625 0.38472222222222224 0.031640625
5 0.084375 0.9142578125 0.10486111111111111 0.040234375
14 0.1736111111111111 0.912109375 0.07361111111111111 0.0359375
5 0.6618055555555555 0.894140625 0.0125 0.0
5 0.029166666666666667 0.065625 0.058333333333333334 0.0328125
5 0.049652777777777775 0.0658203125 0.0006944444444444445 0.000390625
14 0.2326388888888889 0.0544921875 0.3458333333333333 0.033203125
14 0.19930555555555557 0.080078125 0.2791666666666667 0.02578125
0 0.9319444444444445 0.065625 0.1361111111111111 0.065625
