14 0.23680555555555555 0.190234375 0.13472222222222222 0.065625
5 0.8121527777777777 0.1765625 0.03680555555555556 0.02734375
14 0.7743055555555556 0.1765625 0.019444444444444445 0.02734375
14 0.6923611111111111 0.1765625 0.125 0.02734375
14 0.8305555555555556 0.20390625 0.0 0.02734375
14 0.3295138888888889 0.33671875 0.16597222222222222 0.10625
14 0.6697916666666667 0.33671875 0.16319444444444445 0.10625
14 0.3295138888888889 0.528125 0.18680555555555556 0.10625
14 0.6697916666666667 0.528125 0.24097222222222223 0.10625
14 0.3298611111111111 0.7193359375 0.32083333333333336 0.098828125
5 0.4996527777777778 0.7748046875 0.3784722222222222 0.012890625
14 0.5 0.796875 0.07916666666666666 0.02578125
