14 0.28888888888888886 0.0708984375 0.22777777777777777 0.036328125
4 0.06805555555555555 0.07109375 0.1361111111111111 0.0765625
14 0.12152777777777778 0.1279296875 0.24305555555555555 0.037109375
14 0.38055555555555554 0.1791015625 0.7125 0.023046875
14 0.8586805555555556 0.1791015625 0.11458333333333333 0.041015625
10 0.8583333333333333 0.1791015625 0.24305555555555555 0.041015625
14 0.38055555555555554 0.2447265625 0.7125 0.023046875
14 0.8583333333333333 0.2447265625 0.10972222222222222 0.041015625
10 0.8583333333333333 0.2447265625 0.24305555555555555 0.041015625
14 0.09305555555555556 0.2962890625 0.18611111111111112 0.037109375
14 0.38333333333333336 0.3443359375 0.7180555555555556 0.023046875
14 0.8590277777777777 0.34453125 0.23333333333333334 0.04375
14 0.0 0.109375 0.0 0.0
14 0.13819444444444445 0.3927734375 0.2763888888888889 0.037109375
14 0.3763888888888889 0.4322265625 0.7041666666666667 0.023046875
1 0.7940972222222222 0.433203125 0.13125 0.04375
1 0.9236111111111112 0.433203125 0.12777777777777777 0.04375
14 0.3763888888888889 0.4978515625 0.7041666666666667 0.023046875
1 0.7940972222222222 0.498828125 0.13125 0.04375
1 0.9236111111111112 0.498828125 0.12777777777777777 0.04375
14 0.3763888888888889 0.5634765625 0.7041666666666667 0.023046875
1 0.7940972222222222 0.564453125 0.13125 0.04375
1 0.9236111111111112 0.564453125 0.12777777777777777 0.04375
14 0.3763888888888889 0.6291015625 0.7041666666666667 0.023046875
1 0.7940972222222222 0.630078125 0.13125 0.04375
1 0.9236111111111112 0.630078125 0.12777777777777777 0.04375
14 0.3763888888888889 0.6947265625 0.7041666666666667 0.023046875
1 0.7940972222222222 0.695703125 0.13125 0.04375
1 0.9236111111111112 0.695703125 0.12777777777777777 0.04375
0 0.24513888888888888 0.7728515625 0.25277777777777777 0.023046875
0 0.7545138888888889 0.7728515625 0.2743055555555556 0.023046875
14 0.5 0.8291015625 0.2513888888888889 0.050390625
5 0.5 0.934375 1.0 0.0
0 0.0 0.109375 0.0 0.0
10 0.0 0.109375 0.0 0.0
5 0.0 0.109375 0.0 0.0
5 0.0 0.109375 0.0 0.0
14 0.0 0.109375 0.0 0.0
14 0.0 0.109375 0.0 0.0
14 0.0 0.0328125 0.0 0.0
0 0.0 0.0328125 0.0 0.0
