14 0.19409722222222223 0.07109375 0.3104166666666667 0.0765625
5 0.13368055555555555 0.1845703125 0.21875 0.123046875
14 0.13368055555555555 0.2279296875 0.08541666666666667 0.036328125
3 0.6215277777777778 0.1533203125 0.7083333333333334 0.055078125
3 0.6215277777777778 0.2154296875 0.7083333333333334 0.055078125
14 0.5 0.28828125 0.9513888888888888 0.0296875
14 0.5 0.3142578125 0.9513888888888888 0.022265625
14 0.5 0.3599609375 0.9513888888888888 0.055078125
14 0.5 0.4296875 0.9513888888888888 0.0296875
14 0.2621527777777778 0.4802734375 0.4756944444444444 0.057421875
14 0.7378472222222222 0.4802734375 0.4756944444444444 0.057421875
14 0.5 0.5650390625 0.9513888888888888 0.057421875
14 0.5 0.6361328125 0.9513888888888888 0.057421875
