6 0.5 0.48359375 0.11666666666666667 0.065625
5 0.0 0.109375 0.0 0.0
0 0.0 0.109375 0.0 0.0
5 0.5 0.358984375 0.2625 0.14765625
0 0.5 0.646875 0.2513888888888889 0.06953125
5 0.0 0.109375 0.0 0.0
0 0.0 0.109375 0.0 0.0
5 0.0 0.109375 0.0 0.0
0 0.0 0.109375 0.0 0.0
5 0.08194444444444444 0.88515625 0.058333333333333334 0.0546875
5 0.2611111111111111 0.88515625 0.058333333333333334 0.0546875
5 0.5 0.8783203125 0.058333333333333334 0.041015625
5 0.7388888888888889 0.88515625 0.058333333333333334 0.0546875
5 0.9180555555555555 0.88515625 0.058333333333333334 0.0546875
