5 0.3263888888888889 0.07109375 0.30277777777777776 0.04375
4 0.06805555555555555 0.07109375 0.1361111111111111 0.0765625
5 0.7958333333333333 0.07109375 0.11666666666666667 0.065625
14 0.8444444444444444 0.05390625 0.029166666666666667 0.02578125
5 0.9319444444444445 0.07109375 0.11666666666666667 0.065625
14 0.9805555555555555 0.05390625 0.029166666666666667 0.02578125
6 0.5 0.272265625 0.11666666666666667 0.065625
5 0.5 0.24609375 0.9611111111111111 0.240625
5 0.07083333333333333 0.3953125 0.07777777777777778 0.04375
5 0.8545138888888889 0.3951171875 0.05347222222222222 0.030078125
5 0.9246527777777778 0.3953125 0.08680555555555555 0.04375
14 0.5 0.49921875 0.9513888888888888 0.065625
14 0.4076388888888889 0.5529296875 0.7666666666666667 0.027734375
14 0.06631944444444444 0.605859375 0.09236111111111112 0.04765625
14 0.06354166666666666 0.642578125 0.08680555555555555 0.02578125
14 0.8371527777777777 0.675390625 0.28541666666666665 0.0171875
14 0.34756944444444443 0.675390625 0.6548611111111111 0.02578125
5 0.0 0.58203125 0.0 0.0
14 0.0 0.58203125 0.0 0.0
14 0.0 0.58203125 0.0 0.0
5 0.0 0.58203125 0.0 0.0
5 0.0 0.58203125 0.0 0.0
14 0.0 0.58203125 0.0 0.0
14 0.0 0.58203125 0.0 0.0
5 0.0 0.58203125 0.0 0.0
14 0.0 0.58203125 0.0 0.0
14 0.0 0.58203125 0.0 0.0
14 0.0 0.58203125 0.0 0.0
5 0.0 0.58203125 0.0 0.0
5 0.0 0.58203125 0.0 0.0
14 0.0 0.58203125 0.0 0.0
14 0.08958333333333333 0.752734375 0.1388888888888889 0.02578125
0 0.83125 0.7529296875 0.2972222222222222 0.033203125
14 0.16458333333333333 0.811328125 0.32916666666666666 0.02578125
14 0.42569444444444443 0.811328125 0.19305555555555556 0.02578125
14 0.6520833333333333 0.811328125 0.25972222222222224 0.02578125
0 0.8930555555555556 0.58203125 0.1361111111111111 0.0765625
14 0.0 0.934375 0.0 0.0
14 0.0 0.934375 0.0 0.0
5 0.0 0.934375 0.0 0.0
14 0.0 0.934375 0.0 0.0
14 0.0 0.934375 0.0 0.0
5 0.0 0.934375 0.0 0.0
14 0.0 0.934375 0.0 0.0
