5 0.03229166666666667 0.1416015625 0.01597222222222222 0.016796875
5 0.05486111111111111 0.141796875 0.10972222222222222 0.06171875
14 0.4878472222222222 0.1416015625 0.73125 0.036328125
5 0.9298611111111111 0.1416015625 0.043055555555555555 0.026953125
5 0.9208333333333333 0.141796875 0.10972222222222222 0.06171875
14 0.5 0.2634765625 0.09861111111111111 0.027734375
14 0.31527777777777777 0.3650390625 0.2902777777777778 0.033203125
5 0.4986111111111111 0.3607421875 0.002777777777777778 0.024609375
14 0.6829861111111111 0.3650390625 0.2923611111111111 0.033203125
4 0.103125 0.4376953125 0.10208333333333333 0.057421875
14 0.103125 0.4376953125 0.024305555555555556 0.033203125
4 0.26145833333333335 0.4376953125 0.10208333333333333 0.057421875
14 0.26145833333333335 0.4376953125 0.024305555555555556 0.033203125
4 0.4197916666666667 0.4376953125 0.10208333333333333 0.057421875
14 0.4197916666666667 0.4376953125 0.024305555555555556 0.033203125
4 0.578125 0.4376953125 0.10208333333333333 0.057421875
14 0.578125 0.4376953125 0.024305555555555556 0.033203125
4 0.7371527777777778 0.4376953125 0.10208333333333333 0.057421875
14 0.7371527777777778 0.4376953125 0.024305555555555556 0.033203125
4 0.8961805555555555 0.4376953125 0.10208333333333333 0.057421875
14 0.8961805555555555 0.4376953125 0.024305555555555556 0.033203125
4 0.103125 0.5158203125 0.10208333333333333 0.057421875
14 0.10347222222222222 0.5158203125 0.020833333333333332 0.027734375
4 0.26145833333333335 0.5158203125 0.10208333333333333 0.057421875
14 0.26180555555555557 0.5158203125 0.020833333333333332 0.027734375
4 0.4197916666666667 0.5158203125 0.10208333333333333 0.057421875
14 0.4201388888888889 0.5158203125 0.020833333333333332 0.027734375
4 0.578125 0.5158203125 0.10208333333333333 0.057421875
14 0.5784722222222223 0.5158203125 0.041666666666666664 0.027734375
4 0.7371527777777778 0.5158203125 0.10208333333333333 0.057421875
14 0.7368055555555556 0.5158203125 0.041666666666666664 0.027734375
4 0.8961805555555555 0.5158203125 0.10208333333333333 0.057421875
14 0.8958333333333334 0.5158203125 0.041666666666666664 0.027734375
4 0.103125 0.5939453125 0.10208333333333333 0.057421875
14 0.10347222222222222 0.5939453125 0.041666666666666664 0.027734375
4 0.26145833333333335 0.5939453125 0.10208333333333333 0.057421875
14 0.26180555555555557 0.5939453125 0.041666666666666664 0.027734375
4 0.4197916666666667 0.5939453125 0.10208333333333333 0.057421875
14 0.4201388888888889 0.5939453125 0.041666666666666664 0.027734375
4 0.578125 0.5939453125 0.10208333333333333 0.057421875
14 0.5784722222222223 0.5939453125 0.041666666666666664 0.027734375
4 0.7371527777777778 0.5939453125 0.10208333333333333 0.057421875
14 0.7368055555555556 0.5939453125 0.041666666666666664 0.027734375
4 0.8961805555555555 0.5939453125 0.10208333333333333 0.057421875
14 0.8958333333333334 0.5939453125 0.041666666666666664 0.027734375
4 0.103125 0.6720703125 0.10208333333333333 0.057421875
14 0.10347222222222222 0.6720703125 0.041666666666666664 0.027734375
4 0.26145833333333335 0.6720703125 0.10208333333333333 0.057421875
14 0.26180555555555557 0.6720703125 0.041666666666666664 0.027734375
4 0.4197916666666667 0.6720703125 0.10208333333333333 0.057421875
14 0.4201388888888889 0.6720703125 0.041666666666666664 0.027734375
4 0.578125 0.6720703125 0.10208333333333333 0.057421875
14 0.5784722222222223 0.6720703125 0.041666666666666664 0.027734375
4 0.7371527777777778 0.6720703125 0.10208333333333333 0.057421875
14 0.7368055555555556 0.6720703125 0.041666666666666664 0.027734375
4 0.8961805555555555 0.6720703125 0.10208333333333333 0.057421875
14 0.8958333333333334 0.6720703125 0.041666666666666664 0.027734375
4 0.103125 0.7490234375 0.10208333333333333 0.055078125
14 0.10347222222222222 0.7501953125 0.041666666666666664 0.027734375
4 0.26145833333333335 0.7490234375 0.10208333333333333 0.055078125
14 0.26180555555555557 0.7501953125 0.041666666666666664 0.027734375
4 0.4197916666666667 0.7490234375 0.10208333333333333 0.055078125
14 0.4201388888888889 0.7501953125 0.041666666666666664 0.027734375
4 0.578125 0.7490234375 0.10208333333333333 0.055078125
14 0.5784722222222223 0.7501953125 0.041666666666666664 0.027734375
4 0.7371527777777778 0.7490234375 0.10208333333333333 0.055078125
14 0.7368055555555556 0.7501953125 0.041666666666666664 0.027734375
4 0.8961805555555555 0.7490234375 0.10208333333333333 0.055078125
14 0.8958333333333334 0.7501953125 0.041666666666666664 0.027734375
5 0.03229166666666667 0.1427734375 0.01597222222222222 0.016796875
5 0.05486111111111111 0.14296875 0.10972222222222222 0.06171875
14 0.49409722222222224 0.1427734375 0.74375 0.036328125
5 0.4996527777777778 0.459765625 0.7548611111111111 0.5109375
4 0.05486111111111111 0.7326171875 0.06111111111111111 0.034765625
4 0.04861111111111111 0.742578125 0.09722222222222222 0.0546875
4 0.9451388888888889 0.7326171875 0.06111111111111111 0.034765625
4 0.9513888888888888 0.742578125 0.09722222222222222 0.0546875
5 0.12465277777777778 0.896484375 0.04791666666666667 0.028125
5 0.375 0.896484375 0.05 0.0234375
5 0.6246527777777777 0.8966796875 0.04652777777777778 0.026171875
5 0.875 0.8966796875 0.05694444444444444 0.008984375
5 0.06076388888888889 0.065625 0.12152777777777778 0.065625
5 0.11284722222222222 0.0658203125 0.0006944444444444445 0.000390625
14 0.36666666666666664 0.0654296875 0.4875 0.033203125
