5 0.08541666666666667 0.8505859375 0.14583333333333334 0.030078125
5 0.0 0.109375 0.0 0.0
5 0.0 0.109375 0.0 0.0
5 0.0 0.109375 0.0 0.0
5 0.0 0.109375 0.0 0.0
4 0.06319444444444444 0.793359375 0.0875 0.04921875
4 0.1701388888888889 0.793359375 0.0875 0.04921875
0 0.09479166666666666 0.904296875 0.1701388888888889 0.04921875
0 0.3451388888888889 0.902734375 0.2916666666666667 0.04921875
0 0.9173611111111111 0.902734375 0.14583333333333334 0.04921875
0 0.6791666666666667 0.902734375 0.2916666666666667 0.04921875
14 0.0 0.13671875 0.0 0.0546875
14 0.0 0.1953125 0.0 0.06171875
14 0.0 0.257421875 0.0 0.06171875
14 0.0 0.31953125 0.0 0.06171875
14 0.0 0.378125 0.0 0.0546875
14 0.0 0.43671875 0.0 0.06171875
14 0.0 0.4953125 0.0 0.0546875
14 0.0 0.55390625 0.0 0.06171875
14 0.0 0.616015625 0.0 0.06171875
14 0.0 0.674609375 0.0 0.0546875
14 0.0 0.733203125 0.0 0.06171875
14 0.0 0.7953125 0.0 0.06171875
14 0.0 0.857421875 0.0 0.06171875
14 0.0 0.9115234375 0.0 0.045703125
14 1.0 0.1376953125 0.0 0.034765625
14 1.0 0.109375 0.0 0.0
11 1.0 0.109375 0.0 0.0
14 0.3385416666666667 0.0587890625 0.32708333333333334 0.030078125
4 0.06805555555555555 0.07109375 0.1361111111111111 0.0765625
14 0.30694444444444446 0.0859375 0.2638888888888889 0.02421875
