14 0.13020833333333334 0.07109375 0.18263888888888888 0.0765625
14 0.9128472222222223 0.07109375 0.17430555555555555 0.0765625
14 0.5236111111111111 0.07109375 0.6041666666666666 0.0765625
14 0.8302083333333333 0.8814453125 0.29097222222222224 0.060546875
14 0.06284722222222222 0.8779296875 0.07708333333333334 0.027734375
14 0.16180555555555556 0.8779296875 0.07222222222222222 0.027734375
14 0.28020833333333334 0.873046875 0.13958333333333334 0.04375
14 0.2326388888888889 0.9078125 0.4166666666666667 0.02578125
14 0.2847222222222222 0.14140625 0.1486111111111111 0.0296875
14 0.2847222222222222 0.1728515625 0.24444444444444444 0.033203125
14 0.7145833333333333 0.134375 0.1736111111111111 0.0296875
14 0.7145833333333333 0.1658203125 0.2652777777777778 0.033203125
14 0.5 0.2232421875 0.8541666666666666 0.033203125
14 0.0 0.109375 0.0 0.0
14 0.0 0.109375 0.0 0.0
14 0.0 0.109375 0.0 0.0
14 0.0 0.109375 0.0 0.0
14 0.0 0.109375 0.0 0.0
14 0.0 0.109375 0.0 0.0
14 0.0 0.109375 0.0 0.0
14 0.5 0.280078125 0.8541666666666666 0.0390625
14 0.5 0.3298828125 0.8541666666666666 0.033203125
14 0.0 0.109375 0.0 0.0
14 0.0 0.109375 0.0 0.0
14 0.0 0.109375 0.0 0.0
14 0.0 0.109375 0.0 0.0
14 0.5 0.407421875 0.8541666666666666 0.0390625
14 0.5 0.4791015625 0.8541666666666666 0.090234375
5 0.1423611111111111 0.5505859375 0.1388888888888889 0.052734375
5 0.28125 0.5505859375 0.1388888888888889 0.052734375
5 0.4201388888888889 0.5505859375 0.1388888888888889 0.052734375
5 0.5590277777777778 0.5505859375 0.1388888888888889 0.052734375
14 0.5 0.6005859375 0.8541666666666666 0.033203125
14 0.5 0.678125 0.8541666666666666 0.0390625
14 0.5 0.77421875 0.8541666666666666 0.12578125
