14 0.4423611111111111 0.1146484375 0.8069444444444445 0.036328125
11 0.9034722222222222 0.1146484375 0.11527777777777778 0.037109375
11 0.5 0.11484375 1.0 0.0765625
14 0.5 0.1701171875 0.9222222222222223 0.033984375
14 0.5 0.2345703125 0.9222222222222223 0.048046875
6 0.0 0.153125 0.0 0.0
14 0.0 0.153125 0.0 0.0
0 0.0 0.153125 0.0 0.0
0 0.0 0.153125 0.0 0.0
0 0.0 0.0765625 0.0 0.0
0 0.0 0.0765625 0.0 0.0
14 0.1440972222222222 0.0380859375 0.21041666666666667 0.036328125
0 0.9513888888888888 0.03828125 0.09722222222222222 0.065625
