14 0.5097222222222222 0.0708984375 0.7472222222222222 0.036328125
14 0.1361111111111111 0.1216796875 0.0 0.036328125
4 0.06805555555555555 0.07109375 0.1361111111111111 0.0765625
14 0.20104166666666667 0.1458984375 0.29930555555555555 0.045703125
14 0.5003472222222223 0.1458984375 0.29930555555555555 0.045703125
14 0.7993055555555556 0.1458984375 0.2986111111111111 0.045703125
3 0.5 0.473828125 0.8972222222222223 0.07421875
1 0.3440972222222222 0.5337890625 0.5854166666666667 0.045703125
0 0.23993055555555556 0.589453125 0.3770833333333333 0.065625
0 0.6885416666666667 0.589453125 0.5201388888888889 0.065625
0 0.5 0.660546875 0.975 0.0765625
