4 0.06805555555555555 0.07109375 0.1361111111111111 0.0765625
14 0.5003472222222223 0.07109375 0.11875 0.0328125
5 0.05451388888888889 0.3224609375 0.035416666666666666 0.019921875
14 0.16284722222222223 0.32265625 0.15625 0.0234375
14 0.31666666666666665 0.32265625 0.018055555555555554 0.0234375
3 0.6541666666666667 0.32265625 0.6319444444444444 0.05078125
5 0.05451388888888889 0.3751953125 0.035416666666666666 0.019921875
14 0.159375 0.375390625 0.14930555555555555 0.0234375
14 0.31666666666666665 0.37578125 0.018055555555555554 0.0234375
3 0.6541666666666667 0.375390625 0.6319444444444444 0.053125
0 0.5 0.467578125 0.8111111111111111 0.07109375
14 0.5 0.54296875 1.0 0.025
14 0.5 0.61875 0.4777777777777778 0.025
5 0.0 0.109375 0.0 0.0
5 0.0 0.109375 0.0 0.0
5 0.0 0.109375 0.0 0.0
5 0.7381944444444445 0.858203125 0.45 0.1109375
14 0.4378472222222222 0.25 0.8256944444444444 0.0328125
5 0.43159722222222224 0.1736328125 0.5534722222222223 0.087109375
5 0.07743055555555556 0.3212890625 0.08125 0.045703125
14 0.23159722222222223 0.32109375 0.12986111111111112 0.0328125
5 0.07743055555555556 0.4099609375 0.08125 0.045703125
14 0.32013888888888886 0.409765625 0.30694444444444446 0.0328125
5 0.07743055555555556 0.4986328125 0.08125 0.045703125
14 0.2638888888888889 0.4984375 0.19444444444444445 0.0328125
5 0.07743055555555556 0.5873046875 0.08125 0.045703125
14 0.22881944444444444 0.587109375 0.12430555555555556 0.0328125
5 0.07743055555555556 0.6759765625 0.08125 0.045703125
14 0.2982638888888889 0.67578125 0.26319444444444445 0.0328125
5 0.07743055555555556 0.7646484375 0.08125 0.045703125
14 0.30104166666666665 0.764453125 0.26875 0.0328125
5 0.07743055555555556 0.8533203125 0.08125 0.045703125
14 0.3489583333333333 0.853125 0.3645833333333333 0.0328125
5 0.07743055555555556 0.9267578125 0.08125 0.015234375
14 0.27395833333333336 0.9298828125 0.21458333333333332 0.008984375
