14 0.0 0.0 0.0 0.0
14 0.1284722222222222 0.0765625 0.2569444444444444 0.0875
14 0.375 0.0765625 0.2638888888888889 0.0875
14 0.625 0.0765625 0.2638888888888889 0.0875
14 0.8715277777777778 0.0765625 0.2569444444444444 0.0875
5 0.11493055555555555 0.1640625 0.0006944444444444445 0.0875
14 0.9815972222222222 0.1541015625 0.03680555555555556 0.022265625
14 0.5392361111111111 0.1509765625 0.8479166666666667 0.033203125
14 0.5392361111111111 0.18046875 0.8479166666666667 0.02578125
5 0.9708333333333333 0.17890625 0.0 0.0
14 0.0 0.0328125 0.0 0.0
14 0.0 0.0328125 0.0 0.0
5 0.0 0.0328125 0.0 0.0
