14 0.16666666666666666 0.1287109375 0.3333333333333333 0.060546875
14 0.5 0.1287109375 0.3333333333333333 0.060546875
14 0.8333333333333334 0.1287109375 0.3333333333333333 0.060546875
14 0.5 0.19375 0.9027777777777778 0.02578125
4 0.2951388888888889 0.248828125 0.1361111111111111 0.065625
3 0.4996527777777778 0.2490234375 0.27291666666666664 0.079296875
4 0.7041666666666667 0.248828125 0.1361111111111111 0.065625
14 0.5 0.3125 0.9027777777777778 0.02578125
4 0.2951388888888889 0.367578125 0.1361111111111111 0.065625
3 0.4996527777777778 0.3677734375 0.27291666666666664 0.079296875
4 0.7041666666666667 0.367578125 0.1361111111111111 0.065625
14 0.0 0.158984375 0.0 0.0
3 0.0 0.158984375 0.0 0.0
10 0.0 0.158984375 0.0 0.0
14 0.0 0.158984375 0.0 0.0
3 0.0 0.158984375 0.0 0.0
3 0.0 0.158984375 0.0 0.0
3 0.0 0.158984375 0.0 0.0
14 0.2743055555555556 0.44921875 0.4361111111111111 0.053125
14 0.7256944444444444 0.44921875 0.4361111111111111 0.053125
14 0.0 0.158984375 0.0 0.0
14 0.0 0.158984375 0.0 0.0
14 1.0 0.158984375 0.0 0.0
14 0.0 0.79609375 0.0 0.0546875
14 0.0 0.8515625 0.0 0.0546875
14 0.0 0.90703125 0.0 0.0546875
5 0.019444444444444445 0.065625 0.03888888888888889 0.021875
5 0.06875 0.065625 0.07777777777777778 0.04375
14 0.21284722222222222 0.0654296875 0.1909722222222222 0.033203125
