5 0.08541666666666667 0.7291015625 0.14583333333333334 0.030078125
5 0.0 0.0 0.0 0.0
5 0.0 0.0 0.0 0.0
5 0.0 0.0 0.0 0.0
5 0.0 0.0 0.0 0.0
5 0.0875 0.0615234375 0.14583333333333334 0.123046875
0 0.0875 0.041015625 0.11666666666666667 0.065625
14 0.0875 0.0765625 0.14583333333333334 0.02734375
0 0.9270833333333334 0.041015625 0.14583333333333334 0.08203125
14 0.0 0.0 0.0 0.0
14 0.0 0.0 0.0 0.0
14 0.0 0.0 0.0 0.0
14 0.0 0.0 0.0 0.0
14 0.0 0.0 0.0 0.0
14 0.0 0.0 0.0 0.0
5 0.5892361111111111 0.81953125 0.4131944444444444 0.08203125
0 0.8979166666666667 0.80859375 0.20416666666666666 0.11484375
