14 0.21284722222222222 0.0708984375 0.07569444444444444 0.036328125
4 0.06805555555555555 0.07109375 0.1361111111111111 0.0765625
14 0.00798611111111111 0.1421875 0.01597222222222222 0.02578125
14 0.178125 0.1421875 0.1673611111111111 0.02578125
14 0.3861111111111111 0.1421875 0.13194444444444445 0.02578125
14 0.5989583333333334 0.1421875 0.17708333333333334 0.02578125
14 0.8583333333333333 0.1421875 0.225 0.02578125
14 0.5 0.2044921875 0.9638888888888889 0.036328125
14 0.2552083333333333 0.235546875 0.47430555555555554 0.02578125
14 0.734375 0.235546875 0.4840277777777778 0.02578125
14 0.2552083333333333 0.261328125 0.47430555555555554 0.02578125
14 0.734375 0.261328125 0.4840277777777778 0.02578125
14 0.81875 0.287109375 0.3263888888888889 0.02578125
0 0.8930555555555556 0.87421875 0.1361111111111111 0.0765625
5 0.0 0.1212890625 0.0 0.242578125
14 0.0 0.286328125 0.0 0.065625
14 0.0 0.495703125 0.0 0.065625
14 0.0 0.705078125 0.0 0.065625
