5 0.5 0.065625 0.2916666666666667 0.06015625
4 0.058333333333333334 0.065625 0.11666666666666667 0.065625
4 0.0 0.0328125 0.0 0.0
4 0.0 0.0328125 0.0 0.0
4 0.0 0.0328125 0.0 0.0
5 0.8815972222222223 0.0654296875 0.07291666666666667 0.041015625
14 0.9527777777777777 0.065625 0.06944444444444445 0.0296875
14 0.4996527777777778 0.111328125 0.21041666666666667 0.02578125
14 0.9104166666666667 0.1111328125 0.1638888888888889 0.022265625
6 0.5 0.513671875 0.18472222222222223 0.10390625
14 0.5 0.58125 0.1527777777777778 0.03125
5 0.5 0.2822265625 1.0 0.316015625
5 0.4996527777777778 0.2818359375 0.1701388888888889 0.095703125
5 0.0 0.2822265625 0.0 0.316015625
5 1.0 0.2822265625 0.0 0.316015625
5 0.9416666666666667 0.4798828125 0.11666666666666667 0.079296875
5 1.0 0.282421875 0.0 0.31640625
13 0.5 0.282421875 1.0 0.31640625
5 0.0 0.12421875 0.0 0.0
14 0.0 0.12421875 0.0 0.0
5 0.0 0.12421875 0.0 0.0
14 0.0 0.12421875 0.0 0.0
9 0.0 0.12421875 0.0 0.0
14 0.0 0.12421875 0.0 0.0
5 0.0 0.12421875 0.0 0.0
6 0.4996527777777778 0.2822265625 0.12152777777777778 0.068359375
