4 0.06805555555555555 0.07109375 0.1361111111111111 0.0765625
14 0.2798611111111111 0.0708984375 0.26805555555555555 0.036328125
14 0.11319444444444444 0.1421875 0.16805555555555557 0.02578125
14 0.3138888888888889 0.1421875 0.09444444444444444 0.02578125
14 0.5135416666666667 0.1421875 0.16597222222222222 0.02578125
14 0.8079861111111111 0.1421875 0.30625 0.02578125
14 0.18368055555555557 0.2103515625 0.3090277777777778 0.027734375
4 0.38680555555555557 0.20234375 0.07777777777777778 0.04375
14 0.09270833333333334 0.236328125 0.12708333333333333 0.02421875
14 0.5684027777777778 0.236328125 0.8048611111111111 0.02421875
5 0.5 0.4302734375 0.7291666666666666 0.341796875
5 0.19375 0.568359375 0.09722222222222222 0.0546875
14 0.2361111111111111 0.628515625 0.2013888888888889 0.02421875
4 0.3951388888888889 0.628515625 0.07777777777777778 0.04375
4 0.4826388888888889 0.628515625 0.07777777777777778 0.04375
4 0.8256944444444444 0.628515625 0.07777777777777778 0.04375
5 0.051041666666666666 0.6681640625 0.04375 0.024609375
14 0.27534722222222224 0.66796875 0.3854166666666667 0.02421875
14 0.7194444444444444 0.66796875 0.5027777777777778 0.02421875
14 0.1857638888888889 0.7322265625 0.31319444444444444 0.027734375
4 0.3909722222222222 0.72421875 0.07777777777777778 0.04375
14 0.12361111111111112 0.758203125 0.18888888888888888 0.02421875
14 0.5993055555555555 0.758203125 0.7430555555555556 0.02421875
5 0.5 0.8578125 0.7291666666666666 0.153125
0 0.8930555555555556 0.87421875 0.1361111111111111 0.0765625
