5 0.5 0.15390625 0.9513888888888888 0.08359375
14 0.08715277777777777 0.2369140625 0.12569444444444444 0.027734375
3 0.5 0.2794921875 0.7291666666666666 0.043359375
3 0.5 0.3365234375 0.7291666666666666 0.043359375
0 0.5 0.415234375 0.7291666666666666 0.07265625
0 0.24479166666666666 0.51171875 0.21875 0.065625
0 0.7256944444444444 0.51171875 0.2777777777777778 0.065625
5 0.06875 0.065625 0.07777777777777778 0.04375
14 0.19236111111111112 0.0654296875 0.15 0.033203125
0 0.9319444444444445 0.065625 0.1361111111111111 0.065625
