14 0.5236111111111111 0.0328125 0.6763888888888889 0.065625
0 0.9333333333333333 0.034765625 0.11805555555555555 0.05546875
0 0.09027777777777778 0.034765625 0.16527777777777777 0.05546875
5 0.0 0.065625 0.0 0.0
14 0.0 0.065625 0.0 0.0
5 0.0 0.065625 0.0 0.0
14 0.0 0.065625 0.0 0.0
5 0.259375 0.1162109375 0.04236111111111111 0.023828125
14 0.5232638888888889 0.1166015625 0.4701388888888889 0.033203125
5 0.5 0.1693359375 1.0 0.003515625
5 0.31493055555555555 0.2216796875 0.04236111111111111 0.023828125
14 0.5232638888888889 0.2220703125 0.3590277777777778 0.033203125
5 0.4010416666666667 0.2962890625 0.04236111111111111 0.023828125
14 0.5232638888888889 0.2966796875 0.18680555555555556 0.033203125
5 0.35868055555555556 0.3708984375 0.04236111111111111 0.023828125
14 0.5236111111111111 0.3712890625 0.2722222222222222 0.033203125
5 0.0 0.17109375 0.0 0.0
14 0.0 0.17109375 0.0 0.0
5 0.396875 0.4455078125 0.04236111111111111 0.023828125
14 0.5232638888888889 0.4458984375 0.1951388888888889 0.033203125
5 0.0 0.0 0.0 0.0
5 0.0 0.0 0.0 0.0
5 0.0 0.0 0.0 0.0
5 0.0 0.0 0.0 0.0
14 0.0 0.0 0.0 0.0
14 0.0 0.0 0.0 0.0
14 0.0 0.0 0.0 0.0
14 0.0 0.0 0.0 0.0
14 0.0 0.0 0.0 0.0
4 0.0 0.0 0.0 0.0
4 0.0 0.0 0.0 0.0
0 0.25 0.9029296875 0.5 0.062890625
0 0.75 0.9029296875 0.5 0.062890625
