14 0.15763888888888888 0.0474609375 0.29583333333333334 0.027734375
5 0.5 0.135546875 1.0 0.13671875
5 0.125 0.1013671875 0.25 0.068359375
5 0.375 0.1013671875 0.25 0.068359375
5 0.625 0.1013671875 0.25 0.068359375
5 0.875 0.1013671875 0.25 0.068359375
14 0.20069444444444445 0.1611328125 0.1125 0.020703125
14 0.5076388888888889 0.1494140625 0.3625 0.027734375
14 0.8069444444444445 0.1611328125 0.09722222222222222 0.020703125
0 0.17604166666666668 0.2142578125 0.35208333333333336 0.046484375
14 0.5006944444444444 0.2107421875 0.29444444444444445 0.036328125
0 0.8239583333333333 0.2142578125 0.35208333333333336 0.046484375
14 0.07222222222222222 0.2603515625 0.14166666666666666 0.027734375
14 0.2152777777777778 0.2603515625 0.14166666666666666 0.027734375
14 0.35833333333333334 0.2603515625 0.14166666666666666 0.027734375
14 0.5013888888888889 0.2603515625 0.14166666666666666 0.027734375
14 0.6444444444444445 0.2603515625 0.14166666666666666 0.027734375
14 0.7871527777777778 0.2603515625 0.14097222222222222 0.027734375
14 0.9295138888888889 0.2603515625 0.14097222222222222 0.027734375
14 0.033680555555555554 0.2935546875 0.034027777777777775 0.014453125
14 0.17673611111111112 0.2935546875 0.034027777777777775 0.014453125
14 0.31979166666666664 0.2935546875 0.034027777777777775 0.014453125
14 0.46284722222222224 0.2935546875 0.034027777777777775 0.014453125
14 0.6059027777777778 0.2935546875 0.034027777777777775 0.014453125
14 0.7489583333333333 0.2935546875 0.034027777777777775 0.014453125
14 0.8913194444444444 0.2935546875 0.034027777777777775 0.014453125
14 0.033680555555555554 0.3916015625 0.034027777777777775 0.014453125
14 0.17673611111111112 0.3916015625 0.034027777777777775 0.014453125
14 0.31979166666666664 0.3916015625 0.034027777777777775 0.014453125
14 0.46284722222222224 0.3916015625 0.034027777777777775 0.014453125
14 0.6059027777777778 0.3916015625 0.034027777777777775 0.014453125
14 0.7489583333333333 0.3916015625 0.034027777777777775 0.014453125
14 0.8913194444444444 0.3916015625 0.034027777777777775 0.014453125
14 0.033680555555555554 0.4896484375 0.034027777777777775 0.014453125
14 0.17673611111111112 0.4896484375 0.034027777777777775 0.014453125
14 0.31979166666666664 0.4896484375 0.034027777777777775 0.014453125
14 0.46284722222222224 0.4896484375 0.034027777777777775 0.014453125
14 0.6059027777777778 0.4896484375 0.034027777777777775 0.014453125
14 0.7489583333333333 0.4896484375 0.034027777777777775 0.014453125
14 0.8913194444444444 0.4896484375 0.034027777777777775 0.014453125
14 0.033680555555555554 0.5873046875 0.034027777777777775 0.014453125
14 0.17673611111111112 0.5873046875 0.034027777777777775 0.014453125
14 0.31979166666666664 0.5873046875 0.034027777777777775 0.014453125
14 0.46284722222222224 0.5873046875 0.034027777777777775 0.014453125
14 0.6059027777777778 0.5873046875 0.034027777777777775 0.014453125
14 0.7489583333333333 0.5873046875 0.034027777777777775 0.014453125
14 0.8913194444444444 0.5873046875 0.034027777777777775 0.014453125
14 0.033680555555555554 0.6849609375 0.034027777777777775 0.014453125
14 0.17673611111111112 0.6849609375 0.034027777777777775 0.014453125
14 0.31979166666666664 0.6849609375 0.034027777777777775 0.014453125
14 0.46284722222222224 0.6849609375 0.034027777777777775 0.014453125
14 0.6059027777777778 0.6849609375 0.034027777777777775 0.014453125
14 0.7489583333333333 0.6849609375 0.034027777777777775 0.014453125
14 0.8913194444444444 0.6849609375 0.034027777777777775 0.014453125
14 0.033680555555555554 0.7826171875 0.034027777777777775 0.014453125
14 0.17673611111111112 0.7826171875 0.034027777777777775 0.014453125
14 0.31979166666666664 0.7826171875 0.034027777777777775 0.014453125
14 0.46284722222222224 0.7826171875 0.034027777777777775 0.014453125
14 0.6059027777777778 0.7826171875 0.034027777777777775 0.014453125
14 0.7489583333333333 0.7826171875 0.034027777777777775 0.014453125
14 0.8913194444444444 0.7826171875 0.034027777777777775 0.014453125
