5 0.07083333333333333 0.0765625 0.11666666666666667 0.065625
14 0.23125 0.0765625 0.17916666666666667 0.02578125
14 0.26875 0.7671875 0.5125 0.02578125
5 0.9194444444444444 0.7671875 0.0875 0.04921875
5 0.1579861111111111 0.2775390625 0.21875 0.123046875
5 0.15763888888888888 0.27734375 0.0 0.0
14 0.35 0.264453125 0.019444444444444445 0.02578125
14 0.35 0.290234375 0.019444444444444445 0.02578125
5 0.1579861111111111 0.4001953125 0.21875 0.123046875
5 0.15763888888888888 0.4 0.0 0.0
14 0.4041666666666667 0.387109375 0.12777777777777777 0.02578125
14 0.35 0.412890625 0.019444444444444445 0.02578125
5 0.1579861111111111 0.5228515625 0.21875 0.123046875
5 0.15763888888888888 0.52265625 0.0 0.0
14 0.41597222222222224 0.509765625 0.15138888888888888 0.02578125
14 0.35 0.535546875 0.019444444444444445 0.02578125
5 0.1579861111111111 0.64296875 0.21875 0.11796875
5 0.15763888888888888 0.6453125 0.0 0.0
14 0.36666666666666664 0.632421875 0.05277777777777778 0.02578125
14 0.3597222222222222 0.658203125 0.03888888888888889 0.02578125
