5 0.08541666666666667 0.8029296875 0.14583333333333334 0.030078125
5 0.9246527777777778 0.0423828125 0.10208333333333333 0.057421875
5 0.0 0.0 0.0 0.0
5 0.0 0.0 0.0 0.0
5 0.0 0.0 0.0 0.0
5 0.0 0.0 0.0 0.0
14 0.15555555555555556 0.023828125 0.2916666666666667 0.03671875
14 0.5 0.78125 0.019444444444444445 0.021875
5 0.06076388888888889 0.9001953125 0.12152777777777778 0.068359375
5 0.18229166666666666 0.9001953125 0.12152777777777778 0.068359375
0 0.5701388888888889 0.9001953125 0.2 0.068359375
0 0.7743055555555556 0.9001953125 0.20833333333333334 0.068359375
5 0.9392361111111112 0.9001953125 0.12152777777777778 0.068359375
5 0.5 0.84765625 0.875 0.02890625
14 0.0 0.0 0.0 0.0
1 0.0 0.0 0.0 0.0
1 0.0 0.0 0.0 0.0
1 0.0 0.0 0.0 0.0
14 0.0 0.0 0.0 0.0
7 0.0 0.0 0.0 0.0
7 0.0 0.0 0.0 0.0
14 0.0 0.0 0.0 0.0
9 0.0 0.0 0.0 0.0
14 0.0 0.0 0.0 0.0
14 0.0 0.0 0.0 0.0
