5 0.5 0.277734375 1.0 0.30390625
11 0.5 0.277734375 1.0 0.30390625
14 0.5 0.630078125 0.9666666666666667 0.34921875
11 0.5 0.630078125 0.9708333333333333 0.3515625
5 0.325 0.8734375 0.15555555555555556 0.0875
5 0.5 0.8734375 0.15555555555555556 0.0875
5 0.675 0.8734375 0.15555555555555556 0.0875
5 0.85 0.8734375 0.15555555555555556 0.0875
5 0.9736111111111111 0.8734375 0.05277777777777778 0.0875
5 0.0 0.934375 0.0 0.0
5 0.0 0.934375 0.0 0.0
14 0.0 0.934375 0.0 0.0
14 0.0 0.934375 0.0 0.0
14 0.2569444444444444 0.0708984375 0.2222222222222222 0.033203125
0 0.9513888888888888 0.07109375 0.09722222222222222 0.065625
4 0.06805555555555555 0.07109375 0.1361111111111111 0.0765625
