5 0.4888888888888889 0.1021484375 0.4625 0.069921875
14 0.44513888888888886 0.1546875 0.14166666666666666 0.0296875
14 0.5829861111111111 0.1546875 0.08541666666666667 0.0296875
14 0.21770833333333334 0.21875 0.38680555555555557 0.0296875
12 0.18645833333333334 0.2693359375 0.32430555555555557 0.057421875
12 0.5003472222222223 0.2693359375 0.33125 0.057421875
12 0.8138888888888889 0.2693359375 0.3236111111111111 0.057421875
14 0.13368055555555555 0.33359375 0.21875 0.0296875
12 0.265625 0.3841796875 0.4826388888888889 0.057421875
12 0.734375 0.3841796875 0.4826388888888889 0.057421875
14 0.1 0.4484375 0.15138888888888888 0.0296875
12 0.265625 0.4990234375 0.4826388888888889 0.057421875
12 0.734375 0.4990234375 0.4826388888888889 0.057421875
14 0.12604166666666666 0.56328125 0.20347222222222222 0.0296875
12 0.265625 0.6138671875 0.4826388888888889 0.057421875
12 0.734375 0.6138671875 0.4826388888888889 0.057421875
14 0.10069444444444445 0.678125 0.1527777777777778 0.0296875
12 0.265625 0.7287109375 0.4826388888888889 0.057421875
12 0.734375 0.7287109375 0.4826388888888889 0.057421875
