14 0.4996527777777778 0.0328125 0.004861111111111111 0.065625
5 0.4996527777777778 0.2365234375 0.8020833333333334 0.341796875
0 0.5 0.4046875 0.09722222222222222 0.0546875
0 0.3784722222222222 0.4046875 0.09722222222222222 0.0546875
0 0.6215277777777778 0.4046875 0.09722222222222222 0.0546875
14 0.30416666666666664 0.0328125 0.3861111111111111 0.065625
14 0.6954861111111111 0.0328125 0.38680555555555557 0.065625
14 0.5 0.459375 0.7680555555555556 0.0546875
14 0.5 0.50859375 0.7680555555555556 0.04375
14 0.5 0.593359375 0.7680555555555556 0.11484375
0 0.4996527777777778 0.0412109375 0.12152777777777778 0.068359375
0 0.365625 0.0412109375 0.12152777777777778 0.068359375
0 0.6336805555555556 0.0412109375 0.12152777777777778 0.068359375
0 0.4996527777777778 0.1029296875 0.65625 0.041015625
14 0.5 0.1642578125 0.975 0.041015625
14 0.5 0.206640625 0.24305555555555555 0.03828125
14 0.24444444444444444 0.206640625 0.24305555555555555 0.03828125
14 0.7555555555555555 0.206640625 0.24305555555555555 0.03828125
14 0.5 0.2626953125 0.24305555555555555 0.068359375
14 0.24444444444444444 0.2626953125 0.24305555555555555 0.068359375
14 0.7555555555555555 0.2626953125 0.24305555555555555 0.068359375
14 0.5 0.31875 0.975 0.03828125
0 0.9510416666666667 0.8388671875 0.07291666666666667 0.041015625
