4 0.06805555555555555 0.07109375 0.1361111111111111 0.0765625
14 0.0 0.0328125 0.0 0.0
14 0.3375 0.1162109375 0.5194444444444445 0.013671875
14 0.5 0.1703125 0.9222222222222223 0.04765625
14 0.1986111111111111 0.232421875 0.24166666666666667 0.0296875
1 0.8833333333333333 0.232421875 0.07777777777777778 0.04375
14 0.15694444444444444 0.307421875 0.15833333333333333 0.0296875
1 0.8833333333333333 0.307421875 0.07777777777777778 0.04375
14 0.15208333333333332 0.382421875 0.1486111111111111 0.0296875
1 0.8833333333333333 0.382421875 0.07777777777777778 0.04375
14 0.11736111111111111 0.457421875 0.07916666666666666 0.0296875
1 0.8833333333333333 0.457421875 0.07777777777777778 0.04375
14 0.17743055555555556 0.532421875 0.19930555555555557 0.0296875
1 0.8833333333333333 0.532421875 0.07777777777777778 0.04375
14 0.1482638888888889 0.607421875 0.14097222222222222 0.0296875
1 0.8833333333333333 0.607421875 0.07777777777777778 0.04375
14 0.20972222222222223 0.682421875 0.2638888888888889 0.0296875
1 0.8833333333333333 0.682421875 0.07777777777777778 0.04375
14 0.5 0.74453125 0.9222222222222223 0.04765625
14 0.1986111111111111 0.806640625 0.24166666666666667 0.0296875
14 0.32916666666666666 0.834375 0.5027777777777778 0.02578125
14 0.15694444444444444 0.907421875 0.15833333333333333 0.0296875
14 0.32916666666666666 0.9283203125 0.5027777777777778 0.012109375
0 0.0 0.109375 0.0 0.0
0 0.0 0.109375 0.0 0.0
