5 0.5 0.43984375 1.0 0.8796875
5 0.06354166666666666 0.0326171875 0.05347222222222222 0.030078125
5 0.9145833333333333 0.0328125 0.0 0.0
14 0.9145833333333333 0.0328125 0.0 0.03359375
5 0.5 0.06484375 1.0 0.0015625
5 0.0 0.0 0.0 0.0
14 0.0 0.0 0.0 0.0
5 0.0 0.0 0.0 0.0
5 0.5 0.7859375 1.0 0.0015625
14 0.23159722222222223 0.8615234375 0.13402777777777777 0.016796875
5 0.23159722222222223 0.823828125 0.10486111111111111 0.05859375
0 0.23159722222222223 0.8322265625 0.13402777777777777 0.075390625
14 0.365625 0.8615234375 0.13402777777777777 0.016796875
5 0.365625 0.823828125 0.10486111111111111 0.05859375
0 0.365625 0.8322265625 0.13402777777777777 0.075390625
14 0.4996527777777778 0.8615234375 0.13402777777777777 0.016796875
5 0.4996527777777778 0.823828125 0.10486111111111111 0.05859375
0 0.4996527777777778 0.8322265625 0.13402777777777777 0.075390625
14 0.6336805555555556 0.8615234375 0.13402777777777777 0.016796875
5 0.6336805555555556 0.823828125 0.10486111111111111 0.05859375
0 0.6336805555555556 0.8322265625 0.13402777777777777 0.075390625
14 0.16458333333333333 0.79453125 0.0 0.0
5 0.16458333333333333 0.79453125 0.0 0.0
14 0.16458333333333333 0.79453125 0.0 0.0
5 0.16458333333333333 0.79453125 0.0 0.0
14 0.7677083333333333 0.8615234375 0.13402777777777777 0.016796875
5 0.7677083333333333 0.823828125 0.10486111111111111 0.05859375
0 0.7677083333333333 0.8322265625 0.13402777777777777 0.075390625
14 0.16458333333333333 0.79453125 0.0 0.0
5 0.16458333333333333 0.79453125 0.0 0.0
5 0.0 0.0 0.0 0.0
14 0.0 0.0 0.0 0.0
5 0.0 0.0 0.0 0.0
14 0.0 0.0 0.0 0.0
5 0.0 0.0 0.0 0.0
14 0.4996527777777778 0.0400390625 0.2590277777777778 0.025390625
5 0.49930555555555556 0.0857421875 0.24305555555555555 0.066015625
5 0.4996527777777778 0.6779296875 0.12152777777777778 0.068359375
14 0.0 0.0 0.0 0.0
5 0.0 0.0 0.0 0.0
9 0.0 0.0 0.0 0.0
9 0.0 0.0 0.0 0.0
14 0.0 0.0 0.0 0.0
5 0.0 0.0 0.0 0.0
9 0.0 0.0 0.0 0.0
9 0.0 0.0 0.0 0.0
9 0.0 0.0 0.0 0.0
14 0.0 0.0 0.0 0.0
5 0.0 0.0 0.0 0.0
9 0.0 0.0 0.0 0.0
9 0.0 0.0 0.0 0.0
9 0.0 0.0 0.0 0.0
5 0.5 0.4671875 1.0 0.934375
14 0.128125 0.75 0.18263888888888888 0.034375
14 0.4996527777777778 0.75 0.18263888888888888 0.034375
14 0.871875 0.75 0.18263888888888888 0.034375
14 0.0 0.0 0.0 0.0
14 0.0 0.0 0.0 0.0
14 0.0 0.0 0.0 0.0
14 0.0 0.0 0.0 0.0
14 0.0 0.0 0.0 0.0
14 0.0 0.0 0.0 0.0
5 0.06527777777777778 0.8158203125 0.13055555555555556 0.075390625
5 0.10972222222222222 0.7884765625 0.041666666666666664 0.020703125
14 0.06527777777777778 0.8630859375 0.13055555555555556 0.019140625
5 0.21006944444444445 0.8158203125 0.13402777777777777 0.075390625
5 0.25625 0.7884765625 0.041666666666666664 0.020703125
14 0.21006944444444445 0.8630859375 0.13402777777777777 0.019140625
14 0.14305555555555555 0.778125 0.0 0.0
5 0.35659722222222223 0.8158203125 0.13402777777777777 0.075390625
5 0.4027777777777778 0.7884765625 0.041666666666666664 0.020703125
14 0.35659722222222223 0.8630859375 0.13402777777777777 0.019140625
14 0.28958333333333336 0.778125 0.0 0.0
5 0.503125 0.8158203125 0.13402777777777777 0.075390625
5 0.5493055555555556 0.7884765625 0.041666666666666664 0.020703125
14 0.503125 0.8630859375 0.13402777777777777 0.019140625
14 0.4361111111111111 0.778125 0.0 0.0
5 0.6496527777777777 0.8158203125 0.13402777777777777 0.075390625
14 0.6496527777777777 0.8630859375 0.13402777777777777 0.019140625
14 0.7864583333333334 0.801171875 0.10902777777777778 0.0296875
5 0.9329861111111111 0.8158203125 0.13402777777777777 0.075390625
5 0.9791666666666666 0.7884765625 0.041666666666666664 0.020703125
14 0.9329861111111111 0.8630859375 0.13402777777777777 0.019140625
14 0.8659722222222223 0.778125 0.0 0.0
14 0.0 0.0 0.0 0.0
5 0.0 0.0 0.0 0.0
14 0.16527777777777777 0.9068359375 0.33055555555555555 0.031640625
14 0.4986111111111111 0.9068359375 0.33055555555555555 0.031640625
14 0.8333333333333334 0.9068359375 0.3333333333333333 0.031640625
5 0.5 0.68203125 1.0 0.0015625
5 0.5 0.70859375 0.11666666666666667 0.0546875
5 0.4996527777777778 0.308203125 0.16319444444444445 0.13125
14 0.5 0.4431640625 0.7569444444444444 0.069921875
14 0.4996527777777778 0.526953125 0.2673611111111111 0.05625
5 0.08715277777777777 0.2365234375 0.024305555555555556 0.024609375
9 0.0875 0.39921875 0.09722222222222222 0.30078125
5 0.08715277777777777 0.5619140625 0.024305555555555556 0.024609375
