0 0.05625 0.0390625 0.0875 0.04921875
0 0.94375 0.0390625 0.0875 0.04921875
14 0.42083333333333334 0.0390625 0.5930555555555556 0.05625
1 0.7902777777777777 0.0390625 0.14583333333333334 0.05625
14 0.5 0.0951171875 1.0 0.033984375
5 0.5 0.903515625 1.0 0.06171875
5 0.4996527777777778 0.491015625 0.6756944444444445 0.75
5 0.4996527777777778 0.491015625 0.6756944444444445 0.75
14 0.06944444444444445 0.1470703125 0.09027777777777778 0.042578125
14 0.15729166666666666 0.1470703125 0.08541666666666667 0.042578125
1 0.9368055555555556 0.14765625 0.07777777777777778 0.04375
14 0.5 0.7669921875 1.0 0.198046875
0 0.915625 0.4888671875 0.14375 0.037109375
5 0.09166666666666666 0.168359375 0.15833333333333333 0.0890625
14 0.33229166666666665 0.15546875 0.28402777777777777 0.02578125
14 0.5756944444444444 0.18125 0.7708333333333334 0.02578125
5 0.09166666666666666 0.273828125 0.15833333333333333 0.0890625
14 0.30277777777777776 0.249609375 0.225 0.02578125
14 0.5888888888888889 0.2865234375 0.7972222222222223 0.048046875
5 0.09166666666666666 0.379296875 0.15833333333333333 0.0890625
14 0.3128472222222222 0.36640625 0.24513888888888888 0.02578125
14 0.5881944444444445 0.3921875 0.7958333333333333 0.02578125
5 0.09166666666666666 0.484765625 0.15833333333333333 0.0890625
14 0.3177083333333333 0.471875 0.2548611111111111 0.02578125
14 0.5395833333333333 0.49765625 0.6986111111111111 0.02578125
5 0.09166666666666666 0.590234375 0.15833333333333333 0.0890625
14 0.2951388888888889 0.57734375 0.20972222222222223 0.02578125
14 0.5520833333333334 0.603125 0.7236111111111111 0.02578125
