5 0.5 0.232421875 1.0 0.24609375
5 0.17743055555555556 0.2091796875 0.25763888888888886 0.144921875
14 0.653125 0.161328125 0.5965277777777778 0.0296875
5 0.3836805555555556 0.1912109375 0.05347222222222222 0.030078125
14 0.596875 0.191015625 0.3576388888888889 0.02578125
0 0.6506944444444445 0.2390625 0.6013888888888889 0.065625
14 0.28055555555555556 0.33359375 0.5125 0.0296875
5 0.0 0.109375 0.0 0.0
14 0.0 0.109375 0.0 0.0
0 0.5 0.401953125 0.9513888888888888 0.065625
14 0.5 0.4794921875 0.9513888888888888 0.048046875
5 0.0 0.232421875 0.0 0.24609375
5 1.0 0.232421875 0.0 0.24609375
5 1.0 0.109375 0.0 0.0
14 1.0 0.109375 0.0 0.0
14 0.0 0.1375 0.0 0.053125
14 0.0 0.1921875 0.0 0.053125
14 0.0 0.246875 0.0 0.053125
14 0.0 0.3015625 0.0 0.053125
14 0.0 0.35625 0.0 0.053125
14 0.0 0.4109375 0.0 0.053125
14 0.0 0.501953125 0.0 0.053125
14 0.0 0.556640625 0.0 0.053125
14 0.0 0.611328125 0.0 0.053125
14 0.0 0.666015625 0.0 0.053125
14 0.0 0.720703125 0.0 0.053125
14 0.0 0.775390625 0.0 0.053125
4 0.0 0.90078125 0.0 0.06171875
14 0.24131944444444445 0.0708984375 0.1326388888888889 0.036328125
4 0.06805555555555555 0.07109375 0.1361111111111111 0.0765625
