5 0.13680555555555557 0.07109375 0.001388888888888889 0.00078125
4 0.06805555555555555 0.07109375 0.1361111111111111 0.0765625
14 0.275 0.0708984375 0.25555555555555554 0.036328125
5 1.0 0.381640625 0.0 0.0046875
14 0.13472222222222222 0.210546875 0.22083333333333333 0.01796875
14 0.05520833333333333 0.2650390625 0.06180555555555556 0.091015625
14 0.13333333333333333 0.27890625 0.09444444444444444 0.04375
5 0.5 0.381640625 1.0 0.0046875
14 0.07083333333333333 0.4216796875 0.09305555555555556 0.075390625
14 0.5465277777777777 0.4216796875 0.8583333333333333 0.075390625
14 0.175 0.4986328125 0.3013888888888889 0.075390625
14 0.6506944444444445 0.4986328125 0.65 0.075390625
14 0.11493055555555555 0.5755859375 0.18125 0.075390625
14 0.94375 0.5755859375 0.06388888888888888 0.075390625
14 0.5524305555555555 0.5755859375 0.69375 0.075390625
14 0.11770833333333333 0.6525390625 0.18680555555555556 0.075390625
14 0.9604166666666667 0.6525390625 0.030555555555555555 0.075390625
14 0.571875 0.6525390625 0.7215277777777778 0.075390625
14 0.19236111111111112 0.7294921875 0.33611111111111114 0.075390625
14 0.940625 0.7294921875 0.07013888888888889 0.075390625
14 0.6267361111111112 0.7294921875 0.5326388888888889 0.075390625
0 0.3892361111111111 0.826171875 0.7465277777777778 0.065625
0 0.8847222222222222 0.826171875 0.21388888888888888 0.065625
14 0.0 0.3111328125 0.0 0.069140625
14 0.0 0.38125 0.0 0.07109375
14 0.0 0.45234375 0.0 0.07109375
14 0.0 0.5234375 0.0 0.07109375
14 0.0 0.59453125 0.0 0.07109375
14 0.0 0.665625 0.0 0.07109375
14 0.0 0.73671875 0.0 0.07109375
14 0.0 0.8078125 0.0 0.07109375
14 0.0 0.87890625 0.0 0.07109375
14 0.0 0.9244140625 0.0 0.019921875
