14 0.46111111111111114 0.1203125 0.8444444444444444 0.04375
14 0.15069444444444444 0.1865234375 0.18472222222222223 0.033203125
14 0.46111111111111114 0.253125 0.8444444444444444 0.04375
14 0.321875 0.3193359375 0.5270833333333333 0.033203125
1 0.8006944444444445 0.31953125 0.07777777777777778 0.04375
14 0.26145833333333335 0.4076171875 0.40625 0.033203125
1 0.8006944444444445 0.4078125 0.07777777777777778 0.04375
14 0.46111111111111114 0.47421875 0.8444444444444444 0.04375
14 0.2722222222222222 0.5404296875 0.42777777777777776 0.033203125
14 0.11215277777777778 0.6287109375 0.1076388888888889 0.033203125
14 0.46111111111111114 0.6953125 0.8444444444444444 0.04375
14 0.18263888888888888 0.7615234375 0.24861111111111112 0.033203125
14 0.15763888888888888 0.8498046875 0.1986111111111111 0.033203125
0 0.0 0.0984375 0.0 0.0
0 0.0 0.0984375 0.0 0.0
14 0.16666666666666666 0.1396484375 0.3333333333333333 0.082421875
14 0.5 0.1396484375 0.3333333333333333 0.082421875
14 0.8333333333333334 0.1396484375 0.3333333333333333 0.082421875
14 0.5 0.5916015625 0.7291666666666666 0.231640625
14 0.4996527777777778 0.251953125 0.3645833333333333 0.13359375
14 0.8177083333333334 0.316796875 0.3645833333333333 0.26328125
5 1.0 0.2109375 0.0 0.06015625
14 1.0 0.241015625 0.0 0.0
5 0.019444444444444445 0.065625 0.03888888888888889 0.021875
5 0.06875 0.065625 0.07777777777777778 0.04375
14 0.4354166666666667 0.065625 0.27361111111111114 0.03671875
14 0.5881944444444445 0.0654296875 0.03194444444444444 0.037109375
14 0.6597222222222222 0.065625 0.08194444444444444 0.03046875
