14 0.19236111111111112 0.0708984375 0.09305555555555556 0.036328125
4 0.06805555555555555 0.07109375 0.1361111111111111 0.0765625
14 0.24756944444444445 0.1556640625 0.4465277777777778 0.065234375
14 0.21041666666666667 0.21015625 0.37222222222222223 0.04375
14 0.06805555555555555 0.251953125 0.0625 0.02578125
14 0.052083333333333336 0.2849609375 0.030555555555555555 0.040234375
14 0.15555555555555556 0.251953125 0.0625 0.02578125
14 0.13958333333333334 0.2849609375 0.030555555555555555 0.040234375
14 0.23298611111111112 0.251953125 0.04236111111111111 0.02578125
14 0.22708333333333333 0.2849609375 0.030555555555555555 0.040234375
14 0.06944444444444445 0.33203125 0.06527777777777778 0.02578125
14 0.04513888888888889 0.3615234375 0.016666666666666666 0.033203125
14 0.12708333333333333 0.33203125 0.0 0.02578125
14 0.12708333333333333 0.3615234375 0.0 0.033203125
14 0.15208333333333332 0.33203125 0.0 0.02578125
14 0.15208333333333332 0.3615234375 0.0 0.033203125
5 0.7690972222222222 0.2908203125 0.3645833333333333 0.205078125
14 0.2621527777777778 0.41328125 0.45069444444444445 0.02578125
14 0.7378472222222222 0.4134765625 0.45069444444444445 0.023046875
14 0.2621527777777778 0.453125 0.45069444444444445 0.02578125
14 0.7378472222222222 0.453125 0.45069444444444445 0.02578125
14 0.5 0.501953125 0.3055555555555556 0.04375
14 0.5 0.753125 0.9027777777777778 0.3625
0 0.03888888888888889 0.86328125 0.07777777777777778 0.04375
0 0.0 0.109375 0.0 0.0
10 0.5 0.521875 0.19444444444444445 0.109375
5 0.5 0.521875 0.19444444444444445 0.109375
5 0.0 0.109375 0.0 0.0
14 0.0 0.109375 0.0 0.0
14 0.0 0.109375 0.0 0.0
14 0.0 0.0328125 0.0 0.0
0 0.0 0.0328125 0.0 0.0
