5 0.08298611111111111 0.145703125 0.12152777777777778 0.07578125
14 0.5694444444444444 0.1455078125 0.8166666666666667 0.033203125
5 0.08298611111111111 0.256640625 0.12152777777777778 0.07578125
14 0.5694444444444444 0.2435546875 0.8166666666666667 0.033203125
14 0.5694444444444444 0.273046875 0.8166666666666667 0.02578125
5 0.08298611111111111 0.367578125 0.12152777777777778 0.07578125
14 0.5694444444444444 0.3544921875 0.8166666666666667 0.033203125
14 0.5694444444444444 0.383984375 0.8166666666666667 0.02578125
5 0.08298611111111111 0.478515625 0.12152777777777778 0.07578125
14 0.5694444444444444 0.4654296875 0.8166666666666667 0.033203125
14 0.5694444444444444 0.494921875 0.8166666666666667 0.02578125
5 0.08298611111111111 0.589453125 0.12152777777777778 0.07578125
14 0.5694444444444444 0.5763671875 0.8166666666666667 0.033203125
14 0.5694444444444444 0.605859375 0.8166666666666667 0.02578125
5 0.08298611111111111 0.700390625 0.12152777777777778 0.07578125
14 0.5694444444444444 0.6873046875 0.8166666666666667 0.033203125
14 0.5694444444444444 0.716796875 0.8166666666666667 0.02578125
5 0.08298611111111111 0.811328125 0.12152777777777778 0.07578125
14 0.5694444444444444 0.8111328125 0.8166666666666667 0.033203125
5 0.06875 0.065625 0.07777777777777778 0.04375
14 0.3951388888888889 0.0654296875 0.5555555555555556 0.033203125
5 0.7958333333333333 0.065625 0.1361111111111111 0.04921875
5 0.7277777777777777 0.0328125 0.0 0.0
0 0.9319444444444445 0.065625 0.1361111111111111 0.065625
