14 0.2517361111111111 0.0708984375 0.15347222222222223 0.036328125
4 0.06805555555555555 0.07109375 0.1361111111111111 0.0765625
5 0.8444444444444444 0.07109375 0.11666666666666667 0.065625
5 0.7861111111111111 0.03828125 0.0 0.0
0 0.9513888888888888 0.07109375 0.09722222222222222 0.065625
5 0.25243055555555555 0.195703125 0.4895833333333333 0.1640625
14 0.25243055555555555 0.195703125 0.4895833333333333 0.1640625
5 0.746875 0.195703125 0.4895833333333333 0.1640625
14 0.746875 0.195703125 0.4895833333333333 0.1640625
5 0.25243055555555555 0.3625 0.4895833333333333 0.1640625
14 0.25243055555555555 0.3625 0.4895833333333333 0.1640625
5 0.746875 0.3625 0.4895833333333333 0.1640625
14 0.746875 0.3625 0.4895833333333333 0.1640625
5 0.25243055555555555 0.529296875 0.4895833333333333 0.1640625
14 0.25243055555555555 0.529296875 0.4895833333333333 0.1640625
5 0.746875 0.529296875 0.4895833333333333 0.1640625
14 0.746875 0.529296875 0.4895833333333333 0.1640625
5 0.25243055555555555 0.69609375 0.4895833333333333 0.1640625
14 0.25243055555555555 0.69609375 0.4895833333333333 0.1640625
5 0.746875 0.69609375 0.4895833333333333 0.1640625
14 0.746875 0.69609375 0.4895833333333333 0.1640625
5 0.25243055555555555 0.85546875 0.4895833333333333 0.14921875
14 0.25243055555555555 0.85546875 0.4895833333333333 0.14921875
5 0.746875 0.85546875 0.4895833333333333 0.14921875
14 0.746875 0.85546875 0.4895833333333333 0.14921875
5 0.0 0.123046875 0.0 0.24609375
