5 0.1 0.13359375 0.08611111111111111 0.0484375
14 0.09965277777777778 0.16875 0.07847222222222222 0.02578125
5 0.29965277777777777 0.13359375 0.11319444444444444 0.0484375
14 0.3 0.16875 0.10416666666666667 0.02578125
5 0.4996527777777778 0.1322265625 0.08125 0.045703125
14 0.5 0.16875 0.10555555555555556 0.02578125
5 0.7 0.13125 0.10555555555555556 0.04375
14 0.6996527777777778 0.16875 0.11458333333333333 0.02578125
5 0.8996527777777777 0.13359375 0.11319444444444444 0.0484375
14 0.8996527777777777 0.16875 0.11597222222222223 0.02578125
14 0.5 0.2015625 1.0 0.02578125
6 0.5 0.2212890625 0.9847222222222223 0.013671875
12 0.059027777777777776 0.2392578125 0.11805555555555555 0.022265625
14 0.5590277777777778 0.241015625 0.8819444444444444 0.02578125
14 0.5 0.289453125 0.9847222222222223 0.05703125
14 0.0 0.2609375 0.0 0.0
14 0.0 0.2609375 0.0 0.0
14 0.0 0.2609375 0.0 0.0
14 0.0 0.2609375 0.0 0.0
14 0.0 0.2609375 0.0 0.0
14 0.0 0.2609375 0.0 0.0
14 0.0 0.2609375 0.0 0.0
14 0.0 0.2609375 0.0 0.0
14 0.5 0.357421875 0.9847222222222223 0.05703125
14 0.5 0.503515625 0.9847222222222223 0.23515625
0 0.37256944444444445 0.660546875 0.20902777777777778 0.05703125
0 0.6121527777777778 0.660546875 0.23958333333333334 0.05703125
14 0.0 0.188671875 0.0 0.0
14 0.0 0.188671875 0.0 0.0
14 0.5 0.739453125 0.9847222222222223 0.05703125
4 0.5 0.851171875 0.9847222222222223 0.16640625
