5 0.49027777777777776 0.07109375 0.2916666666666667 0.065625
4 0.06805555555555555 0.07109375 0.1361111111111111 0.0765625
0 0.9513888888888888 0.07109375 0.09722222222222222 0.065625
5 1.0 0.267578125 0.0 0.31640625
14 1.0 0.109375 0.0 0.0
14 1.0 0.109375 0.0 0.0
14 1.0 0.109375 0.0 0.0
5 0.5 0.267578125 1.0 0.31640625
5 0.5 0.267578125 0.14583333333333334 0.08203125
14 0.0 0.109375 0.0 0.0
14 0.0 0.109375 0.0 0.0
14 0.0 0.109375 0.0 0.0
14 0.1451388888888889 0.50703125 0.19305555555555556 0.0328125
14 0.5 0.5830078125 0.9027777777777778 0.119140625
14 0.5 0.662890625 0.9027777777777778 0.040625
14 0.5 0.69921875 0.9027777777777778 0.03203125
14 0.5 0.7435546875 0.9027777777777778 0.056640625
13 0.5 0.267578125 1.0 0.31640625
4 0.3267361111111111 0.346484375 0.17291666666666666 0.07109375
4 0.4996527777777778 0.346484375 0.17291666666666666 0.07109375
4 0.6725694444444444 0.346484375 0.17291666666666666 0.07109375
14 0.009722222222222222 0.39765625 0.019444444444444445 0.03125
9 0.5 0.40390625 0.9611111111111111 0.04375
14 0.9902777777777778 0.39765625 0.019444444444444445 0.03125
4 0.06215277777777778 0.3458984375 0.08541666666666667 0.048046875
