14 0.5 0.2759765625 1.0 0.073828125
5 0.24965277777777778 0.3908203125 0.1701388888888889 0.095703125
14 0.24965277777777778 0.4765625 0.13125 0.04296875
5 0.7496527777777777 0.3908203125 0.1701388888888889 0.095703125
14 0.7496527777777777 0.4765625 0.15208333333333332 0.04296875
9 0.5 0.5376953125 0.9416666666666667 0.024609375
14 0.5 0.6033203125 1.0 0.073828125
5 0.08993055555555556 0.8154296875 0.14097222222222222 0.079296875
5 0.9100694444444445 0.8154296875 0.14097222222222222 0.079296875
5 1.0 0.08203125 0.0 0.1640625
0 1.0 0.0 0.0 0.0
14 1.0 0.0 0.0 0.0
