14 0.32083333333333336 0.0708984375 0.2916666666666667 0.036328125
4 0.06805555555555555 0.07109375 0.1361111111111111 0.0765625
0 0.9513888888888888 0.07109375 0.09722222222222222 0.065625
5 0.08541666666666667 0.5404296875 0.14583333333333334 0.030078125
5 0.0 0.109375 0.0 0.0
5 0.0 0.109375 0.0 0.0
5 0.0 0.109375 0.0 0.0
5 0.0 0.109375 0.0 0.0
14 0.5 0.1494140625 0.9222222222222223 0.080078125
5 0.8930555555555556 0.49140625 0.058333333333333334 0.0328125
0 0.8930555555555556 0.49140625 0.1361111111111111 0.0765625
14 0.0 0.332421875 0.0 0.04921875
14 0.0 0.392578125 0.0 0.04921875
14 0.0 0.452734375 0.0 0.04921875
14 0.0 0.512890625 0.0 0.04921875
14 0.0 0.573046875 0.0 0.04921875
14 0.0 0.633203125 0.0 0.04921875
14 0.0 0.693359375 0.0 0.04921875
14 0.0 0.753515625 0.0 0.04921875
