5 0.5680555555555555 0.3546875 0.6805555555555556 0.3828125
14 0.48993055555555554 0.364453125 0.4423611111111111 0.0546875
14 0.48993055555555554 0.405859375 0.4423611111111111 0.0546875
5 0.08263888888888889 0.6369140625 0.0875 0.035546875
14 0.8597222222222223 0.6369140625 0.20277777777777778 0.037890625
14 0.2590277777777778 0.6369140625 0.1875 0.037890625
5 0.08263888888888889 0.7095703125 0.0875 0.035546875
14 0.9472222222222222 0.7095703125 0.027777777777777776 0.037890625
14 0.24965277777777778 0.7095703125 0.16875 0.037890625
5 0.08263888888888889 0.7822265625 0.0875 0.035546875
14 0.8402777777777778 0.7822265625 0.24166666666666667 0.037890625
14 0.27326388888888886 0.7822265625 0.21597222222222223 0.037890625
5 0.5 0.855078125 1.0 0.00546875
5 0.12777777777777777 0.8783203125 0.058333333333333334 0.041015625
14 0.128125 0.9166015625 0.1451388888888889 0.035546875
5 0.37569444444444444 0.8796875 0.058333333333333334 0.04375
14 0.37569444444444444 0.91796875 0.08333333333333333 0.028125
5 0.6236111111111111 0.8796875 0.058333333333333334 0.04375
14 0.6239583333333333 0.91796875 0.21180555555555555 0.028125
5 0.8715277777777778 0.8796875 0.058333333333333334 0.04375
14 0.8715277777777778 0.91796875 0.08055555555555556 0.028125
14 0.13090277777777778 0.0708984375 0.1840277777777778 0.036328125
