14 0.5 0.137109375 0.8722222222222222 0.0875
14 0.5 0.2181640625 0.8722222222222222 0.069140625
14 0.5 0.2880859375 0.8722222222222222 0.069140625
14 0.5 0.3580078125 0.8722222222222222 0.069140625
14 0.5 0.4279296875 0.8722222222222222 0.069140625
14 0.5 0.4978515625 0.8722222222222222 0.069140625
14 0.5 0.5677734375 0.8722222222222222 0.069140625
14 0.5 0.6376953125 0.8722222222222222 0.069140625
14 0.5 0.6884765625 0.8722222222222222 0.030859375
14 0.4996527777777778 0.737890625 0.12708333333333333 0.0359375
