14 0.259375 0.0708984375 0.22708333333333333 0.036328125
4 0.06805555555555555 0.07109375 0.1361111111111111 0.0765625
5 0.0 0.109375 0.0 0.0
14 0.0 0.109375 0.0 0.0
5 0.0 0.109375 0.0 0.0
14 0.0 0.109375 0.0 0.0
5 0.0 0.109375 0.0 0.0
14 0.0 0.109375 0.0 0.0
5 0.0 0.109375 0.0 0.0
14 0.0 0.109375 0.0 0.0
5 0.0 0.109375 0.0 0.0
14 0.0 0.109375 0.0 0.0
14 0.0 0.109375 0.0 0.0
14 0.0 0.109375 0.0 0.0
14 0.0 0.109375 0.0 0.0
14 0.5 0.4826171875 1.0 0.041796875
5 0.0 0.109375 0.0 0.0
5 0.0 0.109375 0.0 0.0
14 0.0 0.109375 0.0 0.0
14 0.0 0.109375 0.0 0.0
5 0.0 0.109375 0.0 0.0
5 0.0 0.109375 0.0 0.0
14 0.0 0.109375 0.0 0.0
14 0.0 0.109375 0.0 0.0
6 0.0 0.109375 0.0 0.0
5 0.0 0.109375 0.0 0.0
4 0.0 0.109375 0.0 0.0
4 0.0 0.109375 0.0 0.0
14 0.0 0.109375 0.0 0.0
14 0.0 0.109375 0.0 0.0
14 0.5 0.7814453125 0.4 0.070703125
0 0.2704861111111111 0.871484375 0.4340277777777778 0.065625
0 0.7295138888888889 0.871484375 0.4340277777777778 0.065625
14 0.0 0.0328125 0.0 0.0
5 0.07777777777777778 0.094140625 0.15555555555555556 0.0875
14 0.26840277777777777 0.0767578125 0.22569444444444445 0.033203125
14 0.31979166666666664 0.1044921875 0.3284722222222222 0.022265625
14 0.3875 0.07890625 0.0125 0.02578125
5 0.7263888888888889 0.0888671875 0.029166666666666667 0.030078125
14 0.0 0.0328125 0.0 0.0
14 0.0 0.0328125 0.0 0.0
5 0.0 0.0328125 0.0 0.0
14 0.0 0.0328125 0.0 0.0
14 0.0 0.0328125 0.0 0.0
14 0.0 0.0328125 0.0 0.0
5 0.0 0.0328125 0.0 0.0
14 0.0 0.0328125 0.0 0.0
5 0.05 0.183984375 0.06111111111111111 0.034375
14 0.18229166666666666 0.1837890625 0.09652777777777778 0.027734375
5 0.05 0.241796875 0.06111111111111111 0.034375
14 0.19375 0.2416015625 0.11944444444444445 0.027734375
5 0.05 0.299609375 0.06111111111111111 0.034375
14 0.23715277777777777 0.2994140625 0.20625 0.027734375
5 0.05 0.357421875 0.06111111111111111 0.034375
14 0.21597222222222223 0.3572265625 0.1638888888888889 0.027734375
5 0.05 0.415234375 0.06111111111111111 0.034375
14 0.20416666666666666 0.4150390625 0.14027777777777778 0.027734375
5 0.05 0.473046875 0.06111111111111111 0.034375
14 0.25625 0.4728515625 0.24444444444444444 0.027734375
5 0.05 0.530859375 0.06111111111111111 0.034375
14 0.1909722222222222 0.5306640625 0.11388888888888889 0.027734375
5 0.05 0.588671875 0.06111111111111111 0.034375
14 0.17916666666666667 0.5884765625 0.09027777777777778 0.027734375
5 0.05 0.646484375 0.06111111111111111 0.034375
14 0.27847222222222223 0.6462890625 0.28888888888888886 0.027734375
5 0.05 0.704296875 0.06111111111111111 0.034375
14 0.21840277777777778 0.7041015625 0.16875 0.027734375
5 0.05 0.762109375 0.06111111111111111 0.034375
14 0.20798611111111112 0.7619140625 0.14791666666666667 0.027734375
5 0.05 0.819921875 0.06111111111111111 0.034375
14 0.21319444444444444 0.8197265625 0.15833333333333333 0.027734375
5 0.05 0.877734375 0.06111111111111111 0.034375
14 0.23645833333333333 0.8775390625 0.2048611111111111 0.027734375
5 0.05486111111111111 0.927734375 0.06111111111111111 0.01328125
14 0.23159722222222223 0.9298828125 0.18541666666666667 0.008984375
