14 0.2743055555555556 0.0708984375 0.2763888888888889 0.033203125
4 0.06805555555555555 0.07109375 0.1361111111111111 0.0765625
14 0.12465277777777778 0.1421875 0.10486111111111111 0.02578125
14 0.375 0.1421875 0.14722222222222223 0.02578125
14 0.625 0.1421875 0.09027777777777778 0.02578125
14 0.875 0.1421875 0.09305555555555556 0.02578125
5 0.0 0.242578125 0.0 0.13515625
5 0.0 0.6234375 0.0 0.371875
5 0.5 0.196875 1.0 0.04375
14 0.5 0.2390625 0.9611111111111111 0.0296875
14 0.5 0.272265625 0.9611111111111111 0.02578125
14 0.14583333333333334 0.3044921875 0.25277777777777777 0.027734375
14 0.346875 0.3044921875 0.14930555555555555 0.027734375
14 0.8263888888888888 0.3017578125 0.06666666666666667 0.022265625
14 0.925 0.3087890625 0.1111111111111111 0.036328125
5 0.5 0.53203125 1.0 0.371875
14 0.0 0.34609375 0.0 0.0
5 0.0 0.34609375 0.0 0.0
14 0.5 0.73828125 0.9611111111111111 0.0296875
14 0.5 0.771484375 0.9611111111111111 0.02578125
14 0.1857638888888889 0.8037109375 0.3326388888888889 0.027734375
14 0.8263888888888888 0.8009765625 0.06666666666666667 0.022265625
14 0.925 0.8080078125 0.1111111111111111 0.036328125
5 0.5 0.88984375 1.0 0.0890625
14 0.0 0.8453125 0.0 0.0
5 0.0 0.8453125 0.0 0.0
14 0.34444444444444444 0.46953125 0.0 0.0
0 0.34444444444444444 0.46953125 0.0 0.0
5 1.0 0.3609375 0.0 0.371875
14 1.0 0.175 0.0 0.0
5 1.0 0.175 0.0 0.0
5 1.0 0.788671875 0.0 0.29140625
14 1.0 0.64296875 0.0 0.0
5 1.0 0.64296875 0.0 0.0
14 0.0 0.175 0.0 0.0
5 0.0 0.175 0.0 0.0
5 0.0 0.108203125 0.0 0.21640625
14 0.0 0.0771484375 0.0 0.033203125
14 0.0 0.117578125 0.0 0.02578125
14 0.0 0.181640625 0.0 0.06953125
14 0.0 0.696875 0.0 0.06953125
