4 0.5 0.48359375 1.0 0.9015625
14 0.2048611111111111 0.71875 0.3125 0.0296875
14 0.09305555555555556 0.7484375 0.08888888888888889 0.0296875
14 0.209375 0.80546875 0.3215277777777778 0.0296875
14 0.12430555555555556 0.83515625 0.15138888888888888 0.0296875
14 0.1875 0.8921875 0.2777777777777778 0.0296875
0 0.8614583333333333 0.6728515625 0.1798611111111111 0.101171875
14 0.5 0.5626953125 0.9027777777777778 0.062109375
14 0.5 0.6119140625 0.9027777777777778 0.036328125
4 0.06805555555555555 0.07109375 0.1361111111111111 0.0765625
0 0.9513888888888888 0.07109375 0.09722222222222222 0.065625
