14 0.35347222222222224 0.0708984375 0.35694444444444445 0.036328125
4 0.06805555555555555 0.07109375 0.1361111111111111 0.0765625
14 0.0 0.109375 0.0 0.0
14 0.0 0.109375 0.0 0.0
0 0.0 0.109375 0.0 0.0
14 0.0 0.109375 0.0 0.0
14 0.0 0.109375 0.0 0.0
0 0.0 0.109375 0.0 0.0
14 0.0 0.109375 0.0 0.0
5 0.16666666666666666 0.203125 0.3333333333333333 0.1875
14 0.06041666666666667 0.122265625 0.12083333333333333 0.02578125
14 0.05659722222222222 0.283984375 0.11319444444444444 0.02578125
5 0.5 0.203125 0.3333333333333333 0.1875
14 0.3704861111111111 0.122265625 0.07430555555555556 0.02578125
14 0.3996527777777778 0.283984375 0.1326388888888889 0.02578125
5 0.8333333333333334 0.203125 0.3333333333333333 0.1875
14 0.7263888888888889 0.122265625 0.11944444444444445 0.02578125
14 0.7329861111111111 0.283984375 0.1326388888888889 0.02578125
5 0.16666666666666666 0.390625 0.3333333333333333 0.1875
14 0.13506944444444444 0.309765625 0.2701388888888889 0.02578125
14 0.06631944444444444 0.471484375 0.1326388888888889 0.02578125
5 0.5 0.390625 0.3333333333333333 0.1875
14 0.5 0.309765625 0.3333333333333333 0.02578125
14 0.3996527777777778 0.471484375 0.1326388888888889 0.02578125
5 0.8333333333333334 0.390625 0.3333333333333333 0.1875
14 0.7649305555555556 0.309765625 0.19652777777777777 0.02578125
14 0.7329861111111111 0.471484375 0.1326388888888889 0.02578125
5 0.16666666666666666 0.578125 0.3333333333333333 0.1875
14 0.05 0.497265625 0.1 0.02578125
14 0.06631944444444444 0.658984375 0.1326388888888889 0.02578125
5 0.5 0.578125 0.3333333333333333 0.1875
14 0.421875 0.497265625 0.17708333333333334 0.02578125
14 0.3996527777777778 0.658984375 0.1326388888888889 0.02578125
5 0.8333333333333334 0.578125 0.3333333333333333 0.1875
14 0.7211805555555556 0.497265625 0.10902777777777778 0.02578125
14 0.7329861111111111 0.658984375 0.1326388888888889 0.02578125
5 0.16666666666666666 0.765625 0.3333333333333333 0.1875
14 0.06180555555555556 0.684765625 0.12361111111111112 0.02578125
14 0.06631944444444444 0.846484375 0.1326388888888889 0.02578125
5 0.5 0.765625 0.3333333333333333 0.1875
14 0.38298611111111114 0.684765625 0.09930555555555555 0.02578125
14 0.3854166666666667 0.846484375 0.10416666666666667 0.02578125
5 0.8333333333333334 0.765625 0.3333333333333333 0.1875
14 0.7065972222222222 0.684765625 0.0798611111111111 0.02578125
14 0.7329861111111111 0.846484375 0.1326388888888889 0.02578125
5 0.16666666666666666 0.8626953125 0.3333333333333333 0.006640625
14 0.012847222222222222 0.8626953125 0.025694444444444443 0.006640625
5 0.5 0.8626953125 0.3333333333333333 0.006640625
14 0.4388888888888889 0.8626953125 0.2111111111111111 0.006640625
5 0.8333333333333334 0.8626953125 0.3333333333333333 0.006640625
14 0.7972222222222223 0.8626953125 0.2611111111111111 0.006640625
5 0.31979166666666664 0.821875 0.07847222222222222 0.0421875
14 0.5388888888888889 0.8224609375 0.3597222222222222 0.043359375
0 0.0 0.0328125 0.0 0.0
0 0.0 0.0328125 0.0 0.0
0 0.0 0.0328125 0.0 0.0
0 0.0 0.0328125 0.0 0.0
14 0.0 0.0328125 0.0 0.0
14 0.0 0.0328125 0.0 0.0
14 0.0 0.0328125 0.0 0.0
14 0.0 0.0328125 0.0 0.0
