14 0.5 0.1759765625 1.0 0.066015625
5 0.971875 0.17578125 0.05625 0.034375
14 0.5 0.2427734375 1.0 0.066015625
5 0.971875 0.242578125 0.05625 0.034375
14 0.5 0.3095703125 1.0 0.066015625
5 0.971875 0.309375 0.05625 0.034375
14 0.31145833333333334 0.3869140625 0.5840277777777778 0.033203125
0 0.0 0.0984375 0.0 0.0
0 0.0 0.0984375 0.0 0.0
14 0.5 0.4505859375 1.0 0.039453125
4 0.04756944444444444 0.0654296875 0.09513888888888888 0.035546875
14 0.46979166666666666 0.0654296875 0.7493055555555556 0.033203125
