5 0.0 0.0 0.0 0.0
5 0.0 0.0 0.0 0.0
5 0.0 0.0 0.0 0.0
5 0.0 0.314453125 0.0 0.62890625
5 0.0 0.30078125 0.0 0.6015625
5 0.5 0.314453125 1.0 0.62890625
5 0.5 0.30078125 1.0 0.6015625
6 0.5 0.314453125 0.18472222222222223 0.10390625
14 0.5 0.3927734375 0.19583333333333333 0.025390625
5 0.0 0.0 0.0 0.0
5 0.0 0.0 0.0 0.0
14 0.0 0.0 0.0 0.0
14 0.0 0.0 0.0 0.0
6 0.5 0.876171875 0.18472222222222223 0.10390625
14 0.5 0.9544921875 0.19583333333333333 0.025390625
5 0.5 0.758984375 1.0 0.24609375
5 0.5 0.758984375 1.0 0.24609375
14 0.08645833333333333 0.804296875 0.09930555555555555 0.02265625
14 0.36180555555555555 0.826953125 0.65 0.02265625
14 0.09930555555555555 0.8498046875 0.125 0.023046875
14 0.2934027777777778 0.8498046875 0.26319444444444445 0.023046875
14 0.828125 0.83828125 0.2701388888888889 0.0453125
5 0.5 0.941015625 1.0 0.11796875
5 0.5 0.941015625 1.0 0.11796875
6 0.0 0.6359375 0.0 0.0
14 0.0 0.6359375 0.0 0.0
5 1.0 0.758984375 0.0 0.24609375
5 1.0 0.758984375 0.0 0.24609375
5 1.0 0.941015625 0.0 0.11796875
5 1.0 0.941015625 0.0 0.11796875
6 1.0 0.6359375 0.0 0.0
14 1.0 0.6359375 0.0 0.0
14 0.16666666666666666 0.605078125 0.3333333333333333 0.06171875
14 0.5 0.605078125 0.3333333333333333 0.06171875
14 0.8333333333333334 0.605078125 0.3333333333333333 0.06171875
4 0.06805555555555555 0.065234375 0.1361111111111111 0.06171875
5 0.21909722222222222 0.065234375 0.16597222222222222 0.04375
0 0.9513888888888888 0.065234375 0.09722222222222222 0.06171875
5 0.0 0.0 0.0 0.0
5 0.0 0.0 0.0 0.0
14 0.0 0.0 0.0 0.0
14 0.0 0.0 0.0 0.0
14 0.0 0.089453125 0.0 0.11328125
14 0.0 0.204296875 0.0 0.11328125
14 0.0 0.319140625 0.0 0.11328125
14 0.0 0.434375 0.0 0.1140625
