14 0.0 0.25703125 0.0 0.08671875
5 0.0 0.868359375 0.0 0.0875
14 0.5194444444444445 0.2017578125 0.9611111111111111 0.042578125
14 0.32083333333333336 0.2759765625 0.5638888888888889 0.039453125
14 0.32083333333333336 0.309375 0.5638888888888889 0.02734375
14 0.3611111111111111 0.3759765625 0.6444444444444445 0.039453125
14 0.3611111111111111 0.409375 0.6444444444444445 0.02734375
14 0.37395833333333334 0.4759765625 0.6701388888888888 0.039453125
14 0.37395833333333334 0.509375 0.6701388888888888 0.02734375
14 0.37569444444444444 0.5759765625 0.6736111111111112 0.039453125
14 0.37569444444444444 0.609375 0.6736111111111112 0.02734375
14 0.35173611111111114 0.6759765625 0.6256944444444444 0.039453125
14 0.35173611111111114 0.709375 0.6256944444444444 0.02734375
14 0.16631944444444444 0.13125 0.13125 0.0328125
14 0.4996527777777778 0.13125 0.14097222222222222 0.0328125
14 0.8333333333333334 0.13125 0.12777777777777777 0.0328125
5 0.0 0.0984375 0.0 0.0
5 0.0 0.0984375 0.0 0.0
5 0.0 0.0984375 0.0 0.0
14 0.0 0.0984375 0.0 0.0
14 0.0 0.0984375 0.0 0.0
5 0.0 0.0984375 0.0 0.0
14 0.0 0.0984375 0.0 0.0
14 0.0 0.0984375 0.0 0.0
14 0.0 0.0984375 0.0 0.0
5 0.0 0.0984375 0.0 0.0
5 0.0 0.0984375 0.0 0.0
14 0.0 0.0984375 0.0 0.0
14 0.0 0.0984375 0.0 0.0
14 0.0 0.0984375 0.0 0.0
14 0.0 0.0984375 0.0 0.0
14 0.0 0.0984375 0.0 0.0
14 0.0 0.0984375 0.0 0.0
14 0.0 0.0984375 0.0 0.0
14 0.3572916666666667 0.13125 0.7145833333333333 0.065625
5 0.571875 0.2001953125 0.18819444444444444 0.058984375
14 0.3572916666666667 0.196875 0.7145833333333333 0.065625
14 0.3572916666666667 0.2625 0.7145833333333333 0.065625
14 0.3572916666666667 0.328125 0.7145833333333333 0.065625
14 0.3572916666666667 0.39375 0.7145833333333333 0.065625
14 0.3572916666666667 0.459375 0.7145833333333333 0.065625
14 0.1361111111111111 0.0654296875 0.0 0.039453125
14 0.0 0.0328125 0.0 0.0
14 0.0 0.0328125 0.0 0.0
4 0.06805555555555555 0.065625 0.1361111111111111 0.065625
5 0.8152777777777778 0.065625 0.1361111111111111 0.065625
