0 0.1517361111111111 0.12578125 0.3034722222222222 0.0546875
0 0.4597222222222222 0.12578125 0.3125 0.0546875
0 0.771875 0.12578125 0.31180555555555556 0.0546875
0 0.9638888888888889 0.12578125 0.07222222222222222 0.0546875
5 0.22847222222222222 0.2693359375 0.36944444444444446 0.194140625
14 0.2548611111111111 0.309375 0.3638888888888889 0.0296875
14 0.2548611111111111 0.3390625 0.3638888888888889 0.0296875
5 0.4354166666666667 0.3390625 0.06111111111111111 0.0546875
5 0.44756944444444446 0.3390625 0.03680555555555556 0.0546875
5 0.71875 0.2693359375 0.36944444444444446 0.194140625
14 0.7451388888888889 0.309375 0.3638888888888889 0.0296875
14 0.7451388888888889 0.3390625 0.3638888888888889 0.0296875
5 0.9378472222222223 0.3595703125 0.03680555555555556 0.013671875
5 0.95 0.3595703125 0.0125 0.013671875
5 0.5 0.8427734375 1.0 0.002734375
5 0.08402777777777778 0.8890625 0.10972222222222222 0.06171875
14 0.18194444444444444 0.871484375 0.08611111111111111 0.0265625
14 0.24097222222222223 0.898046875 0.20416666666666666 0.0265625
4 0.7520833333333333 0.8892578125 0.0875 0.090234375
4 0.8395833333333333 0.8892578125 0.0875 0.090234375
4 0.9270833333333334 0.8892578125 0.0875 0.090234375
5 0.5 0.934375 1.0 0.0
5 0.0 0.934375 0.0 0.0
5 1.0 0.934375 0.0 0.0
5 0.06875 0.065625 0.07777777777777778 0.04375
14 0.2420138888888889 0.0654296875 0.24930555555555556 0.033203125
0 0.9319444444444445 0.065625 0.1361111111111111 0.065625
