14 0.21284722222222222 0.0708984375 0.07569444444444444 0.036328125
4 0.06805555555555555 0.07109375 0.1361111111111111 0.0765625
5 0.8677083333333333 0.2533203125 0.21180555555555555 0.102734375
14 0.5 0.2533203125 0.9472222222222222 0.037890625
0 0.9027777777777778 0.871484375 0.19444444444444445 0.12578125
5 0.4222222222222222 0.1353515625 0.8444444444444444 0.205078125
5 0.10590277777777778 0.0955078125 0.13402777777777777 0.075390625
14 0.271875 0.18828125 0.46597222222222223 0.05546875
5 0.059375 0.292578125 0.04097222222222222 0.065625
14 0.24895833333333334 0.292578125 0.22152777777777777 0.0296875
5 0.059375 0.359765625 0.04097222222222222 0.065625
14 0.20902777777777778 0.359765625 0.14166666666666666 0.0296875
5 0.059375 0.426953125 0.04097222222222222 0.065625
14 0.31145833333333334 0.426953125 0.34652777777777777 0.0296875
5 0.059375 0.494140625 0.04097222222222222 0.065625
14 0.21909722222222222 0.494140625 0.16180555555555556 0.0296875
