5 0.246875 0.3501953125 0.3645833333333333 0.205078125
14 0.246875 0.474609375 0.08680555555555555 0.0296875
5 0.7524305555555556 0.3501953125 0.3645833333333333 0.205078125
14 0.7520833333333333 0.474609375 0.25555555555555554 0.0296875
5 0.246875 0.6439453125 0.3645833333333333 0.205078125
14 0.2465277777777778 0.768359375 0.1 0.0296875
5 0.7524305555555556 0.6439453125 0.3645833333333333 0.205078125
14 0.7520833333333333 0.768359375 0.08194444444444444 0.0296875
5 0.246875 0.884765625 0.3645833333333333 0.09921875
5 0.7524305555555556 0.884765625 0.3645833333333333 0.09921875
14 0.4996527777777778 0.8625 0.4701388888888889 0.02578125
4 0.06805555555555555 0.07109375 0.1361111111111111 0.0765625
14 0.2423611111111111 0.0708984375 0.19305555555555556 0.036328125
0 0.9319444444444445 0.07109375 0.1361111111111111 0.0765625
