14 0.4996527777777778 0.22265625 0.40069444444444446 0.0296875
5 0.19583333333333333 0.3859375 0.275 0.225
14 0.19583333333333333 0.4599609375 0.275 0.022265625
5 0.5 0.3859375 0.275 0.225
14 0.5 0.4599609375 0.275 0.022265625
5 0.8041666666666667 0.3859375 0.275 0.225
14 0.8041666666666667 0.4599609375 0.275 0.022265625
5 0.19583333333333333 0.628125 0.275 0.225
14 0.19583333333333333 0.7021484375 0.275 0.022265625
5 0.5 0.628125 0.275 0.225
14 0.5 0.7021484375 0.275 0.022265625
5 0.8041666666666667 0.628125 0.275 0.225
14 0.8041666666666667 0.7021484375 0.275 0.022265625
5 0.19583333333333333 0.84609375 0.275 0.1765625
14 0.19583333333333333 0.9337890625 0.275 0.001171875
5 0.5 0.84609375 0.275 0.1765625
14 0.5 0.9337890625 0.275 0.001171875
5 0.8041666666666667 0.84609375 0.275 0.1765625
14 0.8041666666666667 0.9337890625 0.275 0.001171875
5 0.5 0.4671875 1.0 0.934375
5 0.5 0.4671875 0.6888888888888889 0.5421875
5 0.5 0.4671875 0.6888888888888889 0.5421875
14 0.5 0.2435546875 0.17777777777777778 0.029296875
14 0.4996527777777778 0.281640625 0.16319444444444445 0.025
5 0.5 0.601171875 0.11666666666666667 0.065625
14 0.5 0.6724609375 0.3486111111111111 0.022265625
5 0.9173611111111111 0.095703125 0.10694444444444444 0.07109375
3 0.0 0.0 0.0 0.0
14 0.26284722222222223 0.095703125 0.1951388888888889 0.03671875
14 0.0 0.0 0.0 0.0
5 0.5 0.079296875 1.0 0.15859375
5 0.0 0.0 0.0 0.0
5 0.0 0.0 0.0 0.0
5 0.0 0.0 0.0 0.0
14 0.0 0.0 0.0 0.0
