5 0.4986111111111111 0.33359375 0.9777777777777777 0.30625
5 0.02673611111111111 0.5234375 0.034027777777777775 0.02421875
14 0.4986111111111111 0.54765625 0.9 0.07265625
14 0.4986111111111111 0.6849609375 0.9 0.191015625
5 0.02673611111111111 0.84453125 0.034027777777777775 0.02421875
14 0.4986111111111111 0.86875 0.9 0.07265625
14 0.3211805555555556 0.9251953125 0.5451388888888888 0.018359375
5 0.7930555555555555 0.9251953125 0.3888888888888889 0.018359375
5 0.5288194444444444 0.066796875 0.5590277777777778 0.02734375
14 0.5288194444444444 0.101171875 0.42569444444444443 0.01640625
14 0.175 0.0708984375 0.0 0.036328125
4 0.06805555555555555 0.07109375 0.1361111111111111 0.0765625
14 0.16458333333333333 0.1421875 0.2513888888888889 0.065625
14 0.5197916666666667 0.1421875 0.3034722222222222 0.065625
14 0.8347222222222223 0.1421875 0.17083333333333334 0.065625
14 0.9989583333333333 0.1421875 0.0020833333333333333 0.065625
0 0.2590277777777778 0.0869140625 0.3625 0.048046875
14 0.0 0.062890625 0.0 0.0
14 0.0 0.062890625 0.0 0.0
0 0.5895833333333333 0.0869140625 0.22083333333333333 0.048046875
14 0.4083333333333333 0.155078125 0.7388888888888889 0.021875
14 0.4083333333333333 0.1806640625 0.7388888888888889 0.029296875
4 0.7243055555555555 0.178515625 0.04861111111111111 0.02734375
14 0.3888888888888889 0.2435546875 0.7777777777777778 0.073828125
14 0.3888888888888889 0.3173828125 0.7777777777777778 0.073828125
14 0.3888888888888889 0.3912109375 0.7777777777777778 0.073828125
14 0.3888888888888889 0.4658203125 0.7777777777777778 0.073828125
14 0.3888888888888889 0.5396484375 0.7777777777777778 0.073828125
14 0.3888888888888889 0.241796875 0.7777777777777778 0.0703125
14 0.3888888888888889 0.312890625 0.7777777777777778 0.0703125
14 0.3888888888888889 0.383984375 0.7777777777777778 0.0703125
14 0.3888888888888889 0.934375 0.0 0.0
