5 0.5 0.48359375 1.0 0.9015625
5 0.12152777777777778 0.1251953125 0.24305555555555555 0.048046875
14 0.5725694444444445 0.1251953125 0.27569444444444446 0.048046875
5 0.9447916666666667 0.125 0.08541666666666667 0.034375
0 0.9510416666666667 0.1251953125 0.09791666666666667 0.048046875
5 0.0 0.101171875 0.0 0.0
5 0.0 0.101171875 0.0 0.0
14 0.0 0.101171875 0.0 0.0
14 0.0 0.101171875 0.0 0.0
14 0.0 0.101171875 0.0 0.0
14 0.0 0.101171875 0.0 0.0
14 0.0 0.101171875 0.0 0.0
5 0.5 0.48359375 1.0 0.9015625
14 0.5 0.1166015625 0.0 0.044140625
0 0.5 0.89609375 1.0 0.0765625
