5 0.0 0.0328125 0.0 0.0
5 0.0 0.0328125 0.0 0.0
5 0.029166666666666667 0.065625 0.029166666666666667 0.065625
5 0.08993055555555556 0.065625 0.06319444444444444 0.065625
3 0.5607638888888888 0.0654296875 0.8201388888888889 0.047265625
5 0.19583333333333333 0.065625 0.05138888888888889 0.02890625
5 1.0 0.0328125 0.0 0.0
5 1.0 0.0328125 0.0 0.0
5 1.0 0.0328125 0.0 0.0
5 1.0 0.0328125 0.0 0.0
5 0.08541666666666667 0.8369140625 0.14583333333333334 0.030078125
5 0.9246527777777778 0.755859375 0.10208333333333333 0.05390625
5 0.9246527777777778 0.810546875 0.10208333333333333 0.05546875
5 0.0 0.0984375 0.0 0.0
5 0.0 0.0984375 0.0 0.0
5 0.796875 0.1134765625 0.39652777777777776 0.024609375
5 0.14131944444444444 0.8966796875 0.11041666666666666 0.075390625
14 0.3034722222222222 0.8966796875 0.21388888888888888 0.075390625
5 0.6177083333333333 0.8966796875 0.06180555555555556 0.075390625
14 0.7913194444444445 0.8966796875 0.2465277777777778 0.075390625
14 0.10069444444444445 0.12578125 0.14305555555555555 0.0296875
14 0.9309027777777777 0.12578125 0.13819444444444445 0.0546875
5 0.5 0.1544921875 1.0 0.002734375
5 0.058333333333333334 0.188671875 0.058333333333333334 0.0328125
14 0.19409722222222223 0.1888671875 0.15486111111111112 0.044140625
14 0.17465277777777777 0.223828125 0.29097222222222224 0.02578125
14 0.0 0.153125 0.0 0.0
5 0.058333333333333334 0.288671875 0.058333333333333334 0.0328125
14 0.184375 0.2888671875 0.13541666666666666 0.044140625
14 0.16805555555555557 0.323828125 0.2777777777777778 0.02578125
14 0.0 0.253125 0.0 0.0
14 0.5145833333333333 0.38046875 0.9708333333333333 0.0296875
5 0.9416666666666667 0.38046875 0.05138888888888889 0.02890625
5 0.5 0.4091796875 1.0 0.002734375
14 0.19409722222222223 0.4408203125 0.3298611111111111 0.033203125
