14 0.23368055555555556 0.065625 0.4673611111111111 0.0296875
5 0.5138888888888888 0.065625 0.09305555555555556 0.0171875
14 0.23368055555555556 0.13203125 0.4673611111111111 0.0296875
5 0.5138888888888888 0.13203125 0.09305555555555556 0.0171875
14 0.23368055555555556 0.1984375 0.4673611111111111 0.0296875
5 0.5138888888888888 0.1984375 0.09305555555555556 0.0171875
14 0.23368055555555556 0.26484375 0.4673611111111111 0.0296875
5 0.5138888888888888 0.26484375 0.09305555555555556 0.0171875
14 0.23368055555555556 0.33125 0.4673611111111111 0.0296875
5 0.5138888888888888 0.33125 0.09305555555555556 0.0171875
14 0.23368055555555556 0.39765625 0.4673611111111111 0.0296875
5 0.5138888888888888 0.39765625 0.09305555555555556 0.0171875
14 0.23368055555555556 0.4640625 0.4673611111111111 0.0296875
5 0.5138888888888888 0.4640625 0.09305555555555556 0.0171875
14 0.23368055555555556 0.53046875 0.4673611111111111 0.0296875
5 0.5138888888888888 0.53046875 0.09305555555555556 0.0171875
14 0.23368055555555556 0.596875 0.4673611111111111 0.0296875
5 0.5138888888888888 0.596875 0.09305555555555556 0.0171875
14 0.23368055555555556 0.66328125 0.4673611111111111 0.0296875
5 0.5138888888888888 0.66328125 0.09305555555555556 0.0171875
14 0.23368055555555556 0.7296875 0.4673611111111111 0.0296875
5 0.5138888888888888 0.7296875 0.09305555555555556 0.0171875
14 0.23368055555555556 0.79609375 0.4673611111111111 0.0296875
5 0.5138888888888888 0.79609375 0.09305555555555556 0.0171875
14 0.23368055555555556 0.8625 0.4673611111111111 0.0296875
5 0.5138888888888888 0.8625 0.09305555555555556 0.0171875
4 0.06597222222222222 0.06640625 0.10694444444444444 0.06015625
14 0.4996527777777778 0.0662109375 0.20208333333333334 0.032421875
14 0.5 0.1349609375 0.9611111111111111 0.048046875
14 0.5 0.34765625 0.6319444444444444 0.35546875
14 0.5 0.34765625 0.6319444444444444 0.35546875
14 0.5 0.34765625 0.6319444444444444 0.35546875
5 0.4996527777777778 0.20859375 0.09097222222222222 0.07734375
14 0.4996527777777778 0.191015625 0.013194444444444444 0.0421875
5 0.4996527777777778 0.20859375 0.09097222222222222 0.07734375
14 0.5 0.191015625 0.020833333333333332 0.0421875
5 0.4996527777777778 0.20859375 0.09097222222222222 0.07734375
14 0.5 0.191015625 0.020833333333333332 0.0421875
5 0.4996527777777778 0.20859375 0.09097222222222222 0.07734375
14 0.4996527777777778 0.191015625 0.022916666666666665 0.0421875
5 0.4996527777777778 0.20859375 0.09097222222222222 0.07734375
14 0.5 0.191015625 0.020833333333333332 0.0421875
5 0.4996527777777778 0.20859375 0.09097222222222222 0.07734375
14 0.5 0.191015625 0.022222222222222223 0.0421875
5 0.4996527777777778 0.20859375 0.09097222222222222 0.07734375
14 0.5 0.191015625 0.020833333333333332 0.0421875
5 0.4996527777777778 0.20859375 0.09097222222222222 0.07734375
14 0.4996527777777778 0.191015625 0.021527777777777778 0.0421875
5 0.4996527777777778 0.20859375 0.09097222222222222 0.07734375
14 0.5 0.191015625 0.022222222222222223 0.0421875
5 0.4996527777777778 0.20859375 0.09097222222222222 0.07734375
14 0.5 0.191015625 0.0375 0.0421875
5 0.4996527777777778 0.20859375 0.09097222222222222 0.07734375
14 0.5 0.191015625 0.02638888888888889 0.0421875
5 0.4996527777777778 0.20859375 0.09097222222222222 0.07734375
14 0.4996527777777778 0.191015625 0.034027777777777775 0.0421875
5 0.4996527777777778 0.20859375 0.09097222222222222 0.07734375
14 0.4996527777777778 0.191015625 0.034027777777777775 0.0421875
5 0.4996527777777778 0.20859375 0.09097222222222222 0.07734375
14 0.5 0.191015625 0.03611111111111111 0.0421875
5 0.4996527777777778 0.20859375 0.09097222222222222 0.07734375
14 0.4996527777777778 0.191015625 0.034027777777777775 0.0421875
5 0.4996527777777778 0.20859375 0.09097222222222222 0.07734375
14 0.4996527777777778 0.191015625 0.035416666666666666 0.0421875
5 0.4996527777777778 0.20859375 0.09097222222222222 0.07734375
14 0.4996527777777778 0.191015625 0.034027777777777775 0.0421875
5 0.4996527777777778 0.20859375 0.09097222222222222 0.07734375
14 0.5 0.191015625 0.034722222222222224 0.0421875
5 0.4996527777777778 0.20859375 0.09097222222222222 0.07734375
14 0.4996527777777778 0.191015625 0.035416666666666666 0.0421875
5 0.4996527777777778 0.20859375 0.09097222222222222 0.07734375
14 0.4996527777777778 0.191015625 0.04513888888888889 0.0421875
5 0.4996527777777778 0.20859375 0.09097222222222222 0.07734375
14 0.4996527777777778 0.191015625 0.034027777777777775 0.0421875
5 0.4996527777777778 0.20859375 0.09097222222222222 0.07734375
14 0.5 0.191015625 0.041666666666666664 0.0421875
5 0.4996527777777778 0.20859375 0.09097222222222222 0.07734375
14 0.5 0.191015625 0.041666666666666664 0.0421875
5 0.4996527777777778 0.20859375 0.09097222222222222 0.07734375
14 0.4996527777777778 0.191015625 0.04375 0.0421875
5 0.4996527777777778 0.20859375 0.09097222222222222 0.07734375
14 0.5 0.191015625 0.041666666666666664 0.0421875
5 0.4996527777777778 0.20859375 0.09097222222222222 0.07734375
14 0.5 0.191015625 0.043055555555555555 0.0421875
5 0.4996527777777778 0.20859375 0.09097222222222222 0.07734375
14 0.5 0.191015625 0.041666666666666664 0.0421875
5 0.4996527777777778 0.20859375 0.09097222222222222 0.07734375
14 0.4996527777777778 0.191015625 0.04236111111111111 0.0421875
4 0.16666666666666666 0.7859375 0.14583333333333334 0.08203125
14 0.16631944444444444 0.8470703125 0.20347222222222222 0.018359375
4 0.5 0.7859375 0.14583333333333334 0.08203125
14 0.5 0.8470703125 0.07361111111111111 0.018359375
4 0.8333333333333334 0.7859375 0.14583333333333334 0.08203125
14 0.8333333333333334 0.8470703125 0.16527777777777777 0.018359375
4 0.0 0.1 0.0 0.0
14 0.0 0.1 0.0 0.0
4 0.0 0.1 0.0 0.0
14 0.0 0.1 0.0 0.0
5 0.5 0.8974609375 1.0 0.073828125
