5 0.5 0.2970703125 1.0 0.341796875
14 0.5 0.2970703125 1.0 0.341796875
14 0.5 0.5599609375 0.8833333333333333 0.129296875
14 0.4513888888888889 0.690234375 0.8055555555555556 0.04296875
5 0.9027777777777778 0.690234375 0.09722222222222222 0.0546875
14 0.5878472222222222 0.7474609375 0.7465277777777778 0.157421875
5 0.14097222222222222 0.86328125 0.20416666666666666 0.13671875
5 0.07777777777777778 0.079296875 0.11666666666666667 0.065625
14 0.5680555555555555 0.079296875 0.7861111111111111 0.065625
6 0.0 0.0328125 0.0 0.0
14 0.0 0.0328125 0.0 0.0
6 0.0 0.0328125 0.0 0.0
