14 0.08506944444444445 0.137890625 0.1701388888888889 0.0296875
14 0.5 0.207421875 1.0 0.065625
14 0.5 0.273046875 1.0 0.065625
7 0.9222222222222223 0.207421875 0.07777777777777778 0.065625
7 0.9222222222222223 0.273046875 0.07777777777777778 0.065625
11 0.5 0.38046875 1.0 0.09921875
11 0.5 0.48125 1.0 0.09921875
11 0.5 0.58203125 1.0 0.09921875
14 0.09131944444444444 0.697265625 0.10486111111111111 0.0734375
14 0.2951388888888889 0.74765625 0.5125 0.02734375
14 0.22013888888888888 0.775 0.3625 0.02734375
14 0.23333333333333334 0.80234375 0.3888888888888889 0.02734375
14 0.3076388888888889 0.8296875 0.5375 0.02734375
14 0.21006944444444445 0.85703125 0.3423611111111111 0.02734375
14 0.23576388888888888 0.0708984375 0.1798611111111111 0.036328125
4 0.06805555555555555 0.07109375 0.1361111111111111 0.0765625
5 0.06458333333333334 0.1046875 0.12916666666666668 0.0890625
5 0.6791666666666667 0.1537109375 0.11944444444444445 0.097265625
5 0.4666666666666667 0.041796875 0.15833333333333333 0.08359375
5 0.20069444444444445 0.171484375 0.15833333333333333 0.06171875
14 0.36944444444444446 0.24609375 0.6611111111111111 0.065625
14 0.36944444444444446 0.31171875 0.6611111111111111 0.065625
14 0.36944444444444446 0.37734375 0.6611111111111111 0.065625
14 0.36944444444444446 0.44296875 0.6611111111111111 0.065625
14 0.36944444444444446 0.50859375 0.6611111111111111 0.065625
14 0.36944444444444446 0.57421875 0.6611111111111111 0.065625
