14 0.5 0.214453125 0.5583333333333333 0.06640625
11 0.5 0.214453125 0.5583333333333333 0.06640625
5 0.28368055555555555 0.214453125 0.2798611111111111 0.13125
5 0.3958333333333333 0.214453125 0.23333333333333334 0.13125
5 0.7208333333333333 0.214453125 0.11666666666666667 0.065625
14 0.5 0.425 1.0 0.06640625
3 0.0 0.280078125 0.0 0.0
3 0.0 0.280078125 0.0 0.0
3 0.0 0.280078125 0.0 0.0
4 0.0 0.280078125 0.0 0.0
4 0.0 0.280078125 0.0 0.0
0 0.5 0.662890625 0.4222222222222222 0.065625
14 0.4996527777777778 0.776171875 0.40208333333333335 0.03125
