5 0.9659722222222222 0.066796875 0.04861111111111111 0.02734375
5 0.8590277777777777 0.066796875 0.04861111111111111 0.02734375
0 0.7430555555555556 0.0669921875 0.06666666666666667 0.031640625
14 0.1388888888888889 0.066796875 0.14166666666666666 0.02578125
5 0.034027777777777775 0.066796875 0.04861111111111111 0.02734375
14 0.0 0.101171875 0.0 0.0
3 0.0 0.101171875 0.0 0.0
0 0.0 0.101171875 0.0 0.0
0 0.0 0.101171875 0.0 0.0
14 0.0 0.101171875 0.0 0.0
14 0.0 0.101171875 0.0 0.0
5 0.5 0.4859375 0.175 0.0984375
14 0.5 0.5533203125 1.0 0.036328125
14 0.5 0.5806640625 1.0 0.018359375
4 0.04618055555555556 0.066796875 0.07291666666666667 0.02734375
4 0.9659722222222222 0.066796875 0.04861111111111111 0.02734375
4 0.8590277777777777 0.066796875 0.04861111111111111 0.02734375
0 0.7378472222222222 0.0669921875 0.07708333333333334 0.031640625
0 0.6239583333333333 0.0669921875 0.07291666666666667 0.031640625
4 0.5048611111111111 0.066796875 0.04861111111111111 0.02734375
5 0.41006944444444443 0.066796875 0.024305555555555556 0.0328125
0 0.0 0.0328125 0.0 0.0
0 0.0 0.0328125 0.0 0.0
14 0.0 0.0328125 0.0 0.0
5 0.036458333333333336 0.12578125 0.05347222222222222 0.03828125
14 0.2107638888888889 0.1140625 0.25625 0.02578125
14 0.16180555555555556 0.1380859375 0.15833333333333333 0.022265625
14 0.8802083333333334 0.13828125 0.2298611111111111 0.02265625
0 0.0 0.0328125 0.0 0.0
0 0.0 0.0328125 0.0 0.0
0 0.0 0.0328125 0.0 0.0
0 0.0 0.0328125 0.0 0.0
5 0.4996527777777778 0.510546875 0.15069444444444444 0.071875
14 0.5 0.5646484375 1.0 0.036328125
14 0.5 0.5919921875 1.0 0.018359375
14 0.5 0.87109375 1.0 0.0
4 0.04618055555555556 0.066796875 0.07291666666666667 0.02734375
4 0.9659722222222222 0.066796875 0.04861111111111111 0.02734375
0 0.8052083333333333 0.0669921875 0.15625 0.031640625
4 0.625 0.066796875 0.04861111111111111 0.02734375
0 0.0 0.0328125 0.0 0.0
0 0.0 0.0328125 0.0 0.0
14 0.0 0.0328125 0.0 0.0
5 0.036458333333333336 0.12578125 0.05347222222222222 0.03828125
14 0.12152777777777778 0.1140625 0.07777777777777778 0.02578125
14 0.8850694444444445 0.1103515625 0.2298611111111111 0.018359375
5 0.9659722222222222 0.133203125 0.04861111111111111 0.02734375
5 0.4996527777777778 0.510546875 0.15069444444444444 0.071875
14 0.5 0.5646484375 1.0 0.036328125
14 0.5 0.5919921875 1.0 0.018359375
14 0.5 0.87109375 1.0 0.0
14 0.12256944444444444 0.066796875 0.22569444444444445 0.02578125
4 0.9659722222222222 0.066796875 0.04861111111111111 0.02734375
0 0.8086805555555555 0.0669921875 0.14930555555555555 0.031640625
4 0.04618055555555556 0.066796875 0.07291666666666667 0.02734375
14 0.13159722222222223 0.066796875 0.07847222222222222 0.02578125
4 0.9659722222222222 0.066796875 0.04861111111111111 0.02734375
0 0.8326388888888889 0.0669921875 0.10138888888888889 0.031640625
0 0.6864583333333333 0.0669921875 0.15208333333333332 0.031640625
4 0.5277777777777778 0.066796875 0.04861111111111111 0.02734375
0 0.0 0.0328125 0.0 0.0
0 0.0 0.0328125 0.0 0.0
14 0.0 0.0328125 0.0 0.0
14 0.13159722222222223 0.1140625 0.24375 0.02578125
14 0.08472222222222223 0.1380859375 0.15 0.022265625
14 0.9951388888888889 0.13828125 0.0 0.02265625
5 0.4996527777777778 0.51015625 0.15069444444444444 0.071875
14 0.5 0.5642578125 1.0 0.036328125
14 0.5 0.5916015625 1.0 0.018359375
14 0.5 0.87109375 1.0 0.0
5 0.09722222222222222 0.891796875 0.04861111111111111 0.02734375
14 0.09756944444444444 0.91953125 0.1701388888888889 0.02578125
5 0.2923611111111111 0.891796875 0.04861111111111111 0.02734375
14 0.29270833333333335 0.91953125 0.1701388888888889 0.02578125
5 0.4875 0.891796875 0.04861111111111111 0.02734375
14 0.4878472222222222 0.91953125 0.1701388888888889 0.02578125
5 0.6826388888888889 0.891796875 0.04861111111111111 0.02734375
14 0.6829861111111111 0.91953125 0.1701388888888889 0.02578125
5 0.8777777777777778 0.891796875 0.04861111111111111 0.02734375
14 0.878125 0.91953125 0.1701388888888889 0.02578125
14 0.9940972222222222 0.91953125 0.011805555555555555 0.02578125
