5 0.5 0.4671875 1.0 0.934375
14 0.4996527777777778 0.0931640625 0.13958333333333334 0.033203125
14 0.4996527777777778 0.5857421875 0.09097222222222222 0.033203125
4 0.06805555555555555 0.03828125 0.1361111111111111 0.0765625
4 0.7326388888888888 0.03828125 0.09722222222222222 0.0546875
4 0.8347222222222223 0.03828125 0.09722222222222222 0.0546875
4 0.9368055555555556 0.03828125 0.09722222222222222 0.0546875
5 0.3402777777777778 0.0458984375 0.6805555555555556 0.091796875
5 0.065625 0.1259765625 0.12152777777777778 0.068359375
14 0.40347222222222223 0.1259765625 0.5541666666666667 0.055078125
5 0.065625 0.1943359375 0.12152777777777778 0.068359375
14 0.40347222222222223 0.1943359375 0.5541666666666667 0.055078125
5 0.065625 0.2626953125 0.12152777777777778 0.068359375
14 0.40347222222222223 0.2626953125 0.5541666666666667 0.055078125
5 0.065625 0.3310546875 0.12152777777777778 0.068359375
14 0.40347222222222223 0.3310546875 0.5541666666666667 0.055078125
5 0.065625 0.3994140625 0.12152777777777778 0.068359375
14 0.40347222222222223 0.3994140625 0.5541666666666667 0.055078125
5 0.0 0.0 0.0 0.0
