14 0.5520833333333334 0.124609375 0.8958333333333334 0.03046875
14 0.5520833333333334 0.1634765625 0.8958333333333334 0.047265625
14 0.5520833333333334 0.2107421875 0.8958333333333334 0.047265625
14 0.5520833333333334 0.2580078125 0.8958333333333334 0.047265625
14 0.5520833333333334 0.3052734375 0.8958333333333334 0.047265625
14 0.5520833333333334 0.3525390625 0.8958333333333334 0.047265625
14 0.5520833333333334 0.3998046875 0.8958333333333334 0.047265625
14 0.5520833333333334 0.4470703125 0.8958333333333334 0.047265625
14 0.5520833333333334 0.5009765625 0.8958333333333334 0.060546875
14 0.5520833333333334 0.61953125 0.8958333333333334 0.1765625
14 0.5520833333333334 0.7380859375 0.8958333333333334 0.060546875
14 0.5520833333333334 0.78359375 0.8958333333333334 0.03046875
0 0.16666666666666666 0.831640625 0.3333333333333333 0.065625
0 0.5 0.831640625 0.3333333333333333 0.065625
0 0.8333333333333334 0.831640625 0.3333333333333333 0.065625
14 0.2916666666666667 0.0708984375 0.23333333333333334 0.036328125
4 0.06805555555555555 0.07109375 0.1361111111111111 0.0765625
