5 0.5 0.3953125 1.0 0.75
14 0.5 0.4671875 1.0 0.934375
4 0.20833333333333334 0.72109375 0.11666666666666667 0.065625
4 0.3541666666666667 0.72109375 0.11666666666666667 0.065625
4 0.5 0.72109375 0.11666666666666667 0.065625
4 0.6458333333333334 0.72109375 0.11666666666666667 0.065625
4 0.7916666666666666 0.72109375 0.11666666666666667 0.065625
4 0.28125 0.72109375 0.11666666666666667 0.065625
4 0.4270833333333333 0.72109375 0.11666666666666667 0.065625
4 0.5729166666666666 0.72109375 0.11666666666666667 0.065625
4 0.71875 0.72109375 0.11666666666666667 0.065625
5 0.8541666666666666 0.7203125 0.058333333333333334 0.0328125
5 0.9125 0.7203125 0.058333333333333334 0.0328125
0 0.5 0.85234375 1.0 0.1640625
4 0.0 0.7703125 0.0 0.0
4 0.09722222222222222 0.85234375 0.19444444444444445 0.109375
4 0.5 0.85234375 0.20416666666666666 0.11484375
4 0.9027777777777778 0.85234375 0.19444444444444445 0.109375
14 0.2621527777777778 0.355078125 0.17430555555555555 0.0765625
14 0.2621527777777778 0.448046875 0.17430555555555555 0.0765625
5 0.9125 0.75390625 0.11666666666666667 0.065625
14 0.7763888888888889 0.6376953125 0.3888888888888889 0.125390625
0 0.0 0.0 0.0 0.0
0 0.0 0.0 0.0 0.0
5 0.20833333333333334 0.846875 0.0 0.0
14 0.20833333333333334 0.846875 0.0 0.0
14 0.5 0.859765625 0.0 0.02578125
6 0.5 0.892578125 0.5833333333333334 0.03984375
4 0.0 0.0 0.0 0.0
0 0.0 0.0 0.0 0.0
