5 0.12152777777777778 0.882421875 0.24305555555555555 0.10390625
14 0.6215277777777778 0.8583984375 0.7180555555555556 0.033203125
14 0.6215277777777778 0.8990234375 0.7180555555555556 0.048046875
5 0.1701388888888889 0.206640625 0.25277777777777777 0.1421875
14 0.13402777777777777 0.3125 0.07222222222222222 0.04765625
14 0.20694444444444443 0.3048828125 0.06388888888888888 0.022265625
14 0.20833333333333334 0.3197265625 0.06666666666666667 0.022265625
14 0.1701388888888889 0.3451171875 0.2916666666666667 0.027734375
14 0.5583333333333333 0.153125 0.44583333333333336 0.02578125
14 0.86875 0.1533203125 0.175 0.033203125
14 0.6333333333333333 0.212109375 0.5958333333333333 0.02578125
14 0.94375 0.2123046875 0.025 0.033203125
14 0.5895833333333333 0.27109375 0.5083333333333333 0.02578125
14 0.9 0.2712890625 0.1125 0.033203125
14 0.5895833333333333 0.330078125 0.5083333333333333 0.02578125
14 0.9 0.3302734375 0.1125 0.033203125
14 0.16979166666666667 0.45078125 0.2548611111111111 0.02578125
5 0.39861111111111114 0.42578125 0.12638888888888888 0.07109375
14 0.6944444444444444 0.412890625 0.4263888888888889 0.02578125
14 0.6944444444444444 0.438671875 0.4263888888888889 0.02578125
14 0.1701388888888889 0.570703125 0.20277777777777778 0.02578125
14 0.6215277777777778 0.531640625 0.5722222222222222 0.02578125
14 0.6215277777777778 0.56015625 0.5722222222222222 0.02578125
14 0.6215277777777778 0.531640625 0.5722222222222222 0.02578125
14 0.6215277777777778 0.56015625 0.5722222222222222 0.02578125
14 0.16979166666666667 0.690625 0.12708333333333333 0.02578125
14 0.39861111111111114 0.665625 0.12638888888888888 0.07109375
14 0.6944444444444444 0.6658203125 0.4263888888888889 0.105859375
14 0.5 0.7505859375 0.9222222222222223 0.022265625
14 0.5 0.7728515625 0.9222222222222223 0.022265625
14 0.5 0.7951171875 0.9222222222222223 0.022265625
