14 0.10868055555555556 0.1697265625 0.13958333333333334 0.022265625
3 0.5 0.21328125 0.9222222222222223 0.05390625
14 0.09826388888888889 0.3060546875 0.11875 0.022265625
3 0.5 0.349609375 0.9222222222222223 0.05390625
14 0.25 0.4423828125 0.4222222222222222 0.022265625
0 0.25 0.48671875 0.4222222222222222 0.06640625
14 0.75 0.4423828125 0.4222222222222222 0.022265625
14 0.7003472222222222 0.48359375 0.27152777777777776 0.0296875
10 0.75 0.48671875 0.4222222222222222 0.06640625
14 0.27118055555555554 0.0708984375 0.25069444444444444 0.036328125
4 0.06805555555555555 0.07109375 0.1361111111111111 0.0765625
