5 0.08263888888888889 0.073828125 0.11666666666666667 0.065625
14 0.5180555555555556 0.073828125 0.7055555555555556 0.02109375
5 0.9291666666666667 0.073828125 0.11666666666666667 0.065625
5 0.09722222222222222 0.16953125 0.14583333333333334 0.08203125
14 0.5145833333333333 0.16953125 0.6638888888888889 0.02421875
5 0.9048611111111111 0.16953125 0.11666666666666667 0.065625
5 0.09722222222222222 0.26484375 0.14583333333333334 0.08203125
14 0.5145833333333333 0.26484375 0.6638888888888889 0.02421875
5 0.9048611111111111 0.26484375 0.11666666666666667 0.065625
5 0.09722222222222222 0.36015625 0.14583333333333334 0.08203125
14 0.5145833333333333 0.36015625 0.6638888888888889 0.02421875
5 0.9048611111111111 0.36015625 0.11666666666666667 0.065625
5 0.09722222222222222 0.45546875 0.14583333333333334 0.08203125
14 0.5145833333333333 0.45546875 0.6638888888888889 0.02421875
5 0.9048611111111111 0.45546875 0.11666666666666667 0.065625
5 0.09722222222222222 0.55078125 0.14583333333333334 0.08203125
14 0.5145833333333333 0.55078125 0.6638888888888889 0.02421875
5 0.9048611111111111 0.55078125 0.11666666666666667 0.065625
5 0.09722222222222222 0.64609375 0.14583333333333334 0.08203125
14 0.5145833333333333 0.64609375 0.6638888888888889 0.02421875
5 0.9048611111111111 0.64609375 0.11666666666666667 0.065625
5 0.09722222222222222 0.7162109375 0.14583333333333334 0.031640625
14 0.5145833333333333 0.7306640625 0.6638888888888889 0.002734375
5 0.9048611111111111 0.7203125 0.11666666666666667 0.0234375
5 0.9173611111111111 0.76484375 0.11666666666666667 0.065625
9 0.4354166666666667 0.76484375 0.6972222222222222 0.021875
14 0.8277777777777777 0.76484375 0.0625 0.02109375
14 0.05555555555555555 0.76484375 0.0625 0.02109375
5 0.175 0.8318359375 0.325 0.054296875
5 0.5 0.8318359375 0.325 0.054296875
5 0.825 0.8318359375 0.325 0.054296875
