14 0.12465277777777778 0.1421875 0.1326388888888889 0.0296875
14 0.21145833333333333 0.2078125 0.30625 0.0296875
14 0.16770833333333332 0.2734375 0.21875 0.0296875
14 0.14444444444444443 0.3390625 0.17222222222222222 0.0296875
14 0.26944444444444443 0.4046875 0.4222222222222222 0.0296875
14 0.1 0.4703125 0.08333333333333333 0.0296875
0 0.0 0.109375 0.0 0.0
0 0.0 0.109375 0.0 0.0
4 0.06805555555555555 0.07109375 0.1361111111111111 0.0765625
14 0.23576388888888888 0.0708984375 0.1798611111111111 0.036328125
