14 0.22743055555555555 0.0708984375 0.16319444444444445 0.036328125
4 0.06805555555555555 0.07109375 0.1361111111111111 0.0765625
0 0.9513888888888888 0.07109375 0.09722222222222222 0.065625
14 0.3072916666666667 0.13828125 0.3173611111111111 0.0296875
5 0.12430555555555556 0.1234375 0.0 0.0
14 0.12430555555555556 0.1234375 0.0 0.0
14 0.9083333333333333 0.1361328125 0.09027777777777778 0.025390625
6 0.0 0.1109375 0.0 0.0
14 0.0 0.1109375 0.0 0.0
5 0.0 0.1109375 0.0 0.0
14 0.0 0.1109375 0.0 0.0
14 0.0 0.1109375 0.0 0.0
14 0.0 0.1109375 0.0 0.0
5 0.0 0.155859375 0.0 0.24609375
