14 0.2857638888888889 0.07109375 0.22152777777777777 0.028125
4 0.06805555555555555 0.07109375 0.1361111111111111 0.0765625
14 0.175 0.0708984375 0.0 0.036328125
5 0.09930555555555555 0.1306640625 0.058333333333333334 0.030078125
14 0.12881944444444443 0.125390625 0.034027777777777775 0.01953125
14 0.09965277777777778 0.1607421875 0.08680555555555555 0.021484375
5 0.29930555555555555 0.1306640625 0.058333333333333334 0.030078125
14 0.32881944444444444 0.125390625 0.034027777777777775 0.01953125
14 0.3 0.1591796875 0.14027777777777778 0.018359375
5 0.5 0.1306640625 0.058333333333333334 0.030078125
14 0.5 0.134375 0.02638888888888889 0.0140625
14 0.5 0.1591796875 0.11527777777777778 0.018359375
5 0.7 0.1306640625 0.058333333333333334 0.030078125
14 0.7 0.1591796875 0.10694444444444444 0.018359375
5 0.8993055555555556 0.1306640625 0.058333333333333334 0.030078125
14 0.9288194444444444 0.125390625 0.034027777777777775 0.01953125
14 0.9 0.1591796875 0.12222222222222222 0.018359375
5 0.0875 0.2296875 0.09722222222222222 0.0546875
14 0.0875 0.2296875 0.09722222222222222 0.0546875
5 0.0875 0.2296875 0.09722222222222222 0.0546875
5 0.03888888888888889 0.20234375 0.0 0.0
14 0.03888888888888889 0.20234375 0.0 0.0
5 0.03888888888888889 0.20234375 0.0 0.0
14 0.03888888888888889 0.20234375 0.0 0.0
5 0.0875 0.2296875 0.09722222222222222 0.0546875
5 0.0 0.1859375 0.0 0.0
14 0.0 0.1859375 0.0 0.0
5 0.0 0.1859375 0.0 0.0
14 0.0 0.1859375 0.0 0.0
14 0.43680555555555556 0.21484375 0.5236111111111111 0.025
14 0.5486111111111112 0.2625 0.7472222222222222 0.0484375
14 0.0 0.1859375 0.0 0.0
14 0.0 0.1859375 0.0 0.0
14 0.8493055555555555 0.2115234375 0.22361111111111112 0.018359375
0 0.0 0.24609375 0.0 0.1203125
5 0.0875 0.35078125 0.09722222222222222 0.0546875
14 0.0875 0.35078125 0.09722222222222222 0.0546875
5 0.0875 0.35078125 0.09722222222222222 0.0546875
5 0.03888888888888889 0.3234375 0.0 0.0
14 0.03888888888888889 0.3234375 0.0 0.0
5 0.03888888888888889 0.3234375 0.0 0.0
14 0.03888888888888889 0.3234375 0.0 0.0
5 0.0875 0.35078125 0.09722222222222222 0.0546875
5 0.03888888888888889 0.3234375 0.0 0.0
14 0.03888888888888889 0.3234375 0.0 0.0
5 0.08715277777777777 0.3482421875 0.014583333333333334 0.008203125
14 0.3545138888888889 0.3357421875 0.3590277777777778 0.024609375
14 0.5486111111111112 0.383203125 0.7472222222222222 0.0484375
14 0.0 0.30703125 0.0 0.0
14 0.0 0.30703125 0.0 0.0
0 0.0 0.3671875 0.0 0.1203125
14 0.0 0.1859375 0.0 0.0
14 0.0 0.1859375 0.0 0.0
6 0.0 0.1859375 0.0 0.0
14 1.0 0.48125 0.0 0.0546875
14 1.0 0.546875 0.0 0.0765625
14 0.5381944444444444 0.594921875 0.09166666666666666 0.0515625
14 0.5381944444444444 0.65625 0.5347222222222222 0.0296875
14 0.5381944444444444 0.7171875 0.5347222222222222 0.05078125
5 0.7010416666666667 0.8248046875 0.20902777777777778 0.123046875
0 0.9107638888888889 0.8728515625 0.14097222222222222 0.079296875
0 0.9107638888888889 0.8728515625 0.14097222222222222 0.079296875
0 0.9107638888888889 0.8728515625 0.14097222222222222 0.079296875
0 0.9104166666666667 0.8837890625 0.17916666666666667 0.101171875
0 0.5 0.4671875 1.0 0.934375
5 0.0 0.44375 0.0 0.0015625
