5 0.42430555555555555 0.079296875 0.37222222222222223 0.065625
5 0.0 0.0328125 0.0 0.0
14 0.0 0.0328125 0.0 0.0
5 0.09166666666666666 0.16953125 0.15833333333333333 0.0546875
14 0.5163194444444444 0.16953125 0.6659722222222222 0.0546875
5 0.09166666666666666 0.25390625 0.15833333333333333 0.0546875
14 0.5163194444444444 0.25390625 0.6659722222222222 0.0546875
5 0.09166666666666666 0.33828125 0.15833333333333333 0.0546875
14 0.5163194444444444 0.33828125 0.6659722222222222 0.0546875
5 0.09166666666666666 0.42265625 0.15833333333333333 0.0546875
14 0.5163194444444444 0.42265625 0.6659722222222222 0.0546875
5 0.09166666666666666 0.50703125 0.15833333333333333 0.0546875
14 0.5163194444444444 0.50703125 0.6659722222222222 0.0546875
5 0.09166666666666666 0.59140625 0.15833333333333333 0.0546875
14 0.5163194444444444 0.59140625 0.6659722222222222 0.0546875
5 0.09166666666666666 0.67578125 0.15833333333333333 0.0546875
14 0.5163194444444444 0.67578125 0.6659722222222222 0.0546875
5 0.09166666666666666 0.76015625 0.15833333333333333 0.0546875
14 0.5163194444444444 0.76015625 0.6659722222222222 0.0546875
5 0.09166666666666666 0.84453125 0.15833333333333333 0.0546875
14 0.5163194444444444 0.84453125 0.6659722222222222 0.0546875
5 0.09166666666666666 0.91796875 0.15833333333333333 0.0328125
14 0.5163194444444444 0.91796875 0.6659722222222222 0.0328125
14 0.9513888888888888 0.1326171875 0.09722222222222222 0.033203125
5 0.9878472222222222 0.1771484375 0.024305555555555556 0.020703125
4 0.9138888888888889 0.065625 0.10972222222222222 0.06015625
5 0.9868055555555556 0.065625 0.02638888888888889 0.06015625
