0 0.4270833333333333 0.0328125 0.0 0.0
0 0.4270833333333333 0.0328125 0.0 0.0
14 0.7135416666666666 0.062890625 0.5729166666666666 0.0546875
14 0.7135416666666666 0.0923828125 0.5729166666666666 0.004296875
14 0.4270833333333333 0.035546875 0.0 0.0
14 0.4270833333333333 0.035546875 0.0 0.0
14 0.4270833333333333 0.035546875 0.0 0.0
14 0.4270833333333333 0.035546875 0.0 0.0
14 0.4270833333333333 0.035546875 0.0 0.0
14 0.4270833333333333 0.035546875 0.0 0.0
14 0.7444444444444445 0.1287109375 0.5111111111111111 0.033203125
14 0.7444444444444445 0.1986328125 0.5111111111111111 0.033203125
14 0.7444444444444445 0.2685546875 0.5111111111111111 0.033203125
14 0.7444444444444445 0.3384765625 0.5111111111111111 0.033203125
14 0.7444444444444445 0.4083984375 0.5111111111111111 0.033203125
14 0.7444444444444445 0.4783203125 0.5111111111111111 0.033203125
5 0.05347222222222222 0.0697265625 0.04861111111111111 0.073828125
14 0.49270833333333336 0.0697265625 0.78125 0.073828125
5 0.9416666666666667 0.0697265625 0.11666666666666667 0.073828125
14 0.0 0.0328125 0.0 0.0
14 0.0 0.0328125 0.0 0.0
14 0.0 0.0328125 0.0 0.0
14 0.0 0.0328125 0.0 0.0
14 0.0 0.0328125 0.0 0.0
14 0.0 0.0328125 0.0 0.0
14 0.0 0.0328125 0.0 0.0
14 0.0 0.0328125 0.0 0.0
14 0.0 0.0328125 0.0 0.0
4 0.25 0.8974609375 0.5 0.068359375
4 0.75 0.8974609375 0.5 0.068359375
14 0.5 0.1380859375 0.9611111111111111 0.041015625
14 0.5 0.2650390625 0.9611111111111111 0.041015625
14 0.9902777777777778 0.1380859375 0.019444444444444445 0.041015625
14 0.9902777777777778 0.2650390625 0.019444444444444445 0.041015625
14 0.5 0.8625 0.975 0.0015625
